Ax,Ay,Az,Gx,Gy,Gz
0.8216162121591195,0.6886886886886886,0.7189689689689689,0.4737359820011511,0.4454593020213823,0.0
0.5201401050788093,0.5275275275275274,0.7525025025025025,0.5017702356244659,0.4951933306590858,0.4997558295690392
0.4658493870402803,0.6626626626626626,0.2104604604604605,1.0,0.0,1.0
0.0,0.9409409409409408,0.0,0.0700158710780124,0.5131084639935818,0.9473045328496432
0.0,0.5392892892892892,0.8123123123123123,0.0144514013638663,0.1081221549784606,0.8029998081518042
0.5208906680010009,0.5275275275275274,0.752002002002002,0.5017248896872875,0.4952229799257024,0.4997715262396009
0.6209657242932201,0.4984984984984984,0.7502502502502502,0.5349617175645743,0.5137345867415456,0.9840225334426288
0.8151113335001252,0.3688688688688688,0.6819319319319319,0.3912831156146991,0.1309817395399131,0.3578771125102464
0.6159619714786091,1.0,0.0,1.0,0.3620123131660184,1.0
0.3367525644233176,0.5975975975975975,0.7867867867867867,0.5309486021242827,0.9306555976071298,0.3705286289830302
0.4893670252689518,0.5050050050050049,0.807057057057057,0.6630761986152048,0.6326141932783369,0.515231002668434
0.4288216162121592,0.6086086086086085,0.6924424424424425,0.3781589549505555,0.3507804733418211,0.0
0.7338003502626972,0.4602102102102101,0.761011011011011,0.5034794286411916,0.512941032840923,0.5060275214957183
0.7353014761070804,0.4446946946946946,0.7312312312312312,0.4940631703786385,0.5076006767009087,0.2310759195632837
0.4283212409306981,0.5710710710710709,0.783033033033033,0.5668102621343983,1.0,0.2483370249577062
0.3332499374530899,0.5082582582582582,0.9604604604604604,0.5043026318084308,0.0,0.070962903535239
0.5203902927195397,0.5277777777777777,0.7530030030030029,0.5018469749027679,0.4951619373179622,0.4997401328984774
0.8809106830122594,0.5427927927927927,0.537037037037037,1.0,1.0,0.229214992064461
0.5206404803602703,0.5277777777777777,0.7530030030030029,0.5018312782322061,0.4951933306590858,0.4997715262396009
0.5484113084813611,0.6243743743743743,0.3966466466466466,0.8360709489509393,0.5931824127526728,0.6090534907651255
1.0000000000000002,0.8663663663663663,0.0,0.974590578509514,0.0016481504089854,0.8098836702303922
0.0,0.3886386386386385,0.0,0.5104696792646982,0.9935137869089768,0.7256588241449675
0.7455591693770329,0.6574074074074073,0.5105105105105104,0.4197743167588119,0.2502589950642692,0.5180982611577166
0.5203902927195397,0.5277777777777777,0.7525025025025025,0.5019080175105081,0.4951619373179622,0.4997401328984774
0.4951213410057544,0.6096096096096095,0.6909409409409408,0.0,0.3750004360186267,0.4083750457819558
0.5419064298223669,0.679179179179179,0.7409909909909909,0.0,0.4661980919824895,0.4541726982576696
0.5961971478608958,0.6621621621621621,0.612112112112112,0.529010935347158,0.0,0.6534000732511293
0.4330748061045785,0.5137637637637636,1.0,0.0007325112928824,0.8035491916214661,0.6146676666027173
0.7177883412559422,0.604104104104104,0.6156156156156156,0.5342292062716919,0.1847916703001552,0.5073094162582625
0.7958468851638731,0.9717217217217216,1.0,0.7002964926661667,0.7835272162826796,0.1993494602089401
0.4998749061796348,0.5475475475475474,0.7807807807807807,0.1544221009121509,0.4961386190418054,0.5296510106911767
0.7275456592444335,0.5915915915915915,0.585085085085085,0.5882833074628948,0.2046601670823377,0.6545755794687549
0.5206404803602703,0.5277777777777777,0.7525025025025025,0.5018469749027679,0.495177633988524,0.4996790902907372
0.5203902927195397,0.528028028028028,0.7522522522522521,0.5018469749027679,0.4951462406474005,0.4996790902907372
0.9224418313735304,1.0,0.1581581581581582,0.0,1.0,0.3514990320386487
0.1238428821616213,0.7922922922922921,0.714964964964965,0.6737726075657952,0.5557929434745452,1.0
0.3667750813109833,0.6739239239239239,0.7765265265265264,0.4592392347001064,0.4415508310515025,1.0
0.9769827370527896,0.7580080080080078,0.0,0.0038456842876327,0.9936358721244573,0.6178122329385911
0.8048536402301728,1.0,1.0,0.0742278110120864,0.9994506165303382,0.3189929713797373
0.5203902927195397,0.5277777777777777,0.752002002002002,0.5018312782322061,0.4952229799257024,0.4996790902907372
0.4701025769326996,0.6889389389389389,0.4256756756756756,0.5834609414514188,0.5050665364424368,0.5576242217067513
0.6087065298974232,0.618118118118118,0.6081081081081081,0.2208975007412317,0.0,0.6629994593369029
0.5223917938453841,0.5275275275275274,0.73998998998999,0.4646877234595462,1.0,0.1700036625564644
0.6847635726795098,0.5487987987987987,0.7137137137137137,0.4518216858224183,0.7353802954462214,0.6046723756038858
0.2982236677508132,1.0,0.0,0.0,0.9488149013725866,0.9507543122242182
1.0000000000000002,0.9747247247247246,1.0,1.0,0.969218829028376,0.4419031341018888
0.495371528646485,0.7167167167167166,0.6286286286286286,0.0,0.7935539006226346,0.6942079285627082
0.2869652239179385,0.6286286286286286,0.7915415415415414,0.5669480440204405,0.7852364092994053,0.3894971833196714
0.516387290467851,0.6516516516516515,0.7505005005005004,1.0,0.7999023318276157,0.4327606955369133
0.7828371278458846,1.0,0.996996996996997,0.0,1.0,0.9680904128224358
0.5208906680010009,0.5272772772772771,0.7527527527527527,0.5018469749027679,0.4952997192040044,0.4997854788356559
0.4285714285714287,0.8293293293293291,0.5698198198198198,0.0,0.3332926382615065,0.4975879449570086
0.6224668501376034,0.5415415415415414,0.7517517517517517,0.527484870153653,0.5370842562394266,1.0
0.8571428571428573,0.9294294294294292,1.0,0.0,1.0,0.963252350140398
0.0668001000750563,0.7322322322322321,0.8203203203203202,0.5740900291260442,0.4770479794896838,0.9157298079773968
0.1641230923192395,0.6554054054054053,0.7382382382382382,0.5956380696583358,0.5203271883774875,0.0805308962798891
0.6960220165123845,0.5455455455455455,0.6864364364364364,0.495864799344228,0.9964595287510682,0.4448174826028568
0.5281461095821868,0.5062562562562561,0.7392392392392392,0.4955281929644034,0.5048537593525996,0.3912517222735755
0.5206404803602703,0.5275275275275274,0.7530030030030029,0.5017702356244659,0.4951619373179622,0.4997854788356559
0.3920440330247687,0.6609109109109108,0.0062562562562563,1.0,0.675162634947765,0.1448994541046793
0.758819114335752,0.6406406406406405,0.622122122122122,0.5029300451715297,0.2631389852974519,0.6975042293806791
0.4653490117588192,0.7249749749749749,0.521021021021021,0.6620838202207998,0.5392660934475121,0.5912273052304795
0.5203902927195397,0.5277777777777777,0.7527527527527527,0.5018469749027679,0.4951933306590858,0.499694786961299
0.5203902927195397,0.5275275275275274,0.7525025025025025,0.5018923208399463,0.4951933306590858,0.4997401328984774
0.5063797848386291,0.5045045045045045,0.7752752752752752,0.3247309765073164,1.0,0.086664806320526
0.5208906680010009,0.527027027027027,0.7525025025025025,0.5018469749027679,0.4952386765962642,0.4997104836318607
0.5208906680010009,0.5275275275275274,0.7530030030030029,0.5018155815616443,0.4951933306590858,0.4997261803024225
0.5206404803602703,0.5277777777777777,0.7515015015015014,0.5018469749027679,0.495177633988524,0.4996790902907372
0.8358769076807608,0.7557557557557556,0.8028028028028027,0.4819767340460784,0.4785740446831888,0.0
0.5203902927195397,0.5275275275275274,0.7527527527527527,0.5018312782322061,0.4951619373179622,0.4997104836318607
0.5061295971978985,0.6293793793793793,0.8010510510510509,1.0,0.5878403125381516,0.5565864973751679
1.0000000000000002,0.902152152152152,0.9679679679679678,1.0,0.0,0.0032509548807924
0.5203902927195397,0.5275275275275274,0.7527527527527527,0.5018016289655894,0.4952090273296475,0.4997401328984774
0.7455591693770329,0.4672172172172171,0.7067067067067067,0.5331914819401085,0.4854422100912151,0.7469940875874217
0.5281461095821868,0.7152152152152151,0.52002002002002,0.973568550848492,0.5791269163018644,0.5715262396009557
0.7595696772579437,0.325075075075075,0.7790290290290289,0.5017405863578492,0.4609780769834487,0.8248530617227967
0.4645984488366276,0.6238738738738737,0.7157157157157157,0.4436419763852312,0.3770305387446152,0.0
0.675256442331749,0.5995995995995995,0.5785785785785785,0.5408985471859358,0.3763119800477876,0.6494009104068925
0.3167375531648737,0.523023023023023,0.724974974974975,0.5901913249734029,0.1928649911924237,0.6013307288487364
0.1803852889667251,0.7937937937937937,0.0,0.0,0.0,0.5172297120532989
0.0,0.8308308308308308,0.0755755755755756,0.0,0.0,0.0
0.6922692019014263,0.5200200200200199,0.7119619619619619,0.5081500601705705,0.4774456284772485,0.0
0.5121341005754317,0.669169169169169,0.4852352352352352,1.0,0.6759701414444426,0.467846242391475
0.531898924193145,0.6736736736736736,0.6183683683683683,1.0,0.7105063048293423,0.3740237542947835
0.5203902927195397,0.5275275275275274,0.7527527527527527,0.5018312782322061,0.4950712454436053,0.4997261803024225
0.5203902927195397,0.5272772772772771,0.7522522522522521,0.5018312782322061,0.495177633988524,0.4997261803024225
0.5326494871153367,0.6954454454454453,0.4569569569569569,0.9992517920365558,0.6952142595531681,0.5120864363325601
0.5861896422316739,0.5503003003003002,0.7575075075075075,0.5148943962886094,0.5506496677538064,1.0
0.2924693520140106,0.6511511511511511,0.7327327327327327,0.5695728761532692,0.5114446169140345,1.0
0.4313234926194647,0.7677677677677677,0.7197197197197197,0.4538064426112284,0.4091999930237019,0.0
0.5306479859894923,0.7152152152152151,0.7452452452452452,0.4274046427263372,0.3564434832656051,0.0
0.5046284713535153,0.844094094094094,0.7557557557557557,0.0,0.1476463714529884,0.4630692223171774
0.4886164623467602,0.767017017017017,0.5530530530530531,0.0,0.2814517676195127,0.5348710256902175
0.3422566925193896,0.5688188188188187,0.0,0.9782984809111046,0.3397317613408445,0.530550953136718
0.641981486114586,0.601101101101101,0.76001001001001,0.4819767340460784,0.4331286952578614,0.0
0.5206404803602703,0.5275275275275274,0.7517517517517517,0.5018155815616443,0.4951322880513455,0.4997261803024225
0.3705278959219416,0.4912412412412411,0.6258758758758758,0.6179500148246333,0.3429373702844586,0.6164535988977449
0.4015511633725295,0.572072072072072,0.8323323323323323,0.4806948392835342,0.8069222317177389,0.3579381551179866
1.0000000000000002,1.0,0.0,0.0,0.9994820098714616,0.0970734429774839
0.6422316737553166,0.4734734734734734,0.7349849849849849,0.5006418194185256,0.4547674276645098,0.0480562289621013
0.0,0.5635635635635634,0.4334334334334334,0.5310410380731465,0.4781170971623907,0.0
0.5206404803602703,0.5275275275275274,0.7532532532532532,0.5019080175105081,0.4951165913807838,0.4996790902907372
0.5203902927195397,0.537037037037037,0.766016016016016,0.0,0.6763363970908837,0.5862689014074681
0.6987740805604205,0.4934934934934934,0.7575075075075075,0.5063484312049811,0.504822366011476,0.647996930428868
0.8001000750562923,0.5485485485485484,0.7717717717717717,0.5347018504630517,0.48391614489771,1.0
0.5206404803602703,0.5277777777777777,0.7522522522522521,0.5018312782322061,0.4951619373179622,0.4997104836318607
0.1233425068801601,0.6549049049049048,0.8095595595595595,0.52763660463575,0.5021364912709071,0.6674241763608141
0.4726044533400051,0.7397397397397396,0.487987987987988,0.657245757538762,0.5358773566806774,0.6167745086070077
0.3890417813360021,0.6346346346346345,0.776026026026026,0.6347977745609292,0.5819802221950922,0.7213561923365366
0.7655741806354768,0.4481981981981981,0.752002002002002,0.5135357622477632,0.527713343914052,0.0599124474597554
0.4140605454090569,0.5117617617617617,0.7182182182182182,0.5877949666009732,0.0,0.89404572963357
0.5203902927195397,0.5275275275275274,0.7522522522522521,0.5018766241693845,0.4951619373179622,0.4997401328984774
0.3264948711533652,0.646146146146146,0.7735235235235235,0.533833301358634,0.5302317875019621,1.0
0.5206404803602703,0.5272772772772771,0.752002002002002,0.5018155815616443,0.4951933306590858,0.4997558295690392
0.1333500125093821,0.9359359359359358,0.0,1.0,0.0301236548825366,0.7438948671887263
0.8373780335251441,0.4449449449449448,0.745995995995996,0.5009313357866648,0.497085651499032,0.9901721401538274
0.3880410307730799,0.5015015015015014,0.745995995995996,0.4889216387324066,0.0,0.7569736819156914
0.4000500375281462,0.8903903903903903,0.0,0.0,1.0,0.5842701920226032
0.4978734050537904,0.837087087087087,0.6491491491491491,0.7475731203237002,0.5480858782287179,1.0
0.6467350512884665,0.6726726726726726,0.8063063063063063,0.5432181662800635,0.5318642412403858,1.0
0.3447585689266951,0.5758258258258258,0.8696196196196195,0.551901913249734,0.6186214835097755,0.5175488776880548
0.0112584438328747,0.9994994994994992,0.1263763763763764,0.0,0.1812808483178401,0.0502537628407486
0.521391043282462,0.5272772772772771,0.7517517517517517,0.5018155815616443,0.4951165913807838,0.4997715262396009
0.7197898423817866,0.517017017017017,0.7382382382382382,0.4813506112981146,0.4497619338298132,0.4746376685211992
0.9041781336002004,0.3613613613613612,0.7124624624624624,0.5014196766485864,0.4785897413537506,0.426199487242095
0.4165624218163624,0.559059059059059,0.8983983983983983,0.6267541029352774,0.9002249856113853,0.326211695763643
0.5201401050788093,0.5275275275275274,0.7525025025025025,0.5018766241693845,0.4952229799257024,0.4997558295690392
0.0673004753565174,1.0,0.0,0.0063798245461046,1.0,1.0
0.7020265198899176,0.5845845845845845,0.5728228228228228,0.2515565864973752,0.0934405357796885,0.5612100388928615
0.0245183887915937,0.7497497497497496,0.7765265265265264,0.5166960252541989,0.5189999476777648,0.8395800268587474
0.5206404803602703,0.5275275275275274,0.7517517517517517,0.5018609274988227,0.495177633988524,0.4997558295690392
0.1598699024268202,0.629129129129129,0.6203703703703703,0.5146955717948271,1.0,0.3268378185116068
0.6917688266199651,0.4684684684684684,0.6951951951951951,0.4656330118422659,0.4721349216038509,0.0
0.7230422817112836,1.0,1.0,0.0,1.0,0.4269163018644156
0.5203902927195397,0.5277777777777777,0.7527527527527527,0.5018312782322061,0.495254373266826,0.499694786961299
0.5203902927195397,0.5277777777777777,0.7525025025025025,0.5017859322950277,0.4951933306590858,0.4997715262396009
0.5251438578934202,0.6926926926926926,0.6706706706706707,1.0,0.5799361668730488,0.4760556010952788
0.6915186389792346,0.5232732732732732,0.6634134134134133,0.4951619373179622,0.0,0.6745051188586777
0.0,0.5948448448448448,1.0,0.0,0.3448750370615833,0.8319340042206602
0.3825369026770079,0.5600600600600599,0.7307307307307307,0.39404572963357,0.4610705129323125,0.1151717041352006
0.5273955466599951,0.6233733733733733,0.7562562562562563,0.4726075657952108,0.3918935416921011,0.0
0.4923692769577184,0.427177177177177,0.6393893893893894,0.4233147880077437,0.0,0.8412438739382946
0.4555916937703279,0.7224724724724724,0.0,0.9540959589793676,1.0,1.0
0.5856892669502128,0.5225225225225224,0.5397897897897898,0.5546645272686049,0.0,0.7944852364092994
0.5616712534400802,0.6008508508508508,0.7312312312312312,0.0,0.4882030800355791,0.5336955194725919
0.5193895421566176,0.6986986986986986,0.5690690690690691,1.0,0.5782723197935016,0.4948567242792612
0.5113835376532401,0.7427427427427427,0.6193693693693694,1.0,0.8729406840260217,0.4094581160507177
0.43832874655992,0.8325825825825824,0.2977977977977978,0.0,1.0,0.3590979646650505
0.5203902927195397,0.5275275275275274,0.7522522522522521,0.5018016289655894,0.4952386765962642,0.4997261803024225
0.3877908431323493,0.5037537537537536,0.7484984984984985,0.6698658806704223,0.1085337565620803,0.6385963688368768
0.6297222917187892,0.5417917917917917,0.8873873873873873,0.0,0.8494235833754817,1.0
0.961471103327496,0.2074574574574574,0.7585085085085085,0.4952229799257024,0.4831068943265256,0.1923452569893786
0.6069552164123093,0.4702202202202201,0.8423423423423423,0.2064914453145439,1.0,0.3114097354238972
0.0993244933700275,1.0,0.2157157157157157,0.8589462301829534,1.0,0.0
0.7075306479859896,0.4754754754754754,0.781031031031031,0.512482341245618,0.4662434379196679,0.6366290527931353
0.4295721791343508,0.4134134134134133,0.9797297297297296,0.0057066117864555,0.8769381027957515,0.3937858625320474
0.5881911433575183,0.5585585585585585,0.7197197197197197,0.5499781990686642,0.7118945881368052,0.5043340251495544
0.5534150612959721,0.8968968968968967,0.6709209209209209,0.4634965205713588,0.4882641226433193,0.0
0.4816112084063048,0.7014514514514514,0.4997497497497497,0.0,0.1507141985105604,0.6865305125834975
0.357017763322492,0.6486486486486486,0.3338338338338338,1.0,0.8254024451924586,0.440666585276523
0.4811108331248437,0.6704204204204203,0.7349849849849849,1.0,0.6417862811099291,0.523347925423374
0.3557668251188393,0.5365365365365364,0.8373373373373373,0.4669462999459337,1.0,0.1912621867206167
0.0,0.5350350350350349,0.9311811811811812,0.7678863561051328,0.9960775764340652,0.9687915307741948
0.3595196397297974,0.5603103103103102,0.7154654654654654,0.6135845963339553,0.5814308387254303,0.4217887228142386
0.5206404803602703,0.5275275275275274,0.7530030030030029,0.5018923208399463,0.4951462406474005,0.4997715262396009
0.5203902927195397,0.5277777777777777,0.7525025025025025,0.5018312782322061,0.495177633988524,0.4997401328984774
0.5196397297973482,0.5277777777777777,0.7530030030030029,0.5018923208399463,0.495177633988524,0.4997261803024225
0.4573430072554417,0.7817817817817816,0.5137637637637638,0.0,0.3379022271831453,0.4127858102098122
1.0000000000000002,1.0,0.0,0.0,1.0,0.1909255803407921
0.4548411308481362,0.592092092092092,0.7565065065065064,0.0,0.4655266232973473,0.2886861886739801
1.0000000000000002,0.9414414414414412,0.0,0.0,1.0,0.2072239566074262
0.304978734050538,0.6278778778778777,0.8288288288288288,0.5496572893594014,0.8992029579503635,0.2954462214625809
0.5083812859644735,0.6173673673673673,0.4054054054054054,0.3529187086872351,0.5622931091616233,0.5548005650801402
0.2599449587190394,0.562062062062062,0.7547547547547546,0.0,0.4242304271238467,0.4801768491549959
0.6312234175631726,0.6076076076076075,0.516016016016016,0.5188168198545442,0.0,0.7953241362471004
0.4886164623467602,0.5450450450450449,0.7477477477477477,0.206170535605281,0.4254373266825959,0.4299387829848091
0.5429071803852891,0.5943443443443442,0.7207207207207207,0.4715087988558871,0.5442401939410851,1.0
0.495371528646485,0.7377377377377377,0.5065065065065065,0.002213230549209,0.3412438739382947,0.460032788600729
0.6524893670252692,0.7917917917917916,0.7274774774774775,0.4159600258123027,0.458048031811919,0.0
0.3890417813360021,0.6073573573573573,0.7462462462462462,0.4029579503636395,0.4389573922597973,0.0
0.028771578684013,0.6879379379379378,0.8035535535535534,0.5576695676439297,0.5089889600083716,0.8571602978879258
0.5206404803602703,0.5272772772772771,0.752002002002002,0.5018016289655894,0.4953154158745662,0.4997261803024225
0.5203902927195397,0.5272772772772771,0.752002002002002,0.5018609274988227,0.495254373266826,0.4997401328984774
0.9309482111583688,0.7032032032032031,1.0,0.0,0.6605124090901163,0.6869281615710623
0.0,1.0,0.2167167167167167,0.0,0.6571847149310218,0.856534175139962
0.5206404803602703,0.5275275275275274,0.752002002002002,0.5019080175105081,0.4952386765962642,0.499694786961299
0.7660745559169378,0.5843343343343342,0.555055055055055,0.5149711355669114,0.6378185116068158,0.5784397509461604
0.7783337503127348,0.8245745745745745,0.0065065065065065,1.0,0.229061513507857,0.0
0.7773329997498126,0.5635635635635634,0.72997997997998,0.496093273104627,0.4846172628494689,1.0
0.6462346760070055,0.6984484484484483,0.8185685685685685,0.5508641889181506,0.5351605420583567,1.0
0.5051288466349764,0.518018018018018,0.8303303303303302,0.3043741388632122,1.0,0.0945236060484503
0.4718538904178135,0.5225225225225224,0.7677677677677677,0.6054816261750702,0.0275598653574481,0.8772433158344525
0.3567675756817614,0.5427927927927927,0.7232232232232232,0.6993041142717618,0.4864188918150583,0.4060711233583898
0.4533400050037529,0.7767767767767766,0.6448948948948948,0.0,0.1864555173797025,0.5360447878333362
0.451088316237178,0.4949949949949949,0.7124624624624624,0.2709977850253763,0.4681811046967926,0.4974362104749115
0.2021516137102827,0.5808308308308308,0.5928428428428428,0.5663829638802169,1.0,0.2369063606397265
0.388541406054541,0.592092092092092,0.7622622622622621,0.4434588485620105,0.491194167814849,0.4353558784031254
0.3440080060045035,0.5332832832832832,0.8826326326326326,0.3918168024137991,1.0,0.1088075762596578
0.359769827370528,0.4757257257257256,0.6586586586586586,0.6436175593421352,0.4331740411950399,0.5033416467551494
0.5203902927195397,0.5275275275275274,0.7517517517517517,0.5018923208399463,0.4952997192040044,0.4997261803024225
1.0000000000000002,1.0,0.0,0.0,1.0,0.5338629506252507
0.6467350512884665,0.4176676676676676,0.7582582582582582,0.4972530826516909,0.4553778537419118,0.786244484364372
0.536902677007756,0.4552052052052051,0.7622622622622621,0.6923156077227619,0.5904354954043637,0.5025637895250885
0.5208906680010009,0.5275275275275274,0.7532532532532532,0.5017702356244659,0.4951462406474005,0.4997401328984774
0.9689767325494124,0.939189189189189,0.0,0.00956799274465,1.0,0.0539616652423391
0.6282211658744059,0.5232732732732732,0.587087087087087,0.4641522925859392,0.0,0.952920452761742
0.4811108331248437,0.7745245245245245,0.6966966966966966,0.000992378394405,0.4615588537942341,0.5650871165216178
0.8991743807855894,0.601101101101101,0.7394894894894894,0.5224479829778328,0.5195022411357413,0.0
0.6052039029271955,0.5508008008008007,0.7632632632632632,0.4766660271726808,0.5163594188743743,1.0
0.307730798098574,0.5545545545545545,0.6076076076076076,0.3008476202103354,1.0,0.2740359628163315
0.5198899174380787,0.528028028028028,0.7522522522522521,0.5018312782322061,0.495254373266826,0.4997401328984774
0.4821115836877659,0.8000500500500499,0.6398898898898899,1.0,0.7475277743865218,0.4755672602333571
0.4951213410057544,0.6826826826826826,0.6861861861861861,1.0,0.8356419066222509,0.4445890088424578
0.6997748311233427,0.6826826826826826,0.7407407407407407,0.5323979280394858,0.4651289743097825,1.0
0.5201401050788093,0.5275275275275274,0.7522522522522521,0.5018155815616443,0.4952840225334426,0.4997261803024225
0.5206404803602703,0.5272772772772771,0.7525025025025025,0.5018766241693845,0.4951933306590858,0.4996651376946823
0.5173880410307732,0.4997497497497496,0.752002002002002,0.7093151019411549,0.5640633447860892,0.5275912586985716
0.7305479109332,0.6256256256256255,0.591091091091091,0.4700734255367389,0.375213213108464,0.6691804593892251
1.0000000000000002,0.8506006006006004,1.0,0.9799169820534732,0.0132758951462407,0.6919336554057589
0.5399049286965225,0.5723223223223222,0.7212212212212212,0.4574376057345169,0.5540541011912029,0.4602455656905663
0.5203902927195397,0.5277777777777777,0.7527527527527527,0.5019219701065629,0.4951462406474005,0.4997558295690392
0.4911183387540657,0.6829329329329328,0.7712712712712713,1.0,0.7439716064670283,0.4996023510124353
0.5486614961220917,0.5918418418418417,0.606106106106106,0.0,0.3095924097877461,0.5892756858572998
0.4688516387290469,0.7117117117117115,0.4456956956956956,0.8517588991401712,0.6744144269843207,0.5619425501857439
0.5203902927195397,0.5275275275275274,0.7525025025025025,0.5019080175105081,0.4951322880513455,0.4997401328984774
0.5724293219914938,0.4459459459459459,0.6976976976976976,0.0522228229589967,0.3892844062298341,0.4632227008737813
0.2586940205153866,0.6536536536536536,0.7317317317317317,0.6040619495264837,0.4811535308788391,0.9970385614873468
0.5206404803602703,0.5277777777777777,0.7525025025025025,0.5018766241693845,0.4952683258628809,0.4997558295690392
0.2101576182136603,0.5127627627627627,0.7134634634634633,0.6212306189720425,0.5590578509513926,0.5311474266180651
0.4050537903427572,0.5638138138138137,0.7707707707707707,0.5163594188743743,0.4865863229677172,0.0
0.1035776832624469,0.7527527527527527,1.0,1.0,1.0,0.0
0.3805354015511635,0.6006006006006005,0.694944944944945,0.5015714111306835,0.7808413415421107,0.3919092383626629
0.3087315486614962,0.9166666666666664,0.0,0.865172576172454,0.7475888169942619,0.0
0.0,1.0,0.0,0.0034951253117533,0.0,0.0
0.3997998498874157,0.5768268268268267,0.7722722722722721,0.5148647470219928,0.5014650225857649,0.2425222805518251
0.5143857893420066,0.6243743743743743,0.7254754754754754,1.0,0.6086401451069989,0.5134136770322828
0.5344008006004505,0.7052052052052051,0.477977977977978,0.0,0.1995325880321607,0.5999877914784519
0.5744308231173382,0.614114114114114,0.7119619619619619,0.0,0.4857927690670945,0.4613757259710135
1.0000000000000002,1.0,0.0,0.9878071751225213,0.0,0.749268360744371
0.5491618714035528,0.9977477477477475,0.6546546546546546,1.0,1.0,0.0
0.5243932949712286,0.6318818818818818,0.8175675675675675,0.5495212515478661,0.5668416554755219,1.0
0.4378283712784589,0.7762762762762762,0.7172172172172171,1.0,0.5423182238345222,0.4789856462668085
0.5201401050788093,0.5307807807807807,0.761011011011011,0.5020457993965503,0.495177633988524,0.4997854788356559
0.4505879409557169,0.7179679679679678,0.7289789789789789,0.0,0.3975862008825017,0.4109231386364825
0.5206404803602703,0.5275275275275274,0.7522522522522521,0.5017859322950277,0.4951933306590858,0.4997104836318607
0.203152364273205,1.0,0.0,1.0,1.0,0.5627221514903117
0.318238679009257,0.6073573573573573,0.7487487487487487,0.4303207353018121,0.4534244902942254,0.5627831940980519
0.6680010007505631,0.8731231231231229,0.7494994994994995,0.5441041561295499,0.5149850881629663,1.0
0.7202902176632476,0.4887387387387386,0.7537537537537538,0.4606728639447477,0.470669899018086,0.0
0.3945459094320742,0.5245245245245245,0.7662662662662663,0.4796728116225125,0.0,0.6669829255105778
0.6107080310232675,0.5357857857857857,0.7607607607607607,0.5008092505711844,0.495406107748923,0.0
0.7478108581436078,1.0,0.7337337337337337,0.0,0.9303189912273052,1.0
0.0,1.0,0.0,0.0,0.382630761986152,0.2550360151385667
0.5156367275456594,0.5117617617617617,0.8135635635635635,0.4017667474754521,1.0,0.3155588886757242
0.4776082061546161,0.554054054054054,0.741991991991992,0.0,0.3932521757329473,0.4579259465964386
0.7190392794595949,0.6251251251251251,0.7565065065065064,0.5495509008144828,0.5755550517118091,1.0
0.4280710532899676,0.4784784784784784,0.8293293293293292,0.3672009348239357,1.0,0.1805483370249577
0.0,1.0,0.1501501501501501,1.0,0.0,1.0
0.7365524143107332,0.4577077077077076,0.7572572572572571,0.4975879449570086,0.5193348099830825,0.8234333850742104
0.8193645233925446,0.5955955955955955,0.3608608608608608,1.0,1.0,0.6304637494113748
0.1413560170127596,0.6751751751751751,0.8058058058058057,0.5494898582067426,0.5094459075291696,0.7570190278528699
0.8111083312484365,0.4001501501501501,0.7497497497497497,0.4975739923609537,0.5086994436402323,0.7224392626052984
0.5203902927195397,0.5272772772772771,0.7525025025025025,0.5018609274988227,0.4952090273296475,0.4997261803024225
0.4716037027770829,0.7239739739739739,0.5495495495495495,0.0,0.1601444093691682,0.3582747614978112
0.0177633224918689,0.6188688688688687,0.7972972972972973,0.5887106057170762,0.5026858747405689,0.9492892896384532
0.8408806604953718,0.4074074074074073,0.6971971971971972,0.5153984338210928,0.4649161972199452,0.1726895372970333
0.9281961471103328,0.9054054054054052,1.0,0.0,1.0,0.6497375167867171
0.1976482361771329,0.6233733733733733,0.0,0.0460418229066745,0.0,0.2688630378289761
0.9244433324993748,0.4792292292292291,0.7672672672672671,0.4900343582677852,0.4796571149519507,0.0
0.0,1.0,1.0,0.7664509827859847,0.7321746865026074,1.0
0.5206404803602703,0.5275275275275274,0.7527527527527527,0.5018016289655894,0.495254373266826,0.4997401328984774
0.5133850387790845,0.7442442442442441,0.505005005005005,0.0,0.4197289708216335,0.4614053752376301
0.4343257443082313,0.6156156156156155,0.6541541541541541,0.0,0.4179290859305509,0.4393079512356768
0.5208906680010009,0.5275275275275274,0.7522522522522521,0.5017859322950277,0.4951933306590858,0.4997104836318607
0.560670502877158,0.6106106106106105,0.7527527527527527,1.0,0.5159635139613165,0.5178697873973176
0.5206404803602703,0.5275275275275274,0.7522522522522521,0.5018312782322061,0.4951619373179622,0.4996790902907372
0.5203902927195397,0.5275275275275274,0.7525025025025025,0.5019080175105081,0.4952386765962642,0.4997261803024225
0.3955466599949964,0.5715715715715715,0.2952952952952953,0.9869979245513368,0.9665329542878072,0.0
0.5201401050788093,0.5275275275275274,0.7525025025025025,0.5018469749027679,0.4952229799257024,0.499694786961299
1.0000000000000002,0.6148648648648648,0.8956456456456456,0.7200742975739923,0.0,0.666447494636971
0.6482361771328498,0.5528028028028027,0.555055055055055,0.4981844184383557,0.0,0.6548337024957707
0.0,0.5908408408408408,1.0,0.0,0.4129985872996494,0.9498840190452936
0.4388291218413812,0.5392892892892892,0.7942942942942943,0.7076669515321694,0.1940858433472278,0.6778624622843887
0.5521641230923193,0.7197197197197196,0.6076076076076076,0.0,0.1766119608629681,0.6059246210998134
0.6567425569176885,0.6261261261261261,0.5730730730730731,0.6020928894082355,0.0,0.7324049043375133
0.4916187140355267,0.7019519519519518,0.4737237237237237,0.0935940143362925,0.3279522821214922,0.6724296701955108
0.5206404803602703,0.5277777777777777,0.7530030030030029,0.5018609274988227,0.4951462406474005,0.4998011755062176
0.5103827870903179,0.527027027027027,0.7510010010010009,0.3223346181348867,0.3973716797181575,0.4613600293004517
0.5203902927195397,0.5275275275275274,0.752002002002002,0.5018155815616443,0.4951933306590858,0.4997854788356559
0.5203902927195397,0.5277777777777777,0.7527527527527527,0.5018766241693845,0.4951933306590858,0.4996651376946823
0.2514385789342007,0.5798298298298298,0.7682682682682682,0.4549662521582922,1.0,0.3334304201475487
0.5308981736302228,0.5402902902902902,0.788038038038038,0.5488340861921621,0.5350384568428763,0.0
0.4833625218914187,0.6716716716716715,0.4096596596596596,0.6107923330484678,0.5612867781711635,0.6092052252472225
0.5206404803602703,0.5272772772772771,0.7527527527527527,0.5018469749027679,0.4951322880513455,0.4997401328984774
0.5203902927195397,0.528028028028028,0.7530030030030029,0.5018766241693845,0.4951462406474005,0.4997558295690392
0.4618463847885916,0.7920420420420419,0.7164664664664664,1.0,0.8828295864799344,0.3886286342152537
0.5111333500125095,0.4737237237237236,0.7965465465465464,0.2006784449831696,1.0,0.1171861101906273
0.4593445083812861,0.8143143143143141,0.5823323323323323,0.0,0.3523379318764498,0.5413554947067338
0.2019014260695522,0.8225725725725724,0.795045045045045,0.5721837556900431,0.4677538064426112,1.0
0.0,1.0,0.2417417417417418,0.0,0.2956293492858015,0.945244780857038
0.3895421566174632,0.5518018018018017,0.8696196196196195,0.4697839091685997,1.0,0.356215009505206
0.5258944208156119,1.0,0.9767267267267266,0.0,0.7811779479219352,1.0
0.503627720790593,0.6949449449449449,0.607107107107107,1.0,0.4530739313183459,0.517458185813698
0.6629972479359522,0.6068568568568568,0.5583083083083082,0.6454802309154647,0.1796780438460331,0.7309555784223102
0.5381536152114087,0.7585085085085084,0.5085085085085085,1.0,0.7234926836074437,0.446252855922005
0.6574931198398801,0.5910910910910909,0.6671671671671671,0.4352023998465214,0.586588067042224,0.5108045415700159
0.5929447085313987,1.0,1.0,0.0,0.9986867118963324,0.6343844289028027
0.4345759319489618,0.7850350350350348,0.6666666666666666,1.0,0.6478905418839493,0.4556987634511746
0.5098824118088567,0.6999499499499499,0.5127627627627628,1.0,0.6876606728639447,0.5532134572788949
0.4783587690768077,0.4634634634634634,0.6844344344344344,0.4506322270087378,1.0,0.4179901285382911
0.5751813860395298,0.6749249249249248,0.6033533533533533,0.4335699461080977,0.0,0.7230653853532623
0.3732799599699776,0.553053053053053,0.7074574574574574,0.5627361040863665,0.7320682979576887,0.54111306835028
0.4861145859394547,0.7034534534534533,0.4649649649649649,0.4977257268430507,0.52710291783665,0.6121195737481905
0.4465849387040281,0.5072572572572571,1.0,0.0,0.6091441826394823,0.7153286708408183
0.394045534150613,0.559059059059059,0.7042042042042042,0.7096046183092941,0.0453232642098471,0.8318886582834819
0.581686264698524,0.582082082082082,0.7174674674674675,0.5313445070373406,0.8806006592601636,0.4847236513943875
0.5201401050788093,0.5277777777777777,0.7522522522522521,0.5018312782322061,0.495177633988524,0.4996790902907372
0.5081310983237429,0.5588088088088087,0.7777777777777777,0.0,0.2945602316130945,0.5631180564033695
0.4861145859394547,0.4907407407407406,0.6729229229229229,0.4216980309398818,0.0,0.7250483980675655
0.5456592444333251,0.7627627627627627,0.5425425425425425,1.0,0.7649249175924795,0.5558539860822854
0.2546910182636979,0.6851851851851851,0.7907907907907907,0.4131067199190749,0.4586741545598828,0.0
0.4435826870152616,0.5277777777777777,0.5955955955955956,0.5231665416746604,0.5184802134747196,0.5906186232275843
0.7345509131848889,0.9517017017017017,0.991991991991992,1.0,0.0895041596176988,0.0388387951933306
0.5203902927195397,0.5277777777777777,0.7527527527527527,0.5018155815616443,0.4951322880513455,0.4996790902907372
0.5203902927195397,0.5275275275275274,0.7525025025025025,0.5018766241693845,0.495177633988524,0.4997401328984774
0.6790092569427072,0.5865865865865865,0.5165165165165165,0.3043584421926505,0.3410764427856358,0.5535029736470342
0.4906179634726046,0.5858358358358358,0.8295795795795795,0.2312137014493259,0.4906901302823657,0.4281981966269599
0.5091318488866652,0.8978978978978978,0.4914914914914914,1.0,0.0,0.5670090866281807
0.5206404803602703,0.5275275275275274,0.7527527527527527,0.5018312782322061,0.4952683258628809,0.4997104836318607
0.5203902927195397,0.5275275275275274,0.752002002002002,0.5018469749027679,0.4951933306590858,0.4997261803024225
0.4816112084063048,0.5608108108108107,0.7477477477477477,0.5165582433681567,0.4800844132061321,0.4158675898634389
0.6820115086314738,0.5648148148148147,0.6306306306306306,0.65311055688299,0.0045624989099534,0.6803198632645586
0.3902927195396548,0.4677177177177176,0.771021021021021,0.4846015661789071,0.4515164727837173,0.8671416362907023
0.7035276457343009,0.5563063063063062,0.6504004004004004,0.4205068280516943,0.9732319444686676,0.5359994418961578
0.3014761070803103,0.6133633633633633,0.6959459459459459,0.5782566231229398,0.5681531995046828,0.657474231299161
0.4913685263947962,0.6786786786786786,0.5002502502502503,0.3542145560458343,0.4985035840731116,0.4920330676526501
0.8756567425569178,0.9126626626626624,0.7712712712712713,0.0,1.0,1.0
0.7370527895921943,0.6298798798798798,0.497997997997998,0.5662312293981199,0.3369708913964804,0.6790536651725761
0.5126344758568928,0.7352352352352352,0.4937437437437437,1.0,0.6981896506618763,0.670263529657987
0.8181135851888919,0.8816316316316315,0.7875375375375375,0.0,1.0,1.0
0.5201401050788093,0.5272772772772771,0.752002002002002,0.5017545389539041,0.4952386765962642,0.4997558295690392
0.2041531148361272,0.5863363363363362,0.8225725725725725,0.4638784728883618,0.9835184959101452,0.2114219439454454
0.2006504878658995,0.7730230230230228,0.2404904904904904,1.0,1.0,1.0
0.5203902927195397,0.5275275275275274,0.7525025025025025,0.5018155815616443,0.4952229799257024,0.499694786961299
0.5203902927195397,0.5275275275275274,0.7525025025025025,0.5018609274988227,0.495177633988524,0.4997401328984774
0.5203902927195397,0.5275275275275274,0.7530030030030029,0.5018923208399463,0.4952229799257024,0.4997715262396009
0.5203902927195397,0.5277777777777777,0.7522522522522521,0.5018469749027679,0.4952683258628809,0.4997104836318607
0.3992994746059546,0.4972472472472471,0.6241241241241241,0.6097546087168844,9.06918743569518e-05,0.7312293981198876
0.5166374781085816,0.8373373373373372,0.5725725725725725,1.0,0.5600362767497428,0.4944294260250798
0.5203902927195397,0.5275275275275274,0.7530030030030029,0.5018609274988227,0.4951619373179622,0.4997401328984774
0.6572429321991495,0.6063563563563562,0.7027027027027026,0.5424699583166193,0.6834033869926923,1.0
1.0000000000000002,0.5595595595595595,0.1156156156156156,0.6536442436820901,0.0235310532465947,0.7458185813697961
0.0,1.0,0.1881881881881881,0.1891099987791478,0.2951567050944417,1.0
0.9882411808856644,0.6961961961961961,1.0,0.1364459249699147,0.8027556377208435,0.5551511240560196
0.5201401050788093,0.528028028028028,0.7522522522522521,0.5018155815616443,0.4952840225334426,0.499694786961299
0.9787340505379036,1.0,0.5898398398398398,1.0,0.0,0.3571759945584875
0.4518388791593696,0.5795795795795795,0.6801801801801801,0.3192074925440815,0.4223241536878455,1.0
0.362521891418564,0.596096096096096,0.872122122122122,0.4506775729459162,0.959117149484626,0.3266546906883862
0.7127845884413312,0.4664664664664664,0.7487487487487487,0.5194272459319462,0.4957427141287476,0.6696374069100232
0.5496622466850138,0.6313813813813813,0.5905905905905906,0.0,0.3894675340530548,0.5073565062699479
0.5203902927195397,0.5275275275275274,0.7522522522522521,0.5018312782322061,0.4952090273296475,0.4996790902907372
0.591693770327746,0.664164164164164,0.6228728728728729,1.0,0.0,0.380112318398242
0.4560920690517889,0.7189689689689689,0.4304304304304304,0.6504246821424211,0.6023074105725796,0.6674695222979926
0.5206404803602703,0.5277777777777777,0.7532532532532532,0.5017859322950277,0.4951619373179622,0.4997715262396009
0.7430572929697274,0.6028528528528527,0.546046046046046,0.537358075937004,0.6120742278110121,0.6220538221392817
0.1598699024268202,0.6859359359359358,0.3398398398398398,0.7947294068402602,1.0,1.0
0.5206404803602703,0.5275275275275274,0.752002002002002,0.5018312782322061,0.4952229799257024,0.4997261803024225
0.8526394796097074,0.6759259259259258,1.0,0.0,1.0,0.6926347733575178
0.5161371028271204,0.4136636636636636,0.7522522522522521,0.491958072448855,0.5111097546087169,0.4647330693967246
0.7242932199149363,0.622122122122122,0.7287287287287287,0.4995430524792019,0.4853340774717896,1.0
0.5018764073054792,0.5778278278278277,0.7407407407407407,0.6637005772886617,0.5261419327833685,0.4888745487207213
1.0000000000000002,0.7517517517517516,0.4041541541541541,1.0,0.5349320682979577,1.0
0.490367775831874,0.5575575575575574,0.7630130130130129,0.6301724889687288,0.0,0.8714285714285714
0.6002001501125847,0.5593093093093092,0.836086086086086,0.6238101051676928,0.4866159722343338,0.0
0.3942957217913436,0.97022022022022,0.3796296296296296,0.7271395434012942,0.3615257163786037,0.0
0.5511633725293972,0.5823323323323323,0.8330830830830831,0.12600763904634,0.5679404224148455,0.4441617105882763
0.5806855141356019,0.4767267267267266,0.7712712712712713,0.8702234159443292,0.0,0.5298951811221375
0.5206404803602703,0.5277777777777777,0.7527527527527527,0.5018609274988227,0.495100894710222,0.4998168721767794
0.5203902927195397,0.5277777777777777,0.7530030030030029,0.5018155815616443,0.495177633988524,0.4998325688473412
0.4818613960470354,0.7007007007007006,0.4864864864864864,0.5780438460331025,0.5772188987913563,0.5650103772433158
0.7317988491368528,0.5760760760760759,0.7049549549549549,0.503829987617071,0.3106301341193296,0.7654289551249629
0.4555916937703279,0.9209209209209208,0.6669169169169169,0.466152746045311,0.5276069553691334,0.0
0.0,0.8753753753753752,0.0,0.4206603066082983,1.0,1.0
0.756567425569177,0.4839839839839839,0.761011011011011,0.5164972007604165,0.4932242705408375,0.873824929801001
0.6422316737553166,0.4399399399399398,0.7437437437437437,0.4828766764916197,0.5124980379161798,1.0
0.4828621466099576,0.7532532532532531,0.4839839839839839,4.5345937178475904e-05,0.3164291818546488,0.4840678793798071
0.3615211408556418,0.6361361361361361,0.3858858858858859,1.0,1.0,0.9096865898111166
0.6554916187140357,0.5267767767767767,0.6123623623623623,0.5733278685665452,0.8520013254966252,0.4095348553290197
0.4270703027270454,0.547047047047047,0.7397397397397396,0.6245879623977536,0.5295899680834365,0.5797059490381429
0.5206404803602703,0.5277777777777777,0.7527527527527527,0.5018016289655894,0.495100894710222,0.4997401328984774
0.6402301726294722,0.5245245245245245,0.8123123123123123,0.3134537907459407,0.9377208434344316,0.5185726494235834
0.6800100075056293,0.8408408408408408,0.0,0.9384847480684376,0.5575178331618327,0.5540541011912029
0.2454340755566675,0.5177677677677677,0.582082082082082,0.5844672724418787,0.0654830214346757,0.6612588729790536
0.0985739304478359,0.7610110110110109,0.6428928928928929,0.5962031497985594,0.563850567696252,0.6812511990512234
1.0000000000000002,1.0,0.0,0.7788269354866839,0.0477353192528385,0.3612954985436978
0.3607705779334502,0.6994494494494493,0.6784284284284283,0.4501892320839946,0.4301672567452081,0.9983675462615764
0.6454841130848138,0.5002502502502502,0.7467467467467467,0.5063641278755429,0.4842963531402061,0.9195161937317962
0.2804603452589443,0.5793293293293292,0.8158158158158157,0.3227165704518897,1.0,0.1896436855782479
0.5203902927195397,0.5275275275275274,0.7525025025025025,0.5018016289655894,0.4952229799257024,0.499694786961299
0.474355766825119,0.886136136136136,0.9637137137137136,0.0,0.8293091720878316,1.0
0.4360770577933451,0.6776776776776776,0.7092092092092092,0.0,0.2176779392015627,0.5376318956345815
0.5789342006504881,0.9824824824824824,0.8335835835835835,0.0,1.0,0.8393201597572248
0.5026269702276709,0.7129629629629628,0.4429429429429429,1.0,0.931480544848876,0.4293283569074071
0.182136602451839,1.0,0.0,0.4824197289708216,0.2315956537663289,0.0
0.9922441831373532,0.1641641641641641,0.7540040040040039,0.5169698449517763,0.4924150199696531,0.2240263704065437
0.9512134100575432,0.6136136136136136,0.8678678678678677,0.5979733854230252,0.3754887768805483,0.0
0.5203902927195397,0.5277777777777777,0.7527527527527527,0.5018155815616443,0.4951933306590858,0.499694786961299
0.4310733049787342,0.5833333333333333,0.7427427427427427,0.6412979402480075,0.3970211207422781,0.6992884176012
0.3375031273455092,0.4992492492492492,0.8303303303303302,0.4472138409752865,1.0,0.3270052496642657
0.5091318488866652,0.7367367367367366,0.7227227227227226,0.0,0.4739505031654952,0.5968746184837016
1.0000000000000002,0.4149149149149148,1.0,0.3720093482393568,0.4274046427263372,0.4976507316392556
0.9804853640230174,0.4647147147147146,0.7965465465465464,0.5140397997802466,0.4773078465912064,0.9720424856549872
0.5203902927195397,0.5275275275275274,0.752002002002002,0.5017859322950277,0.4952840225334426,0.4997261803024225
0.1423567675756819,0.96021021021021,0.3360860860860861,1.0,0.6037881298289063,0.0
0.3309982486865149,0.5375375375375374,0.7042042042042042,0.6307532657795141,0.2734255367389295,0.5260041508973263
0.5744308231173382,0.4311811811811811,0.7547547547547546,0.5017248896872875,0.4837783630116679,0.7599194237577829
0.4901175881911435,0.7272272272272271,0.4619619619619619,0.2594153862252996,0.4102516699513403,0.4736609867973559
0.4841130848136103,0.6874374374374373,0.4414414414414414,0.5126201231316602,0.5473237176692188,0.5002895163681392
1.0000000000000002,0.7655155155155153,1.0,1.0,0.0,0.8229450442122888
0.7325494120590444,0.4657157157157156,0.7424924924924925,0.4969321729424281,0.4883112126550046,0.6534314665922528
0.4823617713284965,0.5250250250250249,0.7432432432432432,0.0015871078012453,0.4409561016446622,0.4279854195371226
0.3257443082311735,0.5110110110110109,0.6624124124124124,0.5726407032108412,0.3048014371173936,0.4767724157175994
0.7373029772329248,0.9371871871871872,0.6766766766766766,0.6106545511624256,0.7296876362558209,1.0
0.6882661996497375,0.5723223223223222,0.7727727727727727,0.5354343617559342,0.546697594921255,1.0
0.4518388791593696,0.5583083083083082,0.8563563563563563,0.1262814587439175,0.6213527041875229,0.4629157437605734
0.4213159869902428,0.4944944944944944,0.6203703703703703,0.6198580323351414,0.0,0.81128590613391
0.5203902927195397,0.5277777777777777,0.7525025025025025,0.5018312782322061,0.4951462406474005,0.4997558295690392
0.482611958969227,0.7009509509509508,0.5142642642642642,0.7390271552400718,0.6168965938224881,0.556342326944207
0.5476607455591695,0.518018018018018,0.7630130130130129,0.4856549871810524,0.4568271796571149,0.4740568917104139
0.5208906680010009,0.5277777777777777,0.7522522522522521,0.5018766241693845,0.4951322880513455,0.4997558295690392
0.2344258193645235,0.537037037037037,0.7372372372372371,0.4785740446831888,0.4836562777961875,0.5492456877757818
0.5203902927195397,0.5277777777777777,0.7527527527527527,0.5018609274988227,0.4951165913807838,0.4996790902907372
0.5208906680010009,0.5275275275275274,0.7525025025025025,0.5018469749027679,0.4951619373179622,0.4997558295690392
0.5206404803602703,0.528028028028028,0.7527527527527527,0.5018609274988227,0.495100894710222,0.4997261803024225
0.5201401050788093,0.5277777777777777,0.7522522522522521,0.5018469749027679,0.4952229799257024,0.4996790902907372
0.5484113084813611,0.5863363363363362,0.7510010010010009,0.4803896262448331,0.4958491026736662,0.0
1.0000000000000002,0.7352352352352352,0.0,0.373367982280203,0.3747859148542826,0.0845893576573591
0.4565924443332501,0.7339839839839839,0.7667667667667667,0.2940422414845562,0.4612536407555331,0.0
0.5203902927195397,0.5275275275275274,0.7522522522522521,0.5018923208399463,0.4952840225334426,0.4997558295690392
0.231923942957218,0.8398398398398397,0.8033033033033032,0.6834940788670492,0.5798140816575684,1.0
0.2499374530898174,0.5748248248248247,0.6313813813813813,0.5702914348500968,1.0,0.2241781048886408
0.6184638478859146,0.598098098098098,0.7845345345345345,0.5364738301620245,0.523196190941277,1.0
0.9677257943457596,0.4734734734734734,0.7510010010010009,0.5169855416223381,0.4931946212742208,0.1499363412804994
0.521391043282462,0.5002502502502502,0.5653153153153153,0.5723668835132637,0.0,0.7947747527774387
0.5208906680010009,0.5272772772772771,0.7527527527527527,0.5018312782322061,0.4951619373179622,0.4997558295690392
0.1756317237928447,0.6476476476476476,0.0,0.7496939149240456,0.9161274569649616,0.8198632645586619
0.3087315486614962,0.6323823823823823,0.7479979979979979,0.5844219265047003,0.5356488829202783,0.9985053281476184
0.7590693019764825,0.356106106106106,0.7615115115115114,0.4950258995064269,0.4926748870711757,0.5576852643144915
0.4673505128846636,0.4694694694694694,0.7094594594594594,0.4928266215532728,0.0,0.9070931510194116
0.4513385038779085,0.6046046046046045,0.78003003003003,1.0,0.7178924603659068,0.5539163193051607
0.0,0.88013013013013,0.1243743743743743,0.0,0.6233985035840731,0.3809983082477283
0.5206404803602703,0.5275275275275274,0.752002002002002,0.5017702356244659,0.4952229799257024,0.4997558295690392
0.4996247185389043,0.8055555555555554,0.577077077077077,1.0,0.6050543279208888,0.6720180686118911
0.5206404803602703,0.5277777777777777,0.7527527527527527,0.5018312782322061,0.4952090273296475,0.4997104836318607
0.2329246935201401,0.7565065065065064,0.4632132132132132,0.4272215149031166,0.7415002528908035,0.0
0.5466599949962473,0.4942442442442442,0.6606606606606606,0.3285313148577707,0.0,0.7491148821877671
0.2626970227670754,0.5352852852852852,0.7882882882882882,0.5443326298899489,0.9764689467534052,0.2730278877513647
0.5654240680510384,0.4044044044044043,0.7625125125125125,0.4889355913284615,0.4841742679247257,0.0
0.5203902927195397,0.5277777777777777,0.752002002002002,0.5018155815616443,0.4952090273296475,0.4996337443535588
0.4185639229422068,0.5360360360360359,0.6709209209209209,0.58184244030905,0.5438739382946439,0.5685665451628094
0.7000250187640732,0.4827327327327326,0.7354854854854854,0.5155205190365733,0.497390864537733,0.8190854073286011
0.9799849887415564,0.427177177177177,0.7582582582582582,1.0,0.0,0.1775275999790711
0.0,0.8383383383383383,0.3395895895895896,0.0,0.0,0.1099220398695432
0.5048786589942458,0.4411911911911911,0.7114614614614614,0.5288435041944992,1.0,0.1473865043514659
0.5384038028521393,0.5675675675675674,0.7102102102102101,1.0,0.7532047369063606,0.4641069466487608
0.3249937453089818,0.609109109109109,0.783033033033033,0.5026405288033905,0.4753684357395747,0.3628669096743813
0.5276457343007257,0.4231731731731731,0.6118618618618619,0.6053595409595898,0.0,0.7565620803320717
0.5203902927195397,0.5272772772772771,0.7525025025025025,0.5017405863578492,0.4952090273296475,0.4998011755062176
0.5203902927195397,0.5277777777777777,0.7522522522522521,0.5019080175105081,0.4952090273296475,0.4997261803024225
0.5841881411058295,0.6146146146146145,0.756006006006006,0.4659068315398433,0.4375848056228962,0.0
0.4993745308981737,0.627127127127127,0.6879379379379379,1.0,0.5497497253082652,0.5388074018522071
0.5206404803602703,0.5275275275275274,0.7527527527527527,0.5018312782322061,0.4951165913807838,0.4997401328984774
0.0,0.9306806806806804,0.271021021021021,0.0,0.0,0.2261018190697107
0.993495121341006,1.0,0.4812312312312312,1.0,0.9171355320299284,0.0
0.0,0.8673673673673672,0.9569569569569568,0.8348187034550116,1.0,0.9997104836318608
0.6354766074555919,0.6098598598598598,0.4376876876876877,0.3912831156146991,0.2166855608071577,0.6136002930045171
0.5203902927195397,0.5275275275275274,0.752002002002002,0.5017702356244659,0.495177633988524,0.4997104836318607
0.5344008006004505,0.6621621621621621,0.3215715715715715,1.0,0.6265570225160019,0.5535500636587195
0.3037277958468852,0.5222722722722721,0.7577577577577577,0.4395521216666376,0.9985803233514134,0.3518949369517066
0.4713535151363524,0.7527527527527527,0.4664664664664664,0.9438564975495752,0.4692798716361163,0.5474144095435757
0.4288216162121592,0.5505505505505505,0.549049049049049,0.6432966496328723,0.0,0.969067094546279
0.2879659744808607,0.5302802802802802,0.5873373373373373,0.6853707030364338,0.0204492735929679,0.6745365121998012
0.4668501376032025,0.7144644644644643,0.4859859859859859,0.2429652754765683,0.4244135549470673,0.5590578509513926
0.5611708781586191,0.5107607607607607,0.856106106106106,0.4964891780176849,0.9773688891989464,0.3162774473725518
0.0347760820615462,0.6296296296296295,0.3741241241241241,0.0,0.0,0.0
0.5206404803602703,0.5275275275275274,0.7527527527527527,0.5018923208399463,0.4951933306590858,0.499694786961299
0.5203902927195397,0.5275275275275274,0.7527527527527527,0.5018766241693845,0.4952090273296475,0.4997104836318607
0.99524643482612,1.0,0.6216216216216216,1.0,0.0,0.0
0.5141356017012761,0.5260260260260259,0.7537537537537538,0.0005493834696618,0.4491968536895896,0.3942288574567905
0.5018764073054792,0.5553053053053052,0.7745245245245245,0.5679107731482289,0.5929678915883286,0.5016777996756021
0.806354766074556,0.2299799799799799,0.7585085085085085,0.5176413136369186,0.482465074908,0.7296422903186424
0.5206404803602703,0.5275275275275274,0.7522522522522521,0.5018609274988227,0.4952229799257024,0.4996337443535588
0.5901926444833626,0.6206206206206205,0.6936936936936937,0.5824389137903971,0.9921708495386924,0.4994802657969548
0.4806104578433827,0.6536536536536536,0.7179679679679679,1.0,0.718181976734046,0.44777892111551
0.4100575431573681,0.5187687687687687,0.6956956956956957,0.1170954183162705,0.3047246978390917,0.3221514903116661
0.3790342757067802,0.6506506506506505,0.7274774774774775,0.5653312869525786,0.579004831086384,0.989211155100546
0.5096322241681263,0.7845345345345344,0.6241241241241241,1.0,0.6923452569893785,0.440132898477423
0.5131348511383539,0.7384884884884884,0.6534034034034033,1.0,0.7239653277988035,0.5223869403700926
0.2967225419064299,0.5783283283283283,0.9754754754754754,0.5665050490956973,0.7849311962607042,0.3286377034026894
0.4448336252189143,0.4499499499499498,0.8508508508508508,0.2711355669114185,1.0,0.2438809145926714
0.5048786589942458,0.6834334334334333,0.6068568568568569,1.0,0.6506078099656417,0.4863561051328112
0.5203902927195397,0.5277777777777777,0.7527527527527527,0.5018469749027679,0.4952090273296475,0.4997558295690392
0.4803602702026521,0.7244744744744743,0.7174674674674675,1.0,0.7774072588380976,0.408818040706699
0.5951963972979737,0.5307807807807807,0.7815315315315314,0.5167256745208155,0.5317875019620838,1.0
0.0,1.0,0.0,0.0,0.2847934143746621,0.8008179709437186
0.4440830622967227,0.7805305305305305,0.0,1.0,0.0,0.840602054519769
0.5899424568426321,0.4264264264264263,1.0,0.2051328112736976,0.6441669428117969,0.6083192353977362
0.6114585939454592,0.5165165165165164,0.7745245245245245,0.5078587997279244,0.5155501683031899,1.0
1.0000000000000002,1.0,0.0135135135135135,1.0,0.0,0.0
0.6047035276457344,0.5140140140140139,0.6591591591591591,0.4491515077524112,0.7386469469975757,0.5748382370894884
0.5196397297973482,0.548048048048048,0.7867867867867867,6.104260774025816e-05,0.4268256099900588,0.4358895652022254
0.5203902927195397,0.5275275275275274,0.7525025025025025,0.5018609274988227,0.495254373266826,0.499694786961299
0.5206404803602703,0.5277777777777777,0.7530030030030029,0.5018016289655894,0.4952386765962642,0.4997558295690392
0.4908681511133351,0.6826826826826826,0.5665665665665666,0.0,0.3236479062385545,0.4169506601322008
0.5098824118088567,0.5057557557557557,0.6456456456456456,0.3840643912307934,0.0,0.8039625372795925
0.4578433825369028,0.7384884884884884,0.552052052052052,0.0,1.0,0.7177843277464813
0.3252439329497124,0.6904404404404403,0.793043043043043,0.5812320142316479,0.472820342885048,0.4267174773706332
0.5126344758568928,0.6413913913913912,0.4119119119119119,0.5879780944241938,0.5289184993982943,0.5614402567277674
0.5201401050788093,0.5275275275275274,0.7522522522522521,0.5018312782322061,0.4952386765962642,0.499694786961299
0.516387290467851,0.4907407407407406,0.8305805805805806,0.4145246524931545,1.0,0.3437309241850812
0.4150612959719791,0.563063063063063,0.7510010010010009,0.5994384080087901,0.0,0.9104347977745608
0.6399799849887418,0.4907407407407406,0.8058058058058057,0.3813488672236078,0.9991750527582538,0.4010342361825697
0.6252189141856394,0.2545045045045044,0.3255755755755756,0.3833772258750894,0.976803809058723,0.8784188220520781
0.5206404803602703,0.5275275275275274,0.7530030030030029,0.5017859322950277,0.4951933306590858,0.4997104836318607
0.0635476607455592,1.0,0.0,0.3775485288731535,0.526720965519647,0.0
0.9919939954966226,0.9164164164164164,0.0,1.0,0.0,0.893267872403509
0.4265699274455843,0.5107607607607607,0.7635135135135135,0.3214503723599072,1.0,0.2141060746115074
0.5203902927195397,0.5275275275275274,0.7527527527527527,0.5018609274988227,0.4952229799257024,0.4997261803024225
0.4893670252689518,0.609109109109109,0.7367367367367367,0.4099011109754609,0.348110295271814,0.0
0.6842631973980486,0.62012012012012,0.5565565565565566,0.5450337478417078,0.1155536564522036,0.6564975495753178
0.5198899174380787,0.5275275275275274,0.7530030030030029,0.5018766241693845,0.495100894710222,0.4997104836318607
0.4098073555166376,0.6549049049049048,0.7512512512512513,0.4212393393445768,0.4603676509060467,0.0008859898494863
0.5316487365524144,0.7234734734734733,0.4952452452452452,1.0,0.7826272738371383,0.4316776252681514
0.5098824118088567,0.4909909909909909,0.7297297297297297,0.3201231316601846,1.0,0.1105324659469452
0.7210407805854393,0.5392892892892892,0.7530030030030029,0.4703175959676997,0.4842510072030277,1.0
0.5969477107830875,0.4026526526526526,1.0,0.268481085511973,0.9316008859898496,0.0
0.7945959469602204,0.5327827827827827,1.0,0.9953921551528682,0.0267820081273872,0.5210596996703699
0.3495121341005756,0.6986986986986986,0.0,0.5777368889198946,0.5430036451157193,0.6236566266110888
0.5206404803602703,0.5277777777777777,0.7527527527527527,0.5018312782322061,0.4951933306590858,0.4997261803024225
0.5153865399049289,0.6744244244244243,0.4674674674674675,0.0813540994471284,0.4365156879501892,0.4852119922563092
0.7455591693770329,0.5783283283283283,0.6033533533533533,0.59991105220015,0.8586706664108691,0.5706419938259762
0.3057292969727296,0.6519019019019018,0.7845345345345345,0.4958177093325427,0.463709297661196,0.0296510106911767
0.4558418814110584,0.6916916916916915,0.6906906906906907,0.4305945549993896,0.4455813872368627,0.0
0.4763572679509633,0.7867867867867866,0.814064064064064,0.0,0.3671102429495788,0.5192737673753423
0.8543907930948214,0.3113113113113112,0.7740240240240239,0.4917139020178942,0.4618937160995517,0.8324990843608839
0.5794345759319491,0.6418918918918918,0.7484984984984985,0.4628407485567783,0.3433803652092017,0.0
0.3517638228671504,0.5550550550550549,0.7012012012012012,0.4245513368331095,0.348110295271814,0.5362279156565568
0.5201401050788093,0.5275275275275274,0.7530030030030029,0.5019080175105081,0.495177633988524,0.4997104836318607
0.5076307230422819,0.5698198198198198,0.8213213213213213,0.9935137869089768,0.5542668782810402,0.5287667649161972
0.2544408306229673,0.6128628628628627,0.9416916916916916,0.6266634110609205,0.6345065141182831,0.3315067059664789
0.2742056542406806,0.302052052052052,0.6458958958958958,0.6352407694856724,0.0,0.245666846887699
0.3690267700775582,0.6306306306306305,0.8901401401401401,0.4377365401049933,0.7846120306259483,0.3762823307811709
0.4928696522391795,0.618118118118118,0.6846846846846846,1.0,0.5747318485445698,0.4965362680293702
0.263447585689267,0.6819319319319318,0.854104104104104,0.6196435111707972,0.7839091685996826,0.2832376999145404
0.6654991243432576,0.4356856856856856,1.0,0.9999389573922596,0.2422624134503026,0.5107731482288923
0.5208906680010009,0.5275275275275274,0.7522522522522521,0.5018469749027679,0.4951619373179622,0.4997261803024225
0.4625969477107832,0.7342342342342341,0.5405405405405406,0.5010534210021452,0.5558696827528472,0.4850899070408287
0.4320740555416563,0.5100100100100099,0.7972972972972973,0.4075361459441547,1.0,0.297200760416485
0.5266449837378034,0.5760760760760759,0.7022022022022022,1.0,0.7980396602542861,0.4531192772555243
0.4498373780335252,0.5833333333333333,0.6881881881881882,0.6946491794129445,0.0206777473533669,0.6549261384446343
0.5201401050788093,0.5272772772772771,0.7525025025025025,0.5019533634476865,0.4952386765962642,0.4997401328984774
0.7012759569677259,0.8428428428428427,0.8153153153153152,0.0,0.4835184959101453,0.6746429007447198
0.5276457343007257,0.5487987987987987,0.6841841841841841,0.632751975164379,0.0,0.9949788094947416
0.5203902927195397,0.5275275275275274,0.7525025025025025,0.5018155815616443,0.4952386765962642,0.4996790902907372
0.3279959969977484,0.538038038038038,0.7767767767767767,0.568214242112423,0.4851962955857474,0.4880199522123585
0.6712534400800603,0.4747247247247246,0.7394894894894894,0.4916214660690304,0.4561417583759178,0.7289411723668835
0.5919439579684765,0.7905405405405403,0.2277277277277277,1.0,1.0,0.588878036869735
0.5721791343507632,0.6023523523523522,0.7392392392392392,0.5286446797007168,0.5165721959642116,1.0
0.4846134600950714,0.4974974974974974,0.5853353353353353,0.4783455709227898,0.0,0.7115440291609257
0.7015261446084565,0.933933933933934,0.0217717717717718,0.0,0.8807070478050822,0.0
0.5654240680510384,0.6674174174174173,0.7172172172172171,0.4804977588642586,0.5080262308805832,0.0
0.2051538653990494,1.0,0.7432432432432432,0.7688473411584142,1.0,1.0
0.490367775831874,0.6669169169169168,0.6829329329329329,0.0,0.457360866456215,0.5224340303817779
0.5096322241681263,0.7592592592592591,0.6106106106106106,1.0,0.6607094895093919,0.4388353070443169
0.6572429321991495,0.5275275275275274,0.6754254254254254,0.4947660324049043,0.998779147845196,0.4699216910546419
0.513635226419815,0.6554054054054053,0.4261761761761762,0.389833789699496,0.4828313305544413,0.4643197237385981
0.4951213410057544,0.6006006006006005,0.6263763763763763,0.5349477649685195,0.0,0.790913371819244
0.505879409557168,0.7870370370370369,0.5382882882882882,0.0033573434257112,0.4396131642743778,0.63252350140398
0.4966224668501377,0.6944444444444443,0.4199199199199199,0.5078901930690479,0.5004726441913598,0.5774473725517554
0.4976232174130599,0.6726726726726726,0.4179179179179179,0.8135601792908593,0.673711564958055,0.5700158710780124
0.4886164623467602,0.6751751751751751,0.4091591591591591,0.6066100423810106,0.5196243263512217,0.5961264105202574
0.5203902927195397,0.5275275275275274,0.7527527527527527,0.5018155815616443,0.495254373266826,0.4997104836318607
0.5884413309982488,0.6794294294294293,0.3713713713713713,1.0,0.8378708338420218,0.4650522350314805
0.1926444833625219,0.6356356356356355,0.8025525525525525,0.4377208434344315,1.0,0.156483596979263
0.7182887165374032,0.6383883883883883,0.9829829829829828,0.0,0.7562725639639325,0.979322252646633
0.3587690768076058,0.5795795795795795,0.7357357357357357,0.5488794321293405,0.5177477021818372,0.5166035893053351
0.0012509382036527,0.3078078078078077,1.0,0.2408287842056612,1.0,0.546087168843853
0.6925193895421567,0.5745745745745745,0.7382382382382382,0.492186546209254,0.5085459650836284,0.0
0.5203902927195397,0.5275275275275274,0.7527527527527527,0.5017405863578492,0.4951462406474005,0.4996337443535588
0.3722792094070554,0.6003503503503502,0.9474474474474474,0.4759649092209219,0.6864694699757574,0.4415665277220643
1.0000000000000002,0.4159159159159158,1.0,1.0,0.0,0.4044840155571446
0.5201401050788093,0.5275275275275274,0.752002002002002,0.5019080175105081,0.4952386765962642,0.4997261803024225
0.5203902927195397,0.5275275275275274,0.7522522522522521,0.5018016289655894,0.4952229799257024,0.4997261803024225
0.6092069051788843,0.5663163163163162,0.0958458458458458,0.2512670701292359,1.0,1.0
0.0,0.6338838838838838,1.0,0.9872420949822976,0.8469208364581334,0.9846626087866474
0.5203902927195397,0.5275275275275274,0.7522522522522521,0.5018312782322061,0.4951619373179622,0.4997558295690392
0.503127345509132,0.5653153153153152,0.7212212212212212,0.5269651359506078,0.5002895163681392,0.037968502014406
0.5496622466850138,0.4757257257257256,0.5845845845845845,0.4342257181226782,0.0,0.7256291748783508
0.4851138353765325,0.5995995995995995,0.7322322322322322,1.0,0.6110661527460453,0.4020109179064129
0.7420565424068053,0.6436436436436435,0.5658158158158157,0.5949212550360151,0.2703734063519193,0.6857823046200534
0.5206404803602703,0.5272772772772771,0.752002002002002,0.5019080175105081,0.4951933306590858,0.4997261803024225
0.5128846634976234,0.4654654654654653,0.6256256256256256,0.5347785897413537,0.0,0.8914365941713029
0.8243682762071556,0.3758758758758758,0.7717717717717717,0.5162983762666341,0.485684636447669,0.0293771909935992
0.1448586439829873,0.7632632632632631,0.7377377377377377,0.593548668399114,0.4983518495910145,1.0
0.5669251938954217,0.4932432432432431,0.835085085085085,0.3926103563144217,0.9999703507333833,0.4216212916615798
0.4100575431573681,0.5377877877877877,0.8275775775775776,0.3276767183494078,0.9876850899070408,0.3111498683223747
0.675256442331749,0.5993493493493492,0.6964464464464464,0.6477684566684688,0.0,0.622420077785723
0.6024518388791595,0.6416416416416415,0.7167167167167167,0.0,0.937903971257652,1.0
0.3890417813360021,0.6911911911911911,0.1704204204204204,0.6815703646859794,0.9978024661213528,0.0
0.4676007005253941,0.7329829829829828,0.4964964964964964,0.0,0.2320229520205103,0.4148002162652389
0.5183887915936954,0.6976976976976976,0.4869869869869869,0.3284545755794688,0.4800547639395155,0.5051572283167937
0.435576682511884,0.6764264264264264,0.7775275275275275,0.3436541849067792,0.3307898913441582,0.0
0.5203902927195397,0.5275275275275274,0.7527527527527527,0.5018312782322061,0.4952229799257024,0.4997558295690392
0.4413309982486866,0.6536536536536536,0.7677677677677677,1.0,0.9914086889791932,0.3403892774299318
0.5431573680260197,0.4889889889889889,0.6626626626626626,0.4058426495979908,0.0,0.8095156705094442
0.9039279459594698,0.1378878878878878,0.7379879879879879,0.5011755062176256,0.4960775764340652,0.2933550761288522
0.5203902927195397,0.5272772772772771,0.7527527527527527,0.5018766241693845,0.495177633988524,0.4998011755062176
0.5211408556417314,0.6539039039039038,0.724974974974975,1.0,0.6992727209306382,0.4852433855974327
0.4928696522391795,0.5197697697697696,0.785035035035035,0.0301707448942218,0.517763398852399,0.4220782391823778
1.0000000000000002,0.082082082082082,0.7790290290290289,0.5479184470760591,0.5085773584247519,0.0760433925737307
0.5206404803602703,0.5277777777777777,0.7522522522522521,0.5018609274988227,0.4951619373179622,0.4997715262396009
0.5576682511883915,0.7910410410410409,0.4872372372372372,0.0,0.2754085494532327,0.6226502956206289
0.503127345509132,0.4391891891891891,0.7224724724724725,0.5182360430437588,0.4510891745295359,0.5014039799780247
0.5273955466599951,0.5578078078078077,0.5132632632632632,0.0,0.3844166942811797,0.4047735319252838
0.5201401050788093,0.5275275275275274,0.752002002002002,0.5018312782322061,0.4952683258628809,0.4997401328984774
0.9419564673505132,0.3468468468468467,0.7827827827827827,0.909871461708844,0.0,0.476116643703019
0.4530898173630224,0.5500500500500499,0.8265765765765765,0.245909273244153,0.5538709733679823,0.398180930289342
0.5021265949462098,0.7382382382382381,0.4199199199199199,0.0,0.2104906081587805,0.7089488462947138
0.5201401050788093,0.5275275275275274,0.752002002002002,0.5018016289655894,0.4951462406474005,0.4997104836318607
0.2364273204903678,0.6704204204204203,0.744994994994995,0.4725761724540872,0.4829080698327432,0.4018120934126306
0.4856142106579936,0.8523523523523522,0.6273773773773773,0.3731691577864206,0.6291818546488306,0.5527565097580969
0.3802852139104329,0.4744744744744744,0.6333833833833833,0.6100598217555854,0.2830545720913198,0.6974117934318154
0.6269702276707532,0.5850850850850849,0.524024024024024,0.4931946212742208,0.7998569858904372,0.6119067966583532
0.394045534150613,0.5295295295295295,0.7780280280280281,0.7068733976315468,0.6184680049531716,0.522585764863875
0.5008756567425571,0.699199199199199,0.592092092092092,1.0,0.6128224357744563,0.4725465231874706
0.5206404803602703,0.5275275275275274,0.7525025025025025,0.5018469749027679,0.4951619373179622,0.499694786961299
0.5133850387790845,0.7352352352352352,0.5422922922922923,0.8523832778136282,0.5915028690025638,0.5567539285278267
0.9342006504878662,0.2882882882882882,0.7782782782782782,0.5136438948671888,0.4429548110295271,0.4993285313148577
0.3982987240430324,0.6336336336336336,0.7822822822822822,0.5310549906692014,0.4945829045816837,0.0053264035439594
0.4858643982987242,0.6451451451451451,0.7124624624624624,1.0,0.6608926173326124,0.5162530303294557
0.6227170377783339,0.5475475475475474,0.3428428428428428,0.9473202295202052,0.8041596176988681,0.5183284789926226
0.6690017513134853,0.4899899899899899,0.7337337337337337,0.5118876118387777,0.5054031428222614,1.0
0.8173630222667002,0.9166666666666664,0.6278778778778779,1.0,0.0,0.9478992622564836
0.6667500625469104,0.5668168168168167,0.6141141141141141,0.4827092453389608,0.5092470830353872,0.5521914296178733
0.9974981235926949,1.0,0.0,0.0,1.0,0.5146345291870869
0.5091318488866652,0.5260260260260259,0.6974474474474475,0.4948881176203847,0.4131067199190749,0.4758724732720581
0.5686765073805355,0.6686686686686686,0.6626626626626626,0.0,0.3341925807070478,0.5672846504002651
0.5203902927195397,0.5275275275275274,0.7525025025025025,0.5018312782322061,0.4952386765962642,0.4997401328984774
0.4821115836877659,0.7077077077077076,0.4444444444444444,0.5047770200742976,0.5137188900709838,0.5739382946439472
0.5206404803602703,0.528028028028028,0.7530030030030029,0.5017405863578492,0.4952090273296475,0.4997715262396009
0.4225669251938955,0.4714714714714714,0.6796796796796796,0.6326002406822819,0.0,0.8151472870921046
0.5203902927195397,0.5275275275275274,0.7525025025025025,0.5018016289655894,0.4951619373179622,0.499694786961299
0.6254691018263699,0.5495495495495495,0.5222722722722722,0.4526466330641645,0.0,0.6286464237752236
0.5201401050788093,0.5277777777777777,0.7527527527527527,0.5018469749027679,0.4952386765962642,0.4997261803024225
0.4973730297723294,0.7409909909909909,0.4914914914914914,1.0,0.6546662713431117,0.4883112126550046
1.0000000000000002,0.5625625625625624,0.952202202202202,0.583216771020458,0.8505990895931074,0.3764497619338298
0.6812609457092821,0.4289289289289288,0.7630130130130129,0.5017248896872875,0.5122381708146572,0.9974815564120898
0.2877157868401302,0.6736736736736736,0.7352352352352352,0.5367319531890402,0.4863107591956328,0.6854927882519141
0.5056292219164374,0.5613113113113112,0.6081081081081081,0.5760137433071141,0.0,0.7366168442715872
0.5356517388041032,0.6619119119119118,0.4099099099099099,0.040959589793676,0.4417496555452849,0.5519769084535291
0.6407305479109333,0.523023023023023,0.0127627627627628,0.8773810977204946,0.2657027748225404,0.7468266564347629
0.9849887415561672,0.978228228228228,0.0,1.0,0.0,0.0
0.4663497623217414,0.5135135135135134,0.8113113113113113,0.0465144670980344,0.5257599804663655,0.4737359820011511
0.7830873154866151,0.2667667667667667,0.2692692692692693,0.5439663742435077,0.8790292481294801,0.183279557702705
0.4908681511133351,0.5332832832832832,0.7137137137137137,0.4288243193749237,0.3449203829987617,0.0
0.5203902927195397,0.5275275275275274,0.7525025025025025,0.5018312782322061,0.4951619373179622,0.4997104836318607
0.6562421816362274,0.5978478478478477,0.5137637637637638,0.4824040323002598,0.3172837783630117,0.7039730017266337
0.4803602702026521,0.7394894894894893,0.5322822822822822,0.9828470272250032,0.6506235066362035,0.699197725726843
0.7865899424568428,0.8633633633633633,0.757007007007007,0.432242705408375,0.3984407973908645,0.0
0.5759319489617214,0.5115115115115114,0.7905405405405405,0.5279575143450128,0.5564644121596874,1.0
0.5206404803602703,0.5277777777777777,0.7525025025025025,0.5018312782322061,0.495254373266826,0.4998482655179029
0.3667750813109833,0.5798298298298298,0.7497497497497497,0.4478853096604287,0.417775607373947,0.0
0.3134851138353766,0.5142642642642642,0.7565065065065064,0.5118422659015993,0.5096604286935138,0.5718314526396567
0.4906179634726046,0.6296296296296295,0.4086586586586586,1.0,0.8693234734987878,0.509721471301254
0.4105579184388293,0.6186186186186186,0.7222222222222222,0.624176360814134,0.6788094947416153,1.0
0.5303977983487617,0.3931431431431431,1.0,0.5945846486561905,0.0,0.998306503653836
0.531898924193145,0.5037537537537536,0.7272272272272272,0.8275703298044892,0.4739348064949334,0.4904320072553499
0.9482111583687768,0.1063563563563563,0.7612612612612613,0.5169384516106528,0.498078029893437,0.3222125329194063
0.2274205654240681,0.578078078078078,0.836086086086086,0.5947834731499729,0.7703734063519194,0.3079599560493224
1.0000000000000002,1.0,0.0,0.9957270174581858,0.0023039224235659,0.5322461935573888
0.5201401050788093,0.5277777777777777,0.7530030030030029,0.5018312782322061,0.4951462406474005,0.4997854788356559
1.0000000000000002,0.29004004004004,0.7747747747747746,0.5535954095958979,0.5458883443500706,0.0
0.3947960970728047,0.4762262262262261,0.8628628628628627,0.3069065350471772,1.0,0.1169262430891047
0.5203902927195397,0.5275275275275274,0.7525025025025025,0.5018766241693845,0.4951322880513455,0.4997558295690392
0.0,0.3698698698698698,0.0,0.90553743655929,0.7761724540872386,0.1640982262762265
0.5201401050788093,0.5275275275275274,0.7517517517517517,0.5018016289655894,0.4953154158745662,0.4996651376946823
0.3062296722541907,1.0,0.516016016016016,0.0,0.7341437466208556,0.8088598984948637
0.4993745308981737,0.7134634634634633,0.4534534534534534,0.0596839736993564,0.3805849625896018,0.5171372761044352
0.1913935451588692,0.9086586586586584,0.0,0.7524722256134782,0.4945672079111219,0.0
0.3700275206404805,0.5828328328328327,0.8488488488488488,0.5587543819871985,0.9032474667317788,0.3593578317665731
0.5201401050788093,0.5272772772772771,0.7522522522522521,0.5018155815616443,0.4952229799257024,0.4997401328984774
0.6915186389792346,0.5568068068068067,0.6834334334334333,0.5714965903343391,0.0,0.914325827999372
0.0,0.7707707707707707,0.3340840840840841,0.0,0.0,0.0
0.5959469602201652,0.7124624624624624,1.0,0.412799762805867,0.6617315171704135,0.6447320229520205
0.6634976232174132,0.6844344344344343,0.762012012012012,0.4672654655806896,0.5029457418420915,1.0
0.5203902927195397,0.5275275275275274,0.752002002002002,0.5018155815616443,0.4952090273296475,0.4997558295690392
0.5203902927195397,0.5275275275275274,0.7522522522522521,0.5018609274988227,0.4952229799257024,0.4997401328984774
0.7282962221666252,0.5803303303303302,0.745995995995996,0.4847096987983326,0.495406107748923,1.0
0.8553915436577435,0.9194194194194192,0.001001001001001,0.0003819523170029,0.7985890437239478,1.0
0.8518889166875159,0.341091091091091,0.7540040040040039,0.4961229223712437,0.4658771822732267,0.2354570347245234
0.5166374781085816,0.512012012012012,0.7357357357357357,0.0461482114515932,0.4068036346512723,0.4783752201894065
0.6602451838879161,0.6934434434434433,0.783033033033033,0.0,0.9981076791600536,1.0
0.5206404803602703,0.5275275275275274,0.7522522522522521,0.5017545389539041,0.4952386765962642,0.4998011755062176
0.5206404803602703,0.5277777777777777,0.7527527527527527,0.5018609274988227,0.4951322880513455,0.4997401328984774
0.5203902927195397,0.5275275275275274,0.7527527527527527,0.5018155815616443,0.495177633988524,0.499694786961299
0.9904928696522394,0.5818318318318317,1.0,0.0,1.0,0.7867328252262937
0.3932949712284214,0.5675675675675674,0.7354854854854854,0.4163559307253606,0.3657219596421159,0.0
0.7928446334751065,0.5415415415415414,0.6539039039039038,0.5342902488794321,1.0,1.0
0.2824618463847886,0.5908408408408408,0.7322322322322322,0.5500392416764044,0.5955316811134171,0.4588258890419798
0.4513385038779085,0.637137137137137,0.6211211211211211,0.0,0.2183040619495265,0.3248530617227968
0.5203902927195397,0.5272772772772771,0.7525025025025025,0.5018155815616443,0.495177633988524,0.4997558295690392
0.5899424568426321,0.3676176176176176,0.2494994994994995,0.541416537314474,1.0,1.0
0.3199899924943709,0.5072572572572571,0.8751251251251251,0.5245391283115615,0.9236967403247468,0.2817412839876519
0.6159619714786091,0.581081081081081,0.7452452452452452,0.4655719692345257,0.421759073547622,0.0
0.5206404803602703,0.5275275275275274,0.7525025025025025,0.5018469749027679,0.4952229799257024,0.4996790902907372
0.8176132099074307,0.7492492492492491,1.0,0.0,0.96392381882554,0.8083872543035038
0.5624218163622718,0.7740240240240239,0.0,0.8209777281685473,0.5827127334879746,0.5294992762090797
0.2692019014260696,0.6276276276276276,0.7279779779779779,0.570962903535239,0.5580358232903709,0.8207946003453268
0.0002501876407305,0.6801801801801801,0.775025025025025,0.4621082372638959,0.5065769049653801,0.7444302980623332
0.5203902927195397,0.5272772772772771,0.7525025025025025,0.5018469749027679,0.4951165913807838,0.499694786961299
0.7393044783587692,0.603103103103103,0.7602602602602602,0.5000156966705618,0.5375098104191011,1.0
0.4843632724543409,0.4772272272272271,0.68993993993994,0.136276749742749,0.3950677572945916,0.4337687706018801
0.9777332999749816,0.7107107107107106,0.6989489489489489,0.3321642220555662,0.4802989343704763,0.0
0.1330998248686515,0.807057057057057,0.0,1.0,0.584055670858259,0.3270052496642657
0.4555916937703279,0.7299799799799799,0.775025025025025,0.4118701710937091,0.5310410380731465,0.0
0.5201401050788093,0.5277777777777777,0.7530030030030029,0.5017405863578492,0.4951619373179622,0.4997104836318607
0.6332249186890169,0.5738238238238237,0.7607607607607607,0.5169244990145979,0.5466662015801315,1.0
0.7072804603452592,0.5873373373373372,0.6123623623623623,0.657550970577463,0.4893785862532047,0.5902820168477597
0.6582436827620717,0.4214214214214213,0.7417417417417417,0.5190452936149432,0.4761776863107592,1.0
1.0000000000000002,1.0,0.0,0.0,1.0,0.1807314648481783
0.4906179634726046,0.7317317317317316,0.6554054054054054,1.0,0.5949369517065769,0.3930830005057816
0.0,0.872122122122122,1.0,0.9999843033294382,1.0,1.0
0.380785589191894,0.5175175175175174,0.6726726726726726,0.6691490660481015,0.0098889024539128,0.7200882501700472
0.5201401050788093,0.5277777777777777,0.7530030030030029,0.5018923208399463,0.4952090273296475,0.4997558295690392
0.5641731298473857,0.5145145145145145,0.7590090090090089,0.537586549697403,0.51454383731273,1.0
0.4448336252189143,0.5437937937937937,0.7837837837837838,0.4553935504124736,0.9037358075937004,0.306540279400736
0.1676257192894671,0.342092092092092,0.4181681681681681,0.3102795751434501,0.7252472225613478,0.412571289045468
0.4716037027770829,0.5060060060060059,0.7222222222222222,0.3512705582782496,0.908818040706699,0.233044979681532
0.7262947210407807,0.3158158158158157,0.914164164164164,0.0621867206167047,1.0,0.8269738563231421
0.0242682011508632,0.9897397397397396,0.5325325325325325,0.0,0.4094424193801559,0.9933620524268796
0.5499124343257444,0.5578078078078077,0.772022022022022,1.0,0.643312346303434,0.443566981181436
0.2849637227920941,0.5613113113113112,0.8430930930930931,0.6138601601060397,0.9472277935713412,0.3002982367406736
1.0000000000000002,0.31006006006006,0.7782782782782782,0.4635872124457156,0.468456668468877,4.5345937178475904e-05
0.2797097823367527,0.523023023023023,0.0,0.6161640825296056,0.5817813977013098,0.0
0.5534150612959721,0.6621621621621621,0.7967967967967968,0.0,0.0008249472417461,0.6688142037427839
0.4210657993495122,0.4972472472472471,0.7662662662662663,0.6471283813244502,0.1106545511624256,0.8262273924342047
0.7030272704528397,0.5255255255255254,0.7452452452452452,0.5092331304393324,0.5040741580480318,1.0
0.6775081310983239,0.5377877877877877,0.6921921921921921,0.4989779723389783,0.9905226991297068,0.3462179744318677
0.4573430072554417,0.5718218218218217,0.816066066066066,0.5354814517676195,0.8185813697961177,0.244597729214992
0.3957968476357269,0.5242742742742742,0.6984484484484484,0.5992866735266931,0.0037235990721523,0.7884420182430193
0.5206404803602703,0.5275275275275274,0.7530030030030029,0.5019080175105081,0.4951933306590858,0.4997715262396009
0.4633475106329748,0.7707707707707707,0.7897897897897898,0.0,0.3884751556586497,0.3972338978321154
0.4168126094570929,0.5768268268268267,0.6971971971971972,0.5249978199068664,0.5300940056159199,0.6645708704675863
0.93144858643983,0.4522022022022021,0.8683683683683683,1.0,0.0,0.2882885396864154
0.2837127845884414,0.6156156156156155,0.7119619619619619,0.4702112074227811,0.4794129445209899,0.9014772311073128
0.8911683762822118,0.9502002002002,0.0,0.741454906953625,0.3631581701170274,0.1991663323857195
0.5201401050788093,0.5275275275275274,0.7525025025025025,0.5018016289655894,0.4952840225334426,0.499694786961299
0.5203902927195397,0.5275275275275274,0.752002002002002,0.5017702356244659,0.4952229799257024,0.4996651376946823
0.3867900925694272,0.4702202202202201,0.8498498498498498,0.4778572300608682,1.0,0.1615030434100144
0.4808606454841132,0.6889389389389389,0.7007007007007007,0.628234822191604,0.5661858834609415,1.0
0.5243932949712286,0.5325325325325324,0.8145645645645645,0.2881525018748801,0.389757050421194,0.4979245513368331
0.5203902927195397,0.5272772772772771,0.7530030030030029,0.5018312782322061,0.4952090273296475,0.4997104836318607
0.5161371028271204,0.4476976976976976,0.7727727727727727,0.750107260582172,0.5726093098697176,0.4837626663411061
0.5201401050788093,0.5277777777777777,0.7527527527527527,0.5018312782322061,0.4952090273296475,0.4997261803024225
0.5203902927195397,0.5272772772772771,0.7522522522522521,0.5018923208399463,0.4951619373179622,0.4997854788356559
0.4130597948461347,0.59009009009009,0.7389889889889889,0.4655266232973473,0.4713099743621047,0.2373790048310863
0.4633475106329748,0.6238738738738737,0.7487487487487487,1.0,0.7272616286167746,0.5154280830877095
0.5949462096572431,0.5412912912912912,0.7034534534534533,0.4237420862619251,0.8806773985384655,0.4679369342658318
0.5203902927195397,0.5275275275275274,0.7522522522522521,0.5018609274988227,0.4952386765962642,0.4996651376946823
0.735551663747811,0.5307807807807807,0.7640140140140139,0.5263093639360273,0.5171826220416136,1.0
0.3930447835876909,0.5225225225225224,0.8878878878878878,0.5715872822086959,0.460109527879031,0.5721523623489195
0.6269702276707532,0.6536536536536536,0.6676676676676676,0.3426931998534978,0.0298044892477806,0.7794687549052095
0.5376532399299476,0.4949949949949949,0.6811811811811811,0.5295289254756963,0.4465266756195825,0.4664265657428885
0.4856142106579936,0.6896896896896896,0.5177677677677678,0.3540314282226137,0.5585712541639779,0.4805274081308753
0.5203902927195397,0.5275275275275274,0.7527527527527527,0.5018016289655894,0.4952229799257024,0.4997715262396009
0.7900925694270704,0.7617617617617616,0.7812812812812813,0.5040288121108534,0.5144060554266878,1.0
0.5754315736802603,0.4884884884884884,0.5875875875875876,0.6722168931056735,1.0,0.3675375412037602
1.0000000000000002,1.0,0.8638638638638638,1.0,0.8176046880722745,0.0
0.6802601951463599,0.5192692692692692,0.6293793793793794,0.5125747771944817,1.0,0.5833528088319933
0.4978734050537904,0.5700700700700699,0.7202202202202201,0.0,0.3657219596421159,0.5175802710291784
0.5311483612709533,0.7469969969969968,0.557057057057057,1.0,0.6289673334844864,0.4555609815651325
0.9124343257443084,0.7369869869869868,1.0,0.0,0.4803128869665312,1.0
0.4816112084063048,0.7264764764764764,0.4832332332332332,0.8399619791757504,0.6072361651289743,0.5078587997279244
0.4350763072304229,0.5197697697697696,0.7017017017017017,0.6279453058234648,0.3712454436053508,0.6569562411706228
0.341506129597198,0.5085085085085084,0.5738238238238238,0.5392190034358267,0.3673701100511014,0.5715715855381341
0.686264698523893,0.4451951951951951,0.7547547547547546,0.5124526919790013,0.4863264558661946,0.8204736906360639
0.4413309982486866,0.7947947947947946,0.6721721721721721,0.0,0.4159600258123027,0.4891954584299841
0.719539654741056,0.5773273273273272,0.7742742742742742,0.5546331339274814,0.5236688351326368,1.0
0.5068801601200902,0.5925925925925924,0.8786286286286286,0.989118719151682,0.7069658335804105,0.3252803599769782
0.5198899174380787,0.5272772772772771,0.7525025025025025,0.5018469749027679,0.4952386765962642,0.4997104836318607
0.5901926444833626,0.5425425425425424,0.5285285285285285,0.5359087500218009,0.0,0.778521722447983
1.0000000000000002,0.9269269269269268,0.0,0.0582799937213318,0.8648813157298079,0.0275459127613931
0.4766074555916939,0.7202202202202201,0.4784784784784784,0.6706297853044282,0.5824842597275756,0.4753230898023963
0.881661245934451,0.376126126126126,0.7607607607607607,0.5072344210544675,0.4962153583201074,0.1429931806686781
0.5203902927195397,0.5277777777777777,0.7530030030030029,0.5019080175105081,0.495177633988524,0.4998011755062176
0.8393795346509885,0.5913413413413412,0.7409909909909909,0.4508450040985751,0.498930882327293,1.0
0.495371528646485,0.7074574574574574,0.505005005005005,0.2051642046148211,0.4630535256466156,0.481854648830598
0.3347510632974732,0.5492992992992992,0.6884384384384383,0.6314247344646563,0.3103563144217521,0.6316078622878769
0.8616462346760072,0.8163163163163162,1.0,0.876587543819872,0.1397265291173239,0.8359471196609519
0.0022516887665749,0.8843843843843842,0.0,0.070122259622931,0.7939201562690759,0.0
0.1238428821616213,0.9394394394394392,0.0,1.0,0.5513978757172506,0.4763608141339798
0.9684763572679512,1.0,0.7535035035035034,0.3981198876816018,0.2677782234857073,0.0
0.1280960720540406,0.5105105105105104,0.6989489489489489,0.5359227026178558,0.9412159687461849,0.3374435355878403
0.5091318488866652,0.5685685685685685,0.5232732732732732,1.0,1.0,0.0636831365435932
0.3635226419814862,0.5755755755755755,0.7394894894894894,0.4560789716936707,0.4932399672113993,0.5241571759945585
0.5349011758819116,0.5615615615615615,0.8068068068068068,0.3050299108777927,0.5187854265134206,0.4624430995692136
0.9694771078308732,0.7062062062062061,0.782032032032032,0.4988715837940596,0.5213945619756876,0.0
0.5801851388541408,0.7222222222222221,0.4814814814814814,1.0,0.8024207754155257,0.3492404555522612
0.3082311733800351,0.6423923923923922,0.7072072072072071,0.6313479951863543,0.6163018644156478,0.925116416973333
0.6109582186639981,0.623123123123123,0.7637637637637638,0.4540959589793676,0.5683834173395887,0.4294190487817639
0.4233174881160871,0.9717217217217216,0.97022022022022,0.0,0.0,1.0
0.5206404803602703,0.5275275275275274,0.7527527527527527,0.5018312782322061,0.4952386765962642,0.4997715262396009
0.7162872154115588,0.4419419419419418,0.7417417417417417,0.4945375586445052,0.4869368819435966,0.0
0.2144108081060796,0.5225225225225224,0.0,0.0955473777839789,0.9761776863107592,0.0
0.5198899174380787,0.528028028028028,0.7525025025025025,0.5019080175105081,0.4952229799257024,0.499694786961299
0.5208906680010009,0.5275275275275274,0.7522522522522521,0.5017545389539041,0.495177633988524,0.4997401328984774
0.4265699274455843,0.6899399399399399,0.6686686686686687,1.0,0.7227741249106162,0.3563057013795629
0.5203902927195397,0.5275275275275274,0.7522522522522521,0.5018766241693845,0.4952090273296475,0.4997104836318607
0.5206404803602703,0.5275275275275274,0.7522522522522521,0.5018016289655894,0.495177633988524,0.4997715262396009
0.312734550913185,0.5768268268268267,0.8085585585585585,0.4570713500880757,0.1851422292760347,0.5077524111830057
0.4263197398048537,0.5240240240240239,0.7792792792792792,0.5315276348605612,0.5153216945427909,0.5012051554842423
0.3179884913685264,0.6366366366366365,0.7542542542542542,0.5851840870641993,0.5866351570539093,0.9932853131485776
1.0000000000000002,1.0,0.0,0.1638994017824441,0.4863421525367564,0.1234578021173064
0.2929697272954717,0.6233733733733733,0.6904404404404404,0.6337600502293458,0.7286656085947991,0.5345658126515165
0.6670002501876409,0.4461961961961961,0.7314814814814814,0.5141775816662888,0.4827859846172628,1.0
0.8223667750813112,0.573073073073073,0.7217217217217217,0.5120096970542581,0.4912098644854108,1.0
0.0380285213910433,1.0,0.1138638638638638,0.0,0.0215637372028532,0.424825156530687
0.5201401050788093,0.5275275275275274,0.7525025025025025,0.5018155815616443,0.495254373266826,0.4997558295690392
0.5201401050788093,0.5275275275275274,0.7522522522522521,0.5018312782322061,0.495177633988524,0.4997558295690392
0.4973730297723294,0.7787787787787787,0.5773273273273273,1.0,0.6884681793606222,0.6219631302649249
0.5926945208906681,0.6724224224224222,0.7775275275275275,0.4784676561382702,0.4467394527094197,0.0
1.0000000000000002,0.9346846846846846,1.0,0.1914296178732755,0.6029945759282836,0.726529117323892
0.422316737553165,0.6033533533533533,0.7412412412412412,0.53314613600293,0.4942619948724209,1.0
0.3682762071553666,0.4792292292292291,0.7652652652652652,0.6193382981320962,0.4931021853253571,0.5195632837434815
0.5048786589942458,0.5883383383383383,0.7254754754754754,0.5500392416764044,0.5271936097110068,1.0
0.4060545409056794,0.4296796796796796,0.7092092092092092,0.4085128276679979,1.0,0.2569440326490748
0.2907180385288967,0.6093593593593593,0.7602602602602602,0.5922667736365698,0.5254547674276645,1.0
0.3397548161120841,0.7034534534534533,0.4134134134134134,1.0,0.5449587526379127,0.5366412613146834
0.5206404803602703,0.5275275275275274,0.7530030030030029,0.5018312782322061,0.4951933306590858,0.499694786961299
0.1288466349762322,0.5705705705705705,0.6826826826826826,0.5859479916982053,0.8187191516821599,0.3306381568620611
0.5203902927195397,0.5275275275275274,0.752002002002002,0.5017859322950277,0.4951933306590858,0.4996790902907372
0.5203902927195397,0.5275275275275274,0.7527527527527527,0.5018155815616443,0.4951933306590858,0.4997104836318607
0.7310482862146612,0.6203703703703702,0.7835335335335334,0.5600362767497428,0.5152763486056124,1.0
0.5293970477858395,0.572072072072072,0.744994994994995,0.4955438896349652,0.4843730924185081,0.4188900709838324
0.4911183387540657,0.7107107107107106,0.4459459459459459,0.0,0.1986169489160577,0.5275145194202696
0.4448336252189143,0.5477977977977977,0.8148148148148147,0.0,0.5712820691699949,0.4239566074262693
0.5691768826619966,0.604104104104104,0.7332332332332332,1.0,0.6426112283516752,0.4838237089488463
0.5201401050788093,0.5275275275275274,0.7525025025025025,0.5018609274988227,0.4952386765962642,0.4997715262396009
0.5201401050788093,0.5275275275275274,0.7525025025025025,0.5019533634476865,0.4952229799257024,0.4997261803024225
0.5206404803602703,0.5275275275275274,0.7527527527527527,0.5018469749027679,0.4951619373179622,0.4996651376946823
0.5258944208156119,0.4539539539539539,0.7482482482482482,0.3146292969635663,0.4449709611594607,0.5269511833545529
0.4468351263447587,0.4554554554554554,0.7264764764764764,0.4170727453476812,0.0,0.9464656330118424
0.665248936702527,0.5492992992992992,0.6556556556556556,0.4576050368871758,0.9054903465476044,0.5857805605455465
0.5454090567925945,0.904154154154154,0.8698698698698698,0.0595322392172594,0.0285365470812913,1.0
0.557918438829122,0.6834334334334333,0.7492492492492492,0.4627029666707362,0.3564120899244816,0.0
0.3737803352514387,0.5625625625625624,0.9066566566566564,0.462565184784694,1.0,0.2966217276802065
0.4293219914936203,0.6096096096096095,0.7404904904904904,0.5602194045729634,0.5820569614733941,1.0
0.4363272454340757,0.8305805805805805,0.5305305305305305,0.0,0.2728290632575824,0.4949038142909465
0.3745308981736303,0.568068068068068,0.894144144144144,0.564155780734953,1.0,0.3051362994227113
0.4866149612209158,0.5165165165165164,0.761011011011011,0.0,0.5421350960113016,0.5221584666096936
0.850137603202402,0.7384884884884884,0.7615115115115114,0.4530896279889077,0.4515775153914575,0.0
0.4753565173880412,0.4634634634634634,0.7102102102102101,2.9649266616693648e-05,0.5045624989099534,0.4373999337251687
0.5596697523142358,0.5130130130130129,0.6656656656656657,0.4342728081343635,0.0,0.7638261506531558
0.4976232174130599,0.6306306306306305,0.7464964964964964,1.0,0.7758358477074141,0.4062228578404869
0.5586690017513136,0.9429429429429428,0.7595095095095095,0.0,0.3902157420164989,0.7711826569231037
0.8824118088566426,0.653153153153153,0.0005005005005005,0.736632540942149,0.9491061618152328,0.7029823674067356
0.5203902927195397,0.5275275275275274,0.7522522522522521,0.5018469749027679,0.4952090273296475,0.4997104836318607
0.5949462096572431,0.4389389389389388,0.8838838838838838,0.8963653487276977,0.6594886373545877,0.4163559307253606
0.6522391793845386,0.6358858858858858,0.5242742742742742,0.3604565987058967,0.2413938643458849,0.5677276453250083
0.0,0.934184184184184,0.0,0.6089453581456999,0.999923260721698,0.9886460749603224
0.3872904678508883,0.6343843843843843,0.7655155155155156,0.497390864537733,0.4920644609937736,0.0
0.484863647735802,0.4289289289289288,0.6606606606606606,0.4250693269616478,1.0,0.385163158170117
0.4488366274706031,0.4877377377377376,0.6328828828828829,0.1368732232240961,0.4191185447442315,0.4694629994593369
0.4335751813860397,0.4997497497497496,0.7029529529529529,0.6789315799570957,0.1022917139020179,0.812278284528315
0.5203902927195397,0.5275275275275274,0.7527527527527527,0.5018016289655894,0.4953154158745662,0.499694786961299
0.3422566925193896,0.5337837837837837,0.6976976976976976,0.6154769171739016,0.1240071855869682,0.6181941852555941
0.5203902927195397,0.5275275275275274,0.7525025025025025,0.5017405863578492,0.4952229799257024,0.4996494410241205
0.5989492119089319,0.517017017017017,0.7805305305305306,0.5377853741911854,0.5623245025027469,1.0
0.7285464098073557,0.3653653653653653,0.832082082082082,0.537206341454907,0.3616931475312625,0.0
0.4796097072804605,0.4884884884884884,0.7319819819819819,0.3437919667928214,1.0,0.1482271482637738
0.4758568926695022,0.9567067067067064,0.6008508508508508,0.0,1.0,0.699120986448541
0.4893670252689518,0.5362862862862862,0.7942942942942943,0.103727087221166,0.3213282871444268,0.495711320787624
0.7778333750312736,0.3143143143143142,0.7662662662662663,0.4969635662835516,0.4841132253169855,0.7880304166593997
0.6502376782586942,0.5905905905905905,0.5162662662662663,0.4107714041543855,0.4839614908348885,0.6719116800669724
0.3877908431323493,1.0,0.0,0.0,0.8775938748103319,0.6813732842667038
0.5203902927195397,0.5275275275275274,0.7532532532532532,0.5018155815616443,0.4952090273296475,0.4997104836318607
0.4758568926695022,0.6896896896896896,0.7172172172172171,0.0,0.3770898372778485,0.6308753509949945
0.4500875656742558,0.6949449449449449,0.6631631631631631,1.0,0.5876885780560546,0.5451872263983117
0.4993745308981737,0.7272272272272271,0.6013513513513513,1.0,0.8042973995849103,0.4844184383556865
0.5426569927445586,0.6298798798798798,0.7555055055055054,1.0,0.5795088686188674,0.4305788583288278
0.4711033274956218,0.7732732732732732,0.3878878878878878,1.0,0.7995971187889146,0.4145246524931545
0.5201401050788093,0.5275275275275274,0.7527527527527527,0.5018923208399463,0.4951165913807838,0.4997558295690392
0.2379284463347511,0.9797297297297296,0.0,0.712290493049863,0.6347506845492439,0.8576329420792856
0.4878658994245685,0.6544044044044043,0.8023023023023023,0.540731116033277,0.5461482114515932,1.0
0.5206404803602703,0.5275275275275274,0.7525025025025025,0.5018312782322061,0.4952229799257024,0.4997261803024225
0.675256442331749,0.8648648648648647,0.8063063063063063,1.0,1.0,0.1230165512670701
0.5203902927195397,0.5275275275275274,0.7522522522522521,0.5017859322950277,0.4952229799257024,0.499694786961299
0.5203902927195397,0.5272772772772771,0.7522522522522521,0.5018469749027679,0.4951322880513455,0.4997854788356559
0.0930698023517638,0.3738738738738738,0.9674674674674674,0.9914086889791932,1.0,0.5294225369307777
0.5203902927195397,0.5275275275275274,0.7527527527527527,0.5018016289655894,0.4952229799257024,0.4997104836318607
0.0,0.92017017017017,0.9924924924924924,0.4609780769834487,0.6748260285679404,1.0
0.0,0.8918918918918917,0.0,0.0,0.1155833057188203,0.8716727418595323
1.0000000000000002,0.1108608608608608,0.8115615615615615,0.5208922685177111,0.4779636186057868,0.5748225404189267
0.3550162621966476,0.5352852852852852,0.725975975975976,0.6708582590648272,0.7451017667474754,0.489591363343042
0.4946209657242933,0.7069569569569568,0.4654654654654654,0.728986518304062,0.6029492299911052,0.5467272441878717
0.6102076557418065,0.5022522522522521,0.7525025025025025,0.4849992151664719,0.4914383382458098,1.0
0.3034776082061547,0.6463963963963963,0.1826826826826827,0.0,0.0,0.0
0.6602451838879161,0.4947447447447446,0.7577577577577577,0.5162059403177703,0.4891187191516821,0.7483527216282679
0.946459844883663,1.0,1.0,0.0,1.0,0.8427385457906762
0.9324493370027522,0.4557057057057056,0.7640140140140139,0.4852730348640494,0.4833196714163629,0.972820342885048
0.2979734801100826,0.5262762762762762,0.7049549549549549,0.6165146415054851,0.3259378760660655,0.6179953607618117
0.4696022016512385,0.1599099099099098,0.5115115115115115,0.019671416362907,0.3220607984373093,0.4202783542912953
0.5203902927195397,0.5275275275275274,0.7525025025025025,0.5018609274988227,0.4951933306590858,0.4997715262396009
0.6477358018513887,0.4832332332332331,0.6794294294294294,0.389375098104191,0.7280098365802187,0.5992395835150077
0.4295721791343508,0.5287787787787787,0.6514014014014013,0.510255158100354,0.0,0.6658370685595689
0.5201401050788093,0.5272772772772771,0.752002002002002,0.5018312782322061,0.4952386765962642,0.4997104836318607
0.5486614961220917,0.4499499499499498,0.793043043043043,0.1910023196190941,1.0,0.2982245321520135
0.8406304728546412,0.4404404404404403,1.0,0.8330781170971624,0.0,0.8537576085250362
0.5203902927195397,0.5277777777777777,0.7522522522522521,0.5018016289655894,0.4952229799257024,0.4997715262396009
0.5206404803602703,0.5277777777777777,0.7535035035035034,0.5018766241693845,0.4951462406474005,0.4997558295690392
0.6319739804853641,0.6236236236236236,0.5665665665665666,0.4836859270628041,0.0,0.6484556220241728
0.0,1.0,0.6088588588588588,1.0,1.0,0.1097546087168844
0.4610958218663999,0.6506506506506505,0.6739239239239239,1.0,0.5516420461482114,0.5623401991733087
0.5066299724793597,0.7555055055055053,0.5362862862862863,0.0124840853201249,0.4301062141374679,0.4459458988087971
0.5203902927195397,0.5277777777777777,0.752002002002002,0.5018155815616443,0.4952386765962642,0.4997261803024225
0.5203902927195397,0.5272772772772771,0.7522522522522521,0.5018469749027679,0.4952090273296475,0.4997401328984774
0.6207155366524895,0.6118618618618618,0.7615115115115114,0.5025637895250885,0.4961543157123672,1.0
0.5341506129597199,0.5092592592592592,0.7747747747747746,0.7713500880757627,0.5276836946474354,0.4807262326246577
0.1861396047035277,0.8208208208208208,1.0,0.1468074716151874,1.0,1.0
0.2371778834125595,0.909159159159159,0.0002502502502502,0.7155414479306555,0.5946770846050543,0.0
0.0,0.7329829829829828,0.335085085085085,0.0,0.4096412438739383,0.8316444878525211
0.2344258193645235,0.6433933933933933,0.7412412412412412,0.5448506200184872,0.5156269075814919,0.9943683834173396
0.3530147610708032,0.609109109109109,0.9024024024024024,0.6064426112283516,0.7577829324868759,0.4085581736051764
0.5206404803602703,0.5277777777777777,0.7527527527527527,0.5018016289655894,0.4951462406474005,0.4997715262396009
0.5206404803602703,0.5277777777777777,0.7527527527527527,0.5017405863578492,0.4951462406474005,0.499618047682997
0.5203902927195397,0.5272772772772771,0.7525025025025025,0.5018016289655894,0.495177633988524,0.499694786961299
0.6352264198148613,0.9134134134134132,0.0,0.0,1.0,0.4714024103109684
0.49311983987991,0.7237237237237236,0.6446446446446445,1.0,0.6775119033085093,0.4605507787292673
0.7065298974230675,0.7147147147147146,0.5097597597597597,0.9192720233008354,0.6323560702513211,1.0
0.312734550913185,0.7214714714714714,0.6544044044044044,0.6239321903831732,0.7001744074506863,1.0
0.4776082061546161,0.7442442442442441,0.5330330330330331,0.0,0.4144950032265378,0.4909046514467098
0.5203902927195397,0.5277777777777777,0.7530030030030029,0.5018609274988227,0.4951322880513455,0.4997261803024225
0.9024268201150863,0.9451951951951952,0.4572072072072072,1.0,1.0,0.2404171826220416
0.69852389291969,1.0,0.2372372372372372,0.0,1.0,0.7052409438931231
0.5719289467100327,0.5150150150150149,0.5880880880880881,0.500687165355704,0.0,0.8029998081518042
0.631473605203903,0.4456956956956956,0.7817817817817817,0.4955281929644034,0.5076146292969635,0.9743778014196768
0.5203902927195397,0.5275275275275274,0.7522522522522521,0.5018469749027679,0.495254373266826,0.4997261803024225
0.2737052789592195,0.5863363363363362,0.7722722722722721,0.5808500619146449,0.8133003121893367,0.3746638296388022
0.1998999249437079,0.6961961961961961,0.7852852852852852,0.5044107644278564,0.4898372778485096,0.0
0.2411808856642482,0.593093093093093,0.7122122122122121,0.4623820569614734,0.9900954008755254,0.2446430751521705
0.0,0.4582082082082081,0.3415915915915916,0.7112388161222247,1.0,1.0
0.5659244433324995,0.6223723723723723,0.7592592592592592,0.5146502258576486,0.5093848649214294,0.0
0.4858643982987242,0.6806806806806805,0.4096596596596596,0.5760590892442925,0.4844027416851248,0.583063292463854
0.4648486364773581,0.6063563563563562,0.7352352352352352,0.4542023475242862,0.4120532989169297,0.0
0.435576682511884,0.5778278278278277,0.76001001001001,0.6138444634354779,0.0,0.8713221828836528
0.7678258694020517,0.7665165165165164,0.0,1.0,0.3559551424036835,0.6756352791391248
0.1371028271203403,0.6979479479479478,0.0,0.1278528698746011,0.0412334094912534,0.0
0.4478358769076809,0.4822322322322321,0.7222222222222222,0.0,0.5913197411793432,0.3392591171494846
0.5038779084313236,0.4759759759759759,0.7269769769769769,0.5209986570626297,0.0,0.9003941608385511
0.709532149111834,0.5648148148148147,0.6356356356356356,0.6103493381237246,0.0216404764811553,0.6690723267697996
0.6332249186890169,0.4261761761761761,0.7474974974974975,0.497085651499032,0.5581579085058513,0.99694786961299
0.21916437327996,0.7022022022022021,0.1719219219219219,1.0,0.0,0.4100074995203795
0.4343257443082313,0.4682182182182181,0.7607607607607607,0.5149240455552261,0.509186040427647,0.4154106423426409
0.4448336252189143,0.7199699699699699,0.6333833833833833,1.0,0.7520449273592967,0.5226921534087936
0.5466599949962473,0.4947447447447446,0.8315815815815815,0.4089244292516176,1.0,0.2519071454732546
0.4648486364773581,0.523023023023023,0.7257257257257257,0.6481347123149102,1.0,0.3084326002406823
0.7595696772579437,0.6218718718718718,0.5605605605605606,0.5557022516001884,0.136735441338054,0.5881612222474144
0.4108081060795598,0.6183683683683683,0.7374874874874874,0.4338298132096203,0.3919999302370197,0.0
0.4243182386790093,0.6493993993993993,0.7012012012012012,0.644700629610897,0.5148943962886094,0.7245600572056439
0.5906930197648238,0.5247747747747746,0.6571571571571571,0.4817482602856794,0.4002110330153304,0.0
0.3972979734801102,0.5503003003003002,0.6914414414414414,0.6226956415578073,0.0002284737603991,0.6742609484277168
0.4558418814110584,0.5523023023023022,0.6976976976976976,0.7250640947381272,0.0013272406997227,0.7008144827947049
0.6875156367275458,0.4149149149149148,0.7582582582582582,0.5107731482288923,0.4962920975984094,0.946251111847498
0.6079559669752316,0.5663163163163162,0.7595095095095095,0.5311927725552436,0.527254652318747,1.0
0.5201401050788093,0.5275275275275274,0.752002002002002,0.5018469749027679,0.4951619373179622,0.4997401328984774
0.5509131848886666,0.5080080080080079,0.7785285285285285,0.1814796728116225,0.4424525175715507,0.4961839649789839
0.5203902927195397,0.5277777777777777,0.7522522522522521,0.5018155815616443,0.4952229799257024,0.4997558295690392
0.498123592694521,0.4604604604604603,0.8966466466466466,0.2581038421961386,1.0,0.1938713221828836
0.5118839129347011,0.7875375375375374,0.5625625625625625,0.0,0.471294277691543,0.4337373772607565
0.5111333500125095,0.4762262262262261,0.5523023023023023,0.414250832795577,0.0,0.7339920121387585
0.0197648236177133,1.0,0.0,0.777911296370581,0.4657847463243629,0.0
0.5026269702276709,0.7667667667667666,0.6691691691691691,1.0,0.5361058304410764,0.5077070652458273
0.4258193645233926,0.7354854854854853,0.7597597597597596,1.0,0.769412421298638,0.5426844794809634
0.0,0.568068068068068,0.0,0.0,0.9997104836318608,0.8434100144758184
0.5201401050788093,0.5275275275275274,0.7522522522522521,0.5018155815616443,0.495177633988524,0.4998011755062176
0.4125594195646736,0.5603103103103102,0.8538538538538538,0.3986535744807018,1.0,0.216273959223538
0.43832874655992,0.6569069069069068,0.7312312312312312,0.3813942131607862,0.4865863229677172,0.0
0.5198899174380787,0.5277777777777777,0.7530030030030029,0.5017859322950277,0.4951322880513455,0.499694786961299
0.8406304728546412,0.4339339339339338,1.0,0.1238397544343094,0.9218654620925406,0.5077681078535675
0.1403552664498374,0.6416416416416415,0.771021021021021,0.4516246054031428,0.4784519594677084,0.1481957549226503
0.9544658493870404,0.0302802802802802,0.7617617617617617,0.5065315590282017,0.5001220852154804,0.2302370197254826
0.7548161120840633,0.3983983983983983,0.725975975975976,0.4514397335054153,0.5262797146694107,0.1765805675218445
0.8791593695271456,0.1111111111111111,0.7522522522522521,0.535373319148194,0.4798245461046095,0.4840521827092453
0.4978734050537904,0.5435435435435434,0.7484984984984985,0.2175262047194656,0.4482044752951846,0.4057816069902506
0.5236427320490369,0.61011011011011,0.7429929929929929,1.0,0.6157978268831644,0.4937126114027591
0.8013510132599451,0.4834834834834834,0.7622622622622621,0.530550953136718,0.4608716884385301,0.5985995081709891
0.4543407555666751,1.0,1.0,0.0,0.2797582712733488,0.7677485742190906
0.3249937453089818,0.5345345345345345,0.0593093093093093,1.0,0.1049479393759701,0.6912778833911785
0.3727795846885164,0.5190190190190189,0.5723223223223223,0.6085791024992587,0.3131782269738563,0.58735197167623
0.5233925444083064,0.8203203203203202,0.6116116116116116,0.5726860491480196,0.5099045991244746,1.0
1.0000000000000002,1.0,0.0,0.6889565202225438,0.2656417322148002,0.4372168059019481
0.5206404803602703,0.5275275275275274,0.7522522522522521,0.5018469749027679,0.4951165913807838,0.4997401328984774
0.5073805354015513,0.4992492492492492,0.6716716716716716,0.0,0.3245025027469174,0.4439175401573155
0.999499624718539,0.7154654654654653,0.0,0.759523518844725,0.8125834975670161,0.5004272982541814
0.5206404803602703,0.5275275275275274,0.7522522522522521,0.5018766241693845,0.4951322880513455,0.4997104836318607
0.9279459594696025,0.2124624624624624,0.7615115115115114,0.503219561539669,0.5047159774665574,0.1299754085494532
0.3745308981736303,0.5708208208208208,0.6423923923923923,0.6205591502869002,0.5211974815564121,0.653033817604688
0.5208906680010009,0.5277777777777777,0.7530030030030029,0.5019219701065629,0.495177633988524,0.4998168721767794
0.482611958969227,0.557057057057057,0.7494994994994995,0.0,0.4521112021905575,0.4471824476341629
0.299974981235927,0.5813313313313312,0.7289789789789789,0.6132340373580759,0.87950189232084,0.3914052008301795
0.4971228421315988,0.7675175175175174,0.4416916916916916,0.0,0.2896471737272617,0.4352634424542616
0.5123842882161622,0.6406406406406405,0.5958458458458458,0.0,0.4124805971711112,0.4722552627448244
0.5203902927195397,0.5275275275275274,0.7527527527527527,0.5017702356244659,0.4952229799257024,0.4996337443535588
0.6484863647735803,0.607107107107107,0.5880880880880881,0.4892111551005459,0.4470917557598061,0.4690810471423339
0.5481611208406306,0.4306806806806806,0.7319819819819819,0.4922318921464325,0.5100423810105168,1.0
0.7320490367775834,0.622122122122122,0.7172172172172171,0.489896576381743,0.5696792646981879,1.0
0.5203902927195397,0.5265265265265264,0.7522522522522521,0.5017702356244659,0.495177633988524,0.4997715262396009
0.4671003252439331,0.5162662662662661,0.8413413413413413,0.5253780281493625,1.0,0.2051799012853829
0.7348011008256193,0.8488488488488487,0.7272272272272272,0.4861590247135358,0.5664910964996425,0.0
0.6947710783087317,0.4929929929929929,0.6458958958958958,0.3847515565864974,0.0,0.7306643179796641
0.4598448836627472,0.5167667667667667,0.8953953953953953,0.4353715750736872,1.0,0.2167169541482812
0.3942957217913436,0.5838338338338337,0.6919419419419419,0.5431885170134468,0.4619390620367302,0.998625669288592
0.3610207655741807,0.5688188188188187,0.7354854854854854,0.487746132514781,0.4920330676526501,0.5381359331670649
0.5391543657743308,0.4264264264264263,0.6694194194194194,0.7581334914627553,0.4433978059542703,0.4620925405933341
0.1308481361020766,1.0,0.1764264264264264,0.0,1.0,0.5706419938259762
0.5206404803602703,0.5277777777777777,0.7530030030030029,0.5018016289655894,0.4951322880513455,0.4997558295690392
1.0000000000000002,1.0,0.0,0.0,1.0,0.1738493468440972
0.5206404803602703,0.5272772772772771,0.752002002002002,0.5018469749027679,0.4952386765962642,0.4997558295690392
0.4610958218663999,0.4827327327327326,0.6681681681681682,0.3835620977728168,0.0,0.6627849381725588
0.490367775831874,0.4937437437437436,0.6994494494494494,0.4523414200254635,0.0,0.9069553691333694
0.4460845634225671,0.5618118118118117,0.7562562562562563,0.5206620506828051,0.5154751730993948,0.4334025149554389
0.6629972479359522,0.5457957957957957,0.557057057057057,0.5825139089941922,0.1095400875525403,0.6784589357657359
0.4625969477107832,0.7094594594594593,0.474974974974975,0.0523588607705321,0.3740691002319619,0.4241693845161065
0.7490617963472606,0.6769269269269268,0.8313313313313313,0.5217608176221288,0.455515635627954,0.0
0.4803602702026521,0.7760260260260259,0.6356356356356356,1.0,0.7089488462947138,0.5565568481085512
0.7107830873154868,0.4446946946946946,0.7575075075075075,0.5012051554842423,0.5258977623524077,1.0
0.5203902927195397,0.5275275275275274,0.7522522522522521,0.5018155815616443,0.4951933306590858,0.4997104836318607
0.0,0.6599099099099098,1.0,0.9997558295690392,0.9998936114550814,0.9423757782932488
0.5288966725043784,1.0,0.1171171171171171,1.0,0.0,0.0
0.4686014510883163,0.4977477477477476,0.6441441441441441,0.6187121753841324,0.6043218166280063,0.4243839056804507
0.4608456342256694,0.5635635635635634,0.7044544544544544,0.6082442401939411,0.5760433925737307,1.0
0.5286464848636478,0.5748248248248247,0.7635135135135135,0.4834417566318433,0.6132497340286377,0.4565376632889757
0.4736052039029273,0.674174174174174,0.4209209209209209,0.5227235467499172,0.5316497200760416,0.5534279784432391
0.2426820115086316,0.5347847847847846,0.5673173173173173,0.5463627326159374,0.434928580148944,0.5885885205015958
0.5078809106830124,0.4311811811811811,0.6231231231231231,0.4935905261872787,0.0,0.8578474632436297
0.1030773079809858,0.7154654654654653,0.7377377377377377,0.418462772729651,0.4650993250431658,0.0149397422257878
0.487615711783838,0.5097597597597596,0.7897897897897898,0.3527809268011929,1.0,0.1230618972042486
0.5206404803602703,0.5277777777777777,0.7530030030030029,0.5018469749027679,0.4951462406474005,0.4997261803024225
0.8116087065298976,0.8100600600600599,0.6246246246246245,0.4866020196382789,0.4581858136979612,0.0
0.3159869902426821,0.5833333333333333,0.804054054054054,0.4432146781310497,0.9995727017458186,0.2963322113120672
0.8393795346509885,0.2945445445445445,0.8295795795795795,0.5256832411880635,0.4617576782880164,0.0558993320194639
0.2499374530898174,0.7907907907907907,0.7207207207207207,0.3558784031253815,0.4594066658527652,0.0
0.4913685263947962,0.6904404404404403,0.4351851851851852,0.4895774107469871,0.5305980431484033,0.6034829167902053
0.4691018263697775,0.7692692692692691,0.5497997997997998,0.1500880757625965,0.4620925405933341,0.47840661353053
0.6357267950963224,0.8656156156156154,0.214964964964965,1.0,1.0,0.0207998325688473
0.4618463847885916,0.5340340340340339,0.6776776776776776,0.4750178767636953,0.0,0.7526553534366989
0.5221416062046537,0.7464964964964964,0.4834834834834834,1.0,0.6968170640249751,0.656863805221759
0.8731548661496125,1.0,0.9867367367367366,1.0,0.4181261663498264,0.0512600938312085
0.372529397047786,0.563063063063063,0.6909409409409408,0.6678828679561191,0.3918638924254844,0.6285557319008668
0.2509382036527396,0.9824824824824824,0.3561061061061061,0.0,0.7702652737324938,0.6625407677415979
0.3717788341255943,0.5472972972972971,0.7164664664664664,0.5444686677014842,0.5102708547709158,0.0
1.0000000000000002,0.5748248248248247,1.0,0.934989622756684,1.0,0.0740446831888658
1.0000000000000002,0.1096096096096095,0.7617617617617617,0.5110033660637983,0.4912098644854108,0.2095749690426775
0.125093820365274,0.4904904904904904,1.0,0.9838533582154628,1.0,0.000151734482097
0.7390542907180386,0.5983483483483483,0.627127127127127,0.4195161937317962,0.479704204963636,0.0
0.461596197147861,0.523023023023023,0.834084084084084,0.0935469243246071,0.3622564835969792,0.4971466941067722
0.5201401050788093,0.5275275275275274,0.7525025025025025,0.5018469749027679,0.495254373266826,0.4997261803024225
0.1220915686765075,0.7014514514514514,0.3055555555555556,0.0,0.0468493294033521,0.5053717494811378
0.1901426069552164,0.4009009009009008,0.0,0.0298341385143973,1.0,1.0
0.5426569927445586,0.5467967967967967,0.7352352352352352,0.5086227043619304,0.559104940963078,1.0
0.8461346009507131,0.5162662662662661,0.7379879879879879,0.4692502223694996,0.4536233147880077,0.0
0.5326494871153367,0.3881381381381381,0.7389889889889889,0.3028480736697072,0.4565219666184139,0.5055391806337967
0.3355016262196648,0.5768268268268267,0.7797797797797796,0.6197655963862776,0.5414636273261594,0.4869211852730348
1.0000000000000002,1.0,0.839089089089089,1.0,0.0,0.0139944538430681
0.5206404803602703,0.5275275275275274,0.7530030030030029,0.5018155815616443,0.4951619373179622,0.4998325688473412
0.1320990743057293,0.6366366366366365,0.7525025025025025,0.5187243839056804,0.5188935591328462,0.9985960200219752
0.474355766825119,0.7144644644644643,0.5588088088088088,0.0036172105272337,0.4444808762230322,0.5458726476795088
0.3995496622466851,0.5648148148148147,0.8433433433433433,0.4281824999563981,0.9730959066571324,0.36694281179692
0.7080310232674507,0.599099099099099,0.5823323323323323,0.5666881769189179,0.2706629227200586,0.7539075989326264
0.5206404803602703,0.5275275275275274,0.752002002002002,0.5018469749027679,0.4951933306590858,0.499694786961299
0.1636227170377784,0.5913413413413412,0.76001001001001,0.604733418211626,0.9585206760032788,0.2774072588380976
0.5203902927195397,0.5275275275275274,0.752002002002002,0.5018469749027679,0.4951619373179622,0.4997104836318607
0.5201401050788093,0.5275275275275274,0.7525025025025025,0.5018923208399463,0.4952090273296475,0.4996790902907372
0.5203902927195397,0.5277777777777777,0.7522522522522521,0.5018312782322061,0.4952090273296475,0.4997558295690392
0.0,0.9386886886886884,0.0,0.6453424490294225,0.993866089959363,0.9999843033294382
0.4508381285964474,0.5653153153153152,0.3626126126126126,0.0,0.2087203725343147,0.6851108359349112
0.5391543657743308,0.573073073073073,0.7575075075075075,0.982159861869299,0.5499625023981024,0.4828627238955648
0.3860395296472355,0.5162662662662661,0.7069569569569569,0.6261750701989989,0.194070146676666,0.7528070879187958
0.5201401050788093,0.5272772772772771,0.7522522522522521,0.5018923208399463,0.4951619373179622,0.4997261803024225
0.2416812609457094,1.0,0.2359859859859859,1.0,0.2114062472748836,0.2819401084814343
0.5203902927195397,0.5272772772772771,0.7525025025025025,0.5017405863578492,0.4952386765962642,0.4997104836318607
0.0,0.4389389389389388,0.7897897897897898,0.9761166437030188,0.4212393393445768,0.5588136805204318
0.9494620965724296,0.6989489489489489,0.9889889889889888,1.0,0.0,0.5821633500183128
0.0,1.0,1.0,1.0,0.8464621448628286,1.0
0.4543407555666751,0.5745745745745745,0.7307307307307307,0.4542633901320264,0.4605664753998291,0.0
0.5203902927195397,0.5275275275275274,0.7517517517517517,0.5017545389539041,0.495254373266826,0.499694786961299
0.2271703777833376,0.7264764764764764,0.7429929929929929,0.4251007203027713,0.4917295986884559,0.0
0.5208906680010009,0.5277777777777777,0.7522522522522521,0.5018312782322061,0.4951165913807838,0.4997104836318607
0.4938704028021017,0.6906906906906906,0.4504504504504504,0.5328095296231055,0.4872263983117358,0.5386853166367267
0.4956217162872155,0.6416416416416415,0.7317317317317317,1.0,0.6306765265012122,0.4473202295202051
0.4363272454340757,0.4466966966966966,0.6391391391391391,0.5775851544377976,0.0,0.8108289586131119
0.9762321741305982,0.869119119119119,0.7782782782782782,0.412266076006767,0.4180354744754696,0.0
0.6527395546659996,0.6266266266266265,0.6073573573573573,0.4552557685264314,0.713282871444268,0.4747894030032963
0.5196397297973482,0.5277777777777777,0.7522522522522521,0.5018923208399463,0.495254373266826,0.4997558295690392
0.294971228421316,0.6346346346346345,0.7134634634634633,0.6229851579259466,0.4384847480684375,0.9103894518373824
0.5206404803602703,0.5275275275275274,0.7527527527527527,0.5018766241693845,0.4952090273296475,0.4997104836318607
0.5356517388041032,0.5095095095095095,0.6911911911911912,0.5015714111306835,1.0,0.1347210352826273
0.0,0.9899899899899898,0.1468968968968969,0.0,0.0,0.1313479951863543
0.0,0.6298798798798798,0.6076076076076076,0.9860979821057956,1.0,0.9998168721767792
0.5111333500125095,0.4259259259259258,0.7552552552552552,0.5787606606554232,0.5017248896872875,0.5033730400962729
0.4916187140355267,0.7449949949949949,0.487987987987988,1.0,0.7554179674555697,0.6232450250274691
0.3132349261946461,0.7349849849849849,0.1766766766766767,0.0,0.0,0.2389207666951532
0.5796847635726796,0.8626126126126125,0.0875875875875876,0.0,1.0,0.5610879536773811
0.5073805354015513,0.7527527527527527,0.5497997997997998,0.9965659172959868,0.6495229956223729,0.6030242251949003
1.0000000000000002,1.0,0.0,0.9997401328984774,0.0040445087814152,0.8064792367929958
0.0,0.4256756756756756,0.0,1.0,1.0,0.9382859235746552
0.4280710532899676,0.629129129129129,0.7635135135135135,0.3984564940614263,0.3699635488428066,0.0
0.675256442331749,0.8966466466466465,0.2837837837837837,0.0,1.0,0.6387184540523572
0.0760570427820866,0.7845345345345344,0.7797797797797796,0.5761811744597729,0.5633308334932068,1.0
0.5203902927195397,0.5275275275275274,0.7532532532532532,0.5017859322950277,0.4951619373179622,0.499694786961299
0.8246184638478861,0.6183683683683683,0.5192692692692692,0.0,0.9858224183337112,1.0
0.3915436577433075,0.5045045045045045,0.8230730730730731,0.5437222038125469,1.0,0.2960269982733662
1.0000000000000002,0.9034034034034032,1.0,0.4613286359593281,0.5454157001587108,0.9777037515042644
0.680760570427821,0.5855855855855855,0.5685685685685685,0.5921900343582678,0.4133648429460906,0.714671154751731
0.5203902927195397,0.5275275275275274,0.7530030030030029,0.5018312782322061,0.4952840225334426,0.4997715262396009
0.4623467600700526,0.5955955955955955,0.7204704704704704,0.6085041072954637,0.6419694089331496,1.0
0.5236427320490369,0.6313813813813813,0.5928428428428428,0.0,0.316643703018993,0.5119486544465179
0.2957217913435077,0.6078578578578577,0.8666166166166165,0.5687339763154682,0.8292481294800914,0.3046479585607897
0.5201401050788093,0.5275275275275274,0.7527527527527527,0.5017702356244659,0.495177633988524,0.499694786961299
0.4635976982737054,0.751251251251251,0.5172672672672672,1.0,0.992796972286656,0.0
0.4570928196147111,0.7920420420420419,0.5583083083083082,0.0094929975408549,0.3648220171965746,0.6323246769101976
0.4781085814360772,0.5985985985985985,0.7655155155155156,0.5246001709193017,0.5700612170151909,1.0
0.2922191643732801,0.586086086086086,0.793043043043043,0.5927533704239845,0.5840399741876973,0.3796239775363204
0.3427570678008507,0.5405405405405405,0.8818818818818818,0.366178907162914,1.0,0.1599926748870712
0.430572929697273,0.5350350350350349,0.8015515515515514,0.6212306189720425,1.0,0.2523047944608194
0.5076307230422819,0.699199199199199,0.4456956956956956,0.5055391806337967,0.5078587997279244,0.4799937213317753
0.1303477608206155,0.6969469469469468,0.771021021021021,0.4762387289184994,0.49096569405445,0.5938678340338699
0.9984988741556168,0.6809309309309308,0.0,1.5696670561837767e-05,0.9817936062228578,0.4339675950956625
0.5914435826870154,0.4584584584584584,0.7012012012012012,0.396182220904477,0.0,0.9120062089052444
0.4801100825619215,0.7429929929929928,0.6156156156156156,0.0,0.2972618030242252,0.5057990477353193
0.5203902927195397,0.5277777777777777,0.7527527527527527,0.5018609274988227,0.4951933306590858,0.4997401328984774
0.451088316237178,0.6098598598598598,0.7645145145145145,0.5700612170151909,0.6126393079512357,1.0
0.4681010758068553,0.678178178178178,0.0,1.0,0.0,0.7921795699112266
0.5201401050788093,0.5277777777777777,0.7522522522522521,0.5018312782322061,0.4951462406474005,0.4996651376946823
0.5206404803602703,0.5277777777777777,0.7525025025025025,0.5018609274988227,0.4952090273296475,0.4998168721767794
0.5206404803602703,0.5275275275275274,0.7522522522522521,0.5018469749027679,0.495254373266826,0.4997558295690392
0.5201401050788093,0.5275275275275274,0.7517517517517517,0.5017859322950277,0.4951933306590858,0.4996790902907372
0.4603452589442083,0.7567567567567566,0.5455455455455456,1.0,0.7599037270872211,0.5596543244327398
0.9106830122591946,0.5045045045045045,0.7329829829829829,0.4940945637197621,0.4852887315346111,0.0
0.5494120590442834,0.5260260260260259,0.6619119119119119,0.003829987617071,0.3126445401747563,0.4249332891501125
0.9189392044033028,0.4491991991991991,0.7364864864864864,0.5109266267854963,0.4679369342658318,0.2927306974553953
0.4756067050287717,0.5010010010010009,0.7527527527527527,0.4955892355721436,0.4718890070983832,0.0
0.5203902927195397,0.5272772772772771,0.752002002002002,0.5018155815616443,0.4952386765962642,0.4997104836318607
0.5436577433074807,0.6864364364364364,0.7572572572572571,0.5504822366011476,0.5922057310288296,1.0
0.5731798849136854,0.5655655655655655,0.8908908908908908,1.0,0.0,0.4717826185534646
0.5206404803602703,0.5275275275275274,0.7527527527527527,0.5017859322950277,0.495177633988524,0.4997261803024225
0.6257192894671004,0.5412912912912912,0.6886886886886887,0.4047281859881054,0.8656609170343756,0.4531035805849626
0.5206404803602703,0.5275275275275274,0.7527527527527527,0.5018469749027679,0.4951462406474005,0.4997104836318607
0.4858643982987242,0.5155155155155154,0.6268768768768769,0.5133526344245426,0.6837696426391335,0.5124073460418229
0.5198899174380787,0.5275275275275274,0.7527527527527527,0.5018312782322061,0.495254373266826,0.4997558295690392
0.5734300725544159,0.5182682682682682,0.7592592592592592,0.3227165704518897,1.0,0.081218061635593
0.5203902927195397,0.5275275275275274,0.7522522522522521,0.5018312782322061,0.4951933306590858,0.4997558295690392
0.4058043532649488,0.5560560560560559,0.7527527527527527,0.7221340495665974,0.5988890245391283,0.4896837992919057
0.1543657743307481,0.543043043043043,0.6606606606606606,0.5888012975914331,0.9781467464290076,0.3604112527687182
0.0,1.0,0.4146646646646647,0.0,0.0793396933917017,0.3483248164361582
0.3540155116337254,0.569069069069069,0.6896896896896896,0.6711320787624047,0.6706297853044282,0.3773200551127544
0.3465098824118089,0.5943443443443442,0.8355855855855856,0.4627029666707362,0.7660079878612414,0.4020266145769747
0.5296472354265701,0.4179179179179178,0.7542542542542542,0.4924760625773933,1.0,0.238172558731709
0.5586690017513136,0.6373873873873873,0.3863863863863864,0.3734900674956834,0.4608716884385301,0.513474719640023
1.0000000000000002,0.8375875875875876,0.0,0.0,1.0,0.0398451261837906
0.5186389792344259,0.5090090090090089,0.7765265265265264,0.8059298533233339,0.5458429984128922,0.5438582416240821
0.4766074555916939,0.7259759759759759,0.5035035035035035,1.0,0.5576399183773131,0.5130317247152798
0.5519139354515888,0.6516516516516515,0.7239739739739739,0.4609170343757085,0.4851823429896925,0.0
0.5171378533900427,0.4209209209209208,0.7507507507507507,0.5270872211660882,0.4982594136421508,0.4765439419572004
0.4793595196397299,0.4997497497497496,0.8128128128128127,0.4251914121771282,1.0,0.093166716082111
0.3527645734300726,0.5355355355355355,0.6468968968968969,0.6271831452639657,0.2742190906395522,0.546315642604252
0.1926444833625219,0.903153153153153,0.0,0.5927237211573678,0.5390829656242915,0.0
0.0280210157618214,0.5255255255255254,0.5958458458458458,0.0,0.7995360761811745,0.4686240996215358
0.0137603202401802,1.0,0.4504504504504504,0.0,0.6246943509426722,1.0
0.5414060545409058,0.6303803803803802,0.7572572572572571,1.0,0.6374993459720599,0.4863421525367564
0.4773580185138855,0.7292292292292291,0.4822322322322322,0.0133229851579259,0.405903692205731,0.5306433890855817
0.4345759319489618,0.4469469469469468,0.9034034034034032,0.3034131538099308,1.0,0.27408130875351
0.6477358018513887,0.9964964964964964,0.3498498498498498,1.0,1.0,0.0
0.2446835126344759,0.4964964964964964,0.766016016016016,0.5199609327310463,0.4853654708129131,0.5408218079076338
1.0000000000000002,0.6046046046046045,0.4084084084084084,0.572884873641802,0.6890332595008459,1.0
1.0000000000000002,0.7469969969969968,0.0,0.3724523431641,0.0,0.6219474335943631
0.4003002251688767,0.627127127127127,0.7444944944944945,0.476880548337025,0.4632680468109598,0.0
0.4485864398298725,0.5565565565565564,0.7525025025025025,0.3803721854997646,0.3137590037846417,0.0
0.6174630973229924,0.5745745745745745,0.7627627627627627,0.4806948392835342,0.4705164204614821,0.0
0.5203902927195397,0.5275275275275274,0.7525025025025025,0.5018155815616443,0.4951165913807838,0.499694786961299
0.6047035276457344,0.3103103103103102,0.3606106106106106,0.7459249699147148,1.0,0.7504578195580515
0.354766074555917,0.7565065065065064,0.7937937937937938,0.3821581177947922,0.4802378917627361,0.0
0.6164623467600702,0.5885885885885884,0.7394894894894894,0.4737063327345344,0.5021207946003453,0.0
0.5386539904928698,0.5237737737737737,0.7575075075075075,0.4778415333903064,0.4250850236322095,0.0
0.5779334500875658,0.5422922922922921,0.7489989989989989,0.4642290318642412,0.4459772921499206,0.0
0.5203902927195397,0.5275275275275274,0.7522522522522521,0.5018609274988227,0.4952229799257024,0.4997261803024225
1.0000000000000002,1.0,0.0,0.0,1.0,0.0
0.5409056792594448,0.5535535535535534,0.7332332332332332,0.5501002842841446,0.5646284249263128,0.4952229799257024
0.6785088816612461,0.4379379379379378,0.7387387387387387,0.5065158623576399,0.5075849800303469,0.9996494410241206
0.4733550162621968,0.7680180180180178,0.5943443443443444,0.0,0.2941939759666533,0.4893942829237665
0.5303977983487617,0.5310310310310309,0.7860360360360359,0.7060955404014859,0.5657882344733767,0.5211974815564121
0.5206404803602703,0.528028028028028,0.7530030030030029,0.5018155815616443,0.495254373266826,0.4997104836318607
0.6619964973730299,0.5913413413413412,0.7314814814814814,0.4826028567940422,0.480939009714495,0.0
0.4663497623217414,0.7249749749749749,0.4409409409409409,0.797582712733488,0.6364755742365313,0.5165721959642116
0.597197898423818,0.5925925925925924,0.4557057057057057,0.5370075169611246,0.0003976489875647,0.7085668939777108
0.4966224668501377,0.4729729729729729,0.8073073073073073,0.1817395399131451,0.979550726407032,0.417393655056944
0.5203902927195397,0.5275275275275274,0.752002002002002,0.5018766241693845,0.4952229799257024,0.4996337443535588
0.3582687015261447,0.593093093093093,0.7905405405405405,0.5577463069222317,0.5344576800320909,0.2032422345082582
0.5206404803602703,0.5275275275275274,0.7522522522522521,0.5018609274988227,0.4952386765962642,0.4997401328984774
0.7535651738804104,0.4827327327327326,0.7555055055055054,0.5002738196975774,0.4892111551005459,0.3875141706053683
0.2877157868401302,0.9196696696696696,0.0,1.0,0.4364249960758323,0.7835115196121178
0.5206404803602703,0.5277777777777777,0.7522522522522521,0.5018155815616443,0.495177633988524,0.4997715262396009
0.5203902927195397,0.5272772772772771,0.7525025025025025,0.5018609274988227,0.4952683258628809,0.4997261803024225
0.304978734050538,0.5878378378378377,0.8450950950950951,0.5470342013010796,0.9426513420653332,0.3627448244589009
0.0,1.0,0.6206206206206206,0.0,0.0,0.1397265291173239
0.4726044533400051,0.5578078078078077,0.76001001001001,0.5319409805186878,0.5146955717948271,0.3036573242408916
0.177132849637228,0.7827827827827827,0.0,1.0,0.0412037602246367,0.3254024451924586
0.6249687265449089,0.9599599599599598,0.0,0.8471789594851492,0.0,0.0
0.3234926194645985,0.4742242242242241,0.8018018018018018,0.6290737220294051,0.6907738458586951,0.3023440361372238
0.7267950963222418,0.569069069069069,0.4777277277277277,0.5894570696060135,0.7250187488009487,0.4905070024591451
0.3905429071803854,0.5200200200200199,0.8155655655655656,0.4394003871845405,1.0,0.2469487416502432
0.4453340005003754,0.7357357357357356,0.6791791791791791,1.0,0.5801785932295027,0.4654045380818669
0.5203902927195397,0.5275275275275274,0.752002002002002,0.5018609274988227,0.495177633988524,0.4996790902907372
0.4208156117087817,0.6921921921921921,0.7552552552552552,0.0,0.3883077245059909,0.4277098557650383
0.0,0.8385885885885884,0.0,0.0654376754974973,0.5709768561312939,0.6783961490834889
0.6167125344008008,0.8093093093093092,0.6103603603603603,1.0,1.0,0.0581422118352896
0.4290718038528898,0.5295295295295295,0.8335835835835835,0.0317107626837819,0.3597851300207545,0.3788461203062595
0.6622466850137605,0.5943443443443442,0.4932432432432432,0.4002563789525089,0.6822575300416833,0.514467098034428
0.5203902927195397,0.5275275275275274,0.7522522522522521,0.5018469749027679,0.4952229799257024,0.4997104836318607
0.5068801601200902,0.4907407407407406,0.7955455455455455,0.3463714529884717,1.0,0.2508240752044927
0.3194896172129098,0.4839839839839839,0.7427427427427427,0.5438285923574655,0.6242984460296144,0.4963374435355878
0.3902927195396548,0.5177677677677677,0.8613613613613613,0.4740568917104139,1.0,0.2782635994209672
0.5203902927195397,0.5275275275275274,0.7527527527527527,0.5018469749027679,0.4951933306590858,0.4997261803024225
0.5434075556667501,0.4539539539539539,0.4597097097097097,0.5598827981931388,0.0,0.79620838202208
1.0000000000000002,0.5635635635635634,0.997997997997998,0.2294591624954218,0.0,0.9965502206254252
0.4761070803102328,0.4912412412412411,0.6986986986986987,0.5667195702600415,0.0,0.8162460540314282
0.9694771078308732,0.9814814814814814,0.7479979979979979,0.4046810959764201,0.3030608507595445,0.0
0.4458343757818365,0.7542542542542541,0.6066066066066066,0.0,0.3202591694717198,0.7352739069013028
0.999499624718539,0.4371871871871871,0.7204704704704704,0.5100109876693932,0.4810924882710989,0.838619041805466
0.7453089817363023,0.5975975975975975,0.7017017017017017,0.5018312782322061,0.5326420984704466,1.0
0.6559919939954968,0.5402902902902902,0.6531531531531531,0.3613268918848213,0.0,0.7787658928789438
0.4708531398548913,0.6609109109109108,0.772022022022022,1.0,0.7461691403456755,0.4209044770392591
0.4796097072804605,0.6816816816816815,0.7014514514514514,1.0,0.6713919458639273,0.444878525210597
0.5203902927195397,0.5275275275275274,0.7525025025025025,0.5017859322950277,0.4952090273296475,0.4997715262396009
0.0032524393294972,0.7905405405405403,0.6458958958958958,0.0,0.0,0.97887925772189
0.5311483612709533,0.7507507507507506,0.6313813813813813,1.0,0.6636395346809215,0.4261070512932312
0.6895171378533902,0.5823323323323323,0.4802302302302302,0.5338629506252507,0.4737202853305893,0.5579451314160141
0.4716037027770829,0.7737737737737737,0.5335335335335335,0.0,0.2820935870380383,0.5445907529169646
0.4976232174130599,0.6559059059059058,0.8223223223223222,1.0,0.700190104121248,0.3947015016481504
0.3795346509882413,0.8438438438438437,0.7512512512512513,0.0,0.2306800146502259,0.4517466906186232
0.4505879409557169,0.4754754754754754,0.7489989989989989,0.4504944451226956,0.4008371557632942,0.0
0.5206404803602703,0.5275275275275274,0.7522522522522521,0.5017859322950277,0.4952229799257024,0.4997401328984774
0.0,1.0,0.0342842842842843,1.0,0.0233950154350593,0.9758428240054416
0.4628471353515138,0.5875875875875874,0.6131131131131131,0.5091406944904686,0.0,0.6865008633168809
0.1170878158618965,0.8951451451451451,0.0032532532532533,1.0,0.0233496694978809,0.6791757503880566
0.3377533149862398,0.4867367367367367,0.7477477477477477,0.3022219509217433,1.0,0.1968013673544134
0.2777082812109083,0.5575575575575574,0.8098098098098098,0.5858712524199033,0.6131729947503357,0.980710535954096
0.5221416062046537,0.7369869869869868,0.5072572572572572,0.037586549697403,0.3375045781955805,0.5136125015260652
0.5203902927195397,0.5275275275275274,0.7527527527527527,0.5019080175105081,0.4951165913807838,0.4996790902907372
0.5206404803602703,0.5272772772772771,0.7517517517517517,0.5018155815616443,0.4952229799257024,0.4997261803024225
0.3707780835626721,0.694194194194194,0.7522522522522521,0.5547552191429618,0.5021661405375237,0.2155117986640389
0.4393294971228422,0.4657157157157156,0.8518518518518519,0.5733732145037236,0.9510595252629191,0.2587439175401573
0.1055791843882913,0.9794794794794792,0.2167167167167167,1.0,0.7776514292690584,0.0
0.6342256692519391,0.5282782782782782,0.7349849849849849,0.5273174390009941,0.5368540384045206,1.0
0.5203902927195397,0.5277777777777777,0.752002002002002,0.5018766241693845,0.4951462406474005,0.4997401328984774
0.482611958969227,0.4977477477477476,0.7567567567567567,0.1687514170605368,1.0,0.040577637476673
0.5203902927195397,0.5275275275275274,0.752002002002002,0.5018312782322061,0.4951322880513455,0.4997558295690392
0.5206404803602703,0.5275275275275274,0.7525025025025025,0.5018016289655894,0.4951933306590858,0.4997401328984774
0.0855641731298474,1.0,0.1774274274274274,0.0,0.0240804367162565,0.52411183005738
0.4928696522391795,0.7344844844844844,0.4727227227227227,1.0,0.7805361285034096,0.5412194568951986
0.2019014260695522,1.0,0.3831331331331331,0.0,0.5091563911610304,1.0
0.933199899924944,0.5745745745745745,0.7680180180180181,0.5290859305509531,0.5245844742487399,0.0
0.4393294971228422,0.5477977977977977,0.6944444444444444,0.6536128503409666,0.055503427106406,0.711833545529065
0.224168126094571,1.0,0.0,0.0002895163681392,0.0411130683502798,1.0
0.5201401050788093,0.5275275275275274,0.7530030030030029,0.5018155815616443,0.4951462406474005,0.4997261803024225
0.3600200150112586,0.6043543543543543,0.8638638638638638,0.5770061217015191,0.7165338263250606,0.4193627151751923
0.4195646735051289,0.4559559559559559,0.7047047047047046,0.7021731168355512,0.0,0.8048014371173937
0.5203902927195397,0.5272772772772771,0.7527527527527527,0.5018312782322061,0.4952090273296475,0.4997261803024225
0.5203902927195397,0.5275275275275274,0.7522522522522521,0.5017091930167257,0.4952386765962642,0.4998011755062176
0.5046284713535153,0.7730230230230228,0.5480480480480481,0.0,0.3301341193295777,0.5494288155990024
0.4986239679759821,0.6749249249249248,0.4714714714714714,0.4017057048677119,0.5163297696077577,0.519442942602508
0.5203902927195397,0.5275275275275274,0.7527527527527527,0.5018016289655894,0.4952997192040044,0.4996790902907372
1.0000000000000002,0.1579079079079078,0.7474974974974975,0.5186179953607618,0.5092331304393324,0.0781798838446378
0.5984488366274707,0.7972972972972971,0.5733233233233233,1.0,0.0,0.5412334094912534
0.7818363772829624,0.7792792792792791,0.7507507507507507,0.3983187121753841,0.403842196138619,0.0
0.5313985489116839,0.6554054054054053,0.7887887887887888,0.481320962031498,0.5051729249873554,0.0
0.6504878658994248,0.778028028028028,0.6924424424424425,0.4732947311509147,0.5449273592967891,1.0
0.5281461095821868,0.4849849849849849,0.7945445445445445,0.2241938015592026,0.466152746045311,0.4759788618169768
0.3872904678508883,0.5708208208208208,0.7042042042042042,0.5093552156548128,0.4643511170797216,1.0
0.4123092319239431,0.4339339339339338,0.7630130130130129,0.3264855154612205,1.0,0.3535884332978705
0.2646985238929198,0.7079579579579578,0.3673673673673673,1.0,1.0,0.0501002842841446
0.4430823117338004,0.6811811811811811,0.6891891891891891,1.0,0.6716971589026284,0.5871531471824476
0.5206404803602703,0.5277777777777777,0.7522522522522521,0.5018609274988227,0.4951933306590858,0.4997558295690392
0.7107830873154868,0.5928428428428427,0.5978478478478478,0.6297312381184924,0.0827441268290981,0.7492526640738092
0.158869151863898,0.6859359359359358,0.7555055055055054,0.4533477510159234,0.4955892355721436,0.4857474231299161
0.0,0.6599099099099098,0.28003003003003,1.0,0.6269843207701833,0.4537750492701048
0.4238178633975483,0.6118618618618618,0.616116116116116,0.4975739923609537,0.4657550970577463,0.6014231647976002
0.4555916937703279,0.7652652652652652,0.6463963963963963,1.0,0.57479289115231,0.5237141810698153
0.5203902927195397,0.5272772772772771,0.7517517517517517,0.5018609274988227,0.4951933306590858,0.4997401328984774
0.6484863647735803,0.7682682682682681,0.7322322322322322,0.4927062804122992,0.4411252768718279,1.0
0.5208906680010009,0.5272772772772771,0.7525025025025025,0.5018155815616443,0.4951933306590858,0.4998011755062176
0.3775331498623969,0.5833333333333333,0.766016016016016,0.4769258942742034,0.4779793152763486,0.336543593142299
0.6594946209657244,0.5265265265265264,0.6191191191191191,0.5687950189232084,0.98145874391754,0.5815075780037323
0.5298974230673006,0.5492992992992992,0.7302302302302301,1.0,0.7047682997017632,0.5149240455552261
0.4733550162621968,0.4719719719719719,0.7852852852852852,0.4807105359540959,1.0,0.1664021486997924
0.5103827870903179,0.5400400400400399,0.6386386386386387,0.0,0.4316933219387132,0.3865217922109633
0.21916437327996,0.6664164164164164,0.7462462462462462,0.5069292080157665,0.5140241031096848,0.4277098557650383
0.7730798098573932,0.358108108108108,0.3716216216216216,0.2540436367441617,1.0,1.0
0.5208906680010009,0.5275275275275274,0.752002002002002,0.5018016289655894,0.4952229799257024,0.4996790902907372
0.5201401050788093,0.5277777777777777,0.7527527527527527,0.5018016289655894,0.4952229799257024,0.4997715262396009
0.0022516887665749,0.7872872872872871,0.5242742742742742,0.0,0.0087133962362871,1.0
0.6567425569176885,0.6519019019019018,0.5047547547547547,0.3385126532605473,0.0372202940509618,0.6895826429705076
0.9782336752564426,0.1979479479479479,0.1091091091091091,0.2791774944625634,0.4396445576155013,0.3180005929853323
0.6392294220665501,0.4246746746746745,0.7482482482482482,0.5084395765387097,0.5140241031096848,0.9786804332281076
0.5206404803602703,0.5275275275275274,0.7525025025025025,0.5018016289655894,0.4952386765962642,0.499694786961299
0.5494120590442834,0.5165165165165164,0.7787787787787788,0.5336798228020301,0.509873205783351,1.0
0.2699524643482612,0.6046046046046045,0.7234734734734735,0.5592270261785584,0.5768229938782985,0.7449343355948166
0.38353765323993,0.5350350350350349,0.7960460460460459,0.4591781920923662,1.0,0.2154350593857369
0.5206404803602703,0.5277777777777777,0.752002002002002,0.5019080175105081,0.4952229799257024,0.4997261803024225
0.5203902927195397,0.5275275275275274,0.7527527527527527,0.5018609274988227,0.495177633988524,0.4997558295690392
0.5206404803602703,0.5275275275275274,0.7527527527527527,0.5018016289655894,0.495177633988524,0.4997401328984774
0.5301476107080312,0.4557057057057056,0.7705205205205206,0.3607775084151595,1.0,0.0280028602821912
1.0000000000000002,0.1899399399399399,0.7812812812812813,0.5420880059996163,0.519594677084605,0.0093238223136892
1.0000000000000002,0.5227727727727727,0.3410910910910911,1.0,0.4884315537959782,0.129227200586009
0.5206404803602703,0.5275275275275274,0.7522522522522521,0.5018155815616443,0.4951165913807838,0.4997261803024225
0.4150612959719791,0.5472972972972971,0.8298298298298297,0.4907825662312294,0.9167082337757468,0.2913563667439873
0.4933700275206406,0.5285285285285284,0.7982982982982982,0.4873031375900378,0.4615745504647958,0.4748190522699129
0.4113084813610209,0.4899899899899899,0.7204704704704704,0.5861311195214259,0.000305213038701,0.8672323281650591
0.3672754565924444,0.7377377377377377,0.7730230230230231,0.3836981355843522,0.4870746638296388,0.0
0.3084813610207657,0.7274774774774774,0.1821821821821822,0.0,0.7507787292673143,0.6895669462999459
0.5571678759069303,0.4812312312312311,0.6969469469469469,0.4413677032282819,0.0,0.8203359087500217
0.5208906680010009,0.5275275275275274,0.7527527527527527,0.5018766241693845,0.495177633988524,0.4997558295690392
0.631473605203903,0.887137137137137,0.69994994994995,0.5385021888135061,0.573343565237107,1.0
0.5236427320490369,0.4426926926926926,0.7755255255255256,0.2402794007359994,0.4043462336711024,0.465160367650906
0.8148611458593947,0.579079079079079,0.7172172172172171,0.430334687897867,0.5305056071995395,0.5052200149990408
0.9847385539154369,0.9992492492492492,0.5327827827827828,1.0,0.9312206777473532,1.0
0.1170878158618965,0.8068068068068067,0.974224224224224,0.0041665939968955,0.0,1.0
0.5206404803602703,0.5277777777777777,0.7527527527527527,0.5018155815616443,0.4951933306590858,0.4997715262396009
0.5206404803602703,0.5275275275275274,0.7525025025025025,0.5017545389539041,0.4951322880513455,0.499694786961299
0.4851138353765325,0.6844344344344343,0.4629629629629629,0.8367406735615746,0.6522402637040654,0.5499625023981024
0.5096322241681263,0.6006006006006005,0.7337337337337337,1.0,0.617597711774247,0.4860369394980554
0.3137353014761072,0.573073073073073,0.7835335335335334,0.4858695083453965,0.4797652475713762,0.5601112719535378
0.5203902927195397,0.5275275275275274,0.7525025025025025,0.5018609274988227,0.4952229799257024,0.4997558295690392
0.4308231173380036,0.8608608608608608,1.0,0.0531070687339763,0.7827336623820569,0.2425676264890036
0.6982737052789594,0.5555555555555555,0.5695695695695695,0.5097825139089942,0.1673334844864572,0.6784728883617908
0.4378283712784589,0.6704204204204203,0.7184684684684685,0.5859793850393289,0.625243734412334,1.0
0.5206404803602703,0.5275275275275274,0.7530030030030029,0.5018609274988227,0.4952386765962642,0.4997558295690392
0.5203902927195397,0.528028028028028,0.7527527527527527,0.5018469749027679,0.4952229799257024,0.4997261803024225
1.0000000000000002,0.578078078078078,0.0,1.0,0.0,0.0539320159757225
0.5203902927195397,0.5272772772772771,0.752002002002002,0.5018469749027679,0.495177633988524,0.499694786961299
0.0407805854390793,0.8583583583583583,0.0,0.4408200638331269,0.2474056891710414,0.376587543819872
0.8313735301476108,0.7129629629629628,0.0,0.9050333990268064,0.1048868967682299,0.669804838062682
0.1726294721040781,1.0,0.5878378378378378,1.0,1.0,0.0
0.5749311983987992,0.6676676676676676,0.4006506506506506,1.0,0.9564923173517972,0.3581823255489474
0.6279709782336754,0.6584084084084083,0.5715715715715716,0.601056909151159,0.0,0.6741249106161815
0.5138854140605456,0.7304804804804803,0.5332832832832832,0.0,0.3469818790658737,0.3932521757329473
0.4983737803352516,0.4674674674674673,0.7389889889889889,0.0318642412403857,0.4039032387463592,0.4657237037166227
0.563422566925194,0.4984984984984984,0.4824824824824825,0.5103615466452727,0.5530913720634145,0.4433978059542703
0.4260695521641232,0.4674674674674673,0.6293793793793794,0.7393794582904581,0.2291696461272825,0.6772834295481103
0.3800350262697024,0.6749249249249248,0.7439939939939939,0.7214172349442768,0.5826516908802344,1.0
0.6494871153365025,0.7117117117117115,0.837087087087087,0.4702112074227811,0.4596351396131642,0.0
0.0,0.7740240240240239,0.5805805805805806,0.6578858328827808,1.0,1.0
0.4535901926444834,0.5447947947947946,0.76001001001001,0.4364703420130108,0.4787571725064095,0.2102150443866962
0.6579934951213412,0.5487987987987987,0.7197197197197197,0.3561382702269041,1.0,0.5121317822697385
0.7508131098323745,0.5130130130130129,0.7530030030030029,0.4817168669445558,0.4911802152187941,1.0
0.5203902927195397,0.5277777777777777,0.7527527527527527,0.5018766241693845,0.4951619373179622,0.4997558295690392
1.0000000000000002,0.4969969969969969,1.0,1.0,0.0,0.5965537087744388
0.7052789592194147,0.4677177177177176,0.730980980980981,0.5214556045834278,0.4971920400439507,0.343975094616042
0.5891918939204405,0.5945945945945945,0.5753253253253253,1.0,1.0,0.4211486474702199
0.0062546910182637,0.7560060060060059,0.6846846846846846,0.4029736470342013,0.4527530216090831,0.9868444459947328
0.5614210657993497,0.5838338338338337,0.4579579579579579,0.5708704675863753,0.0,0.7477422955508659
0.0025018764073055,0.6924424424424424,0.0002502502502502,0.0,0.0007778572300609,0.4867851474614995
0.5093820365273957,0.8188188188188187,0.4146646646646647,1.0,0.9930254460470552,0.3435477963618606
0.6054540905679261,0.4439439439439439,0.7727727727727727,0.483534192580707,0.4721349216038509,0.0
0.3970477858393796,0.4894894894894894,0.8025525525525525,0.6216282679596072,1.0,0.2473742958299178
0.2024018013510133,0.351101101101101,0.1428928928928929,0.7229589968083436,0.5689171041386888,0.0256989378586253
0.0,0.7159659659659658,0.8295795795795795,0.0,0.0,0.856687653696566
0.3932949712284214,0.6614114114114114,1.0,1.0,0.7411026039032388,0.4141287475800966
0.8714035526644985,1.0,0.1771771771771772,0.3905663009923784,0.0,0.0
0.5273955466599951,0.7259759759759759,0.5377877877877878,1.0,0.6150810122608438,0.5058286970019359
1.0000000000000002,0.3856356356356356,0.5412912912912913,0.7027381969757748,0.5534733243804175,0.1162704710745243
0.7438078558919191,0.4692192192192191,0.7464964964964964,0.5019219701065629,0.4925231525890786,0.5194725918691246
0.4100575431573681,0.8976476476476476,0.8338338338338338,0.5568149711355669,0.5392660934475121,1.0
0.6247185389041783,0.6996996996996996,0.7540040040040039,0.4685787536843574,0.4220328932451994,0.0
0.4363272454340757,0.7114614614614614,0.746996996996997,0.4951933306590858,0.4851352529780072,0.0
0.6382286715036278,0.7587587587587585,0.798048048048048,0.5163751155449361,0.5364877827580794,1.0
0.0,0.8923923923923922,0.0,1.0,1.0,0.9994209672637216
0.4861145859394547,0.7510010010010009,0.4947447447447447,0.8638906814099099,0.655719692345257,0.5424699583166193
0.0,0.901151151151151,0.7982982982982982,0.4966130073076721,0.4894239321903831,0.9745295359017736
0.6622466850137605,0.522022022022022,0.765015015015015,0.4014475818406962,0.3245792420252193,0.0
0.0515386539904929,0.8948948948948947,0.5197697697697697,0.0,0.5216247798105935,0.6121649196853689
0.4901175881911435,0.6721721721721721,0.7840340340340339,1.0,0.7428885361982663,0.4262151839126568
0.9184388291218416,1.0,0.0332832832832832,1.0,0.806158327083733,0.1147914958927046
0.4728546409807357,0.5050050050050049,0.7882882882882882,0.0,0.4901564434832656,0.4367284650400265
0.5281461095821868,0.6016016016016015,0.6981981981981982,0.5639883495822942,0.4993738772520362,1.0
0.563422566925194,0.5142642642642642,0.5655655655655656,0.4293580061740237,0.0,0.772844759928144
0.5203902927195397,0.5275275275275274,0.7522522522522521,0.5018312782322061,0.4951933306590858,0.4996790902907372
0.69852389291969,0.5618118118118117,0.7645145145145145,0.435157053909343,0.5146955717948271,1.0
0.519139354515887,0.5252752752752752,0.8015515515515514,0.3083715576329421,0.955285417793048,0.3469958316619286
0.7155366524893672,0.6276276276276276,0.7434934934934935,0.4623681043654185,0.5265692310375499,1.0
0.5201401050788093,0.5275275275275274,0.7517517517517517,0.5017702356244659,0.4952386765962642,0.4997558295690392
0.5203902927195397,0.5275275275275274,0.752002002002002,0.5017859322950277,0.495254373266826,0.4997715262396009
1.0000000000000002,0.97022022022022,0.0007507507507508,1.0,0.1596560685072466,0.9904459598514048
0.5203902927195397,0.5272772772772771,0.7530030030030029,0.5018469749027679,0.495177633988524,0.4997401328984774
0.4936202151613711,0.8110610610610609,0.6051051051051051,0.0,0.2567905540924708,0.4902645761026911
0.5419064298223669,0.9799799799799798,0.4817317317317317,1.0,0.000305213038701,0.0
0.5203902927195397,0.5275275275275274,0.7517517517517517,0.5017405863578492,0.4951933306590858,0.4996790902907372
0.84013009757318,1.0,0.7397397397397396,0.4168285749167204,0.4115649580550081,0.0
0.6552414310733051,0.6026026026026025,0.7194694694694694,0.4783909168599682,0.5036311631232886,1.0
0.5581686264698525,0.532032032032032,0.7192192192192192,0.4545075605629872,0.523960095575283,1.0
0.5594195646735053,0.7885385385385384,0.576076076076076,1.0,0.800101156321398,0.4237281336658702
0.5198899174380787,0.527027027027027,0.752002002002002,0.5018609274988227,0.4951933306590858,0.4997558295690392
0.4846134600950714,0.5923423423423423,0.5115115115115115,1.0,0.0019690601182483,0.2527774386521792
0.5206404803602703,0.5277777777777777,0.7525025025025025,0.5018312782322061,0.4950851980396603,0.4997261803024225
0.6700025018764075,0.5913413413413412,0.5793293293293293,0.5669323473498787,0.7693042886792123,0.5167867171285557
0.5206404803602703,0.5275275275275274,0.7522522522522521,0.5018155815616443,0.4952229799257024,0.4997261803024225
0.417312984738554,0.7179679679679678,0.7567567567567567,0.4986413659591537,0.4647016760556011,1.0
0.2439329497122843,0.7402402402402402,0.0,1.0,1.0,1.0
0.5208906680010009,0.5277777777777777,0.7525025025025025,0.5018155815616443,0.4951933306590858,0.4997261803024225
0.977983487615712,0.4922422422422421,0.7505005005005004,0.5126044264610984,0.5260494968345047,0.0
0.5356517388041032,0.5300300300300299,0.542042042042042,0.0,0.3064338908558174,0.4648098086750266
0.3960470352764574,0.97022022022022,0.0,1.0,0.6759090988367022,0.4918656364999912
0.5934450838128598,0.6616616616616615,0.66991991991992,0.5335891309276732,0.0,0.7738371383225491
0.7943457593194898,0.6934434434434433,0.7297297297297297,0.5203114917069257,0.4861747213840975,1.0
0.6845133850387792,0.5993493493493492,0.6403903903903904,0.4893628895826429,0.9972530826516908,0.5245548249821232
0.5464098073555168,0.6266266266266265,0.7229729729729729,0.5047909726703524,0.5040898547185936,1.0
0.5018764073054792,0.4909909909909909,0.7329829829829829,0.8844463435477963,0.5253623314788007,0.5527094197464115
0.4701025769326996,0.7667667667667666,0.22997997997998,1.0,1.0,1.0
0.0,0.8130630630630629,0.0225225225225225,1.0,1.0,1.0
0.3074806104578435,0.6076076076076075,0.7677677677677677,0.3800198824493782,0.4425432094459075,0.0
0.3855391543657744,0.6944444444444443,0.7652652652652652,0.4587508938381848,0.4804506688525733,0.1148978844376231
0.5198899174380787,0.5277777777777777,0.7527527527527527,0.5018766241693845,0.4951619373179622,0.4996790902907372
0.5206404803602703,0.5275275275275274,0.7530030030030029,0.5018609274988227,0.495177633988524,0.4997558295690392
0.7370527895921943,0.4967467467467467,0.7607607607607607,0.4761637337147043,0.4752777438652179,0.0
0.5206404803602703,0.5275275275275274,0.7522522522522521,0.5018469749027679,0.4951462406474005,0.4997261803024225
0.3402551913935452,0.5628128128128127,0.6126126126126126,0.605649057327729,0.5655144147757992,0.5183284789926226
0.5011258443832876,0.4354354354354353,0.6811811811811811,0.5366255646441216,0.4231927027922633,0.5179168774090029
0.5203902927195397,0.5277777777777777,0.752002002002002,0.5018923208399463,0.4951462406474005,0.4997401328984774
0.0152614460845634,1.0,0.0012512512512513,0.0,0.2523501403979978,0.0
0.6434826119589694,0.5050050050050049,0.757007007007007,0.5139787571725064,0.4961996616495456,1.0
0.6327245434075558,0.4894894894894894,0.7567567567567567,0.5071873310427821,1.0,0.3684688769904251
0.519139354515887,0.6173673673673673,0.7535035035035034,0.3542755986535745,0.4880199522123585,0.0
0.521391043282462,0.5277777777777777,0.7525025025025025,0.5018312782322061,0.4951165913807838,0.4997261803024225
0.3057292969727296,0.4647147147147146,0.0803303303303303,0.9984896314770568,0.3914819401084815,0.4843573957479463
0.7010257693269955,0.7017017017017015,1.0,0.2034393149275337,0.0946160419973141,0.9878071751225213
0.4766074555916939,0.4899899899899899,0.7527527527527527,0.5920069065350472,0.476039904424717,0.5206010080750649
0.691268451338504,0.6506506506506505,0.506006006006006,0.4849538692292934,0.2827040131154403,0.7197080419275511
0.3660245183887917,0.5758258258258258,0.7542542542542542,0.510637110417357,0.5183284789926226,0.8457453302405078
0.5203902927195397,0.5275275275275274,0.752002002002002,0.5019080175105081,0.4951619373179622,0.499694786961299
0.688516387290468,0.6534034034034033,0.7677677677677677,0.4684113225316985,0.4873345309311613,0.0
0.5228921691268452,0.9737237237237236,0.0,1.0,0.1627849381725588,0.9999546540628216
0.4553415061295973,0.7757757757757757,0.5918418418418419,0.0,0.1936568010185395,0.6063815686206114
0.5486614961220917,0.5873373373373372,0.7312312312312312,1.0,0.6207579747806826,0.4636186057868392
0.0220165123842882,0.9509509509509508,0.0,1.0,0.0,0.7838481259919423
0.4375781836377284,0.6046046046046045,0.7697697697697696,0.0108952334443727,0.5288435041944992,0.3725430350384568
0.5236427320490369,0.6756756756756755,0.3988988988988989,1.0,0.9154263390132028,0.5732964752254216
0.5208906680010009,0.5275275275275274,0.7530030030030029,0.5019080175105081,0.4951462406474005,0.4997401328984774
0.7172879659744811,0.5447947947947946,0.55005005005005,0.4657550970577463,0.7761253640755533,0.4815354831958421
0.5203902927195397,0.5275275275275274,0.7532532532532532,0.5018766241693845,0.4951322880513455,0.4997401328984774
1.0000000000000002,0.1664164164164163,0.7872872872872873,0.5035858171861102,0.4791391248234125,0.7610024940265447
0.4706029522141607,0.6984484484484483,0.4246746746746747,0.6591834243158867,0.6650749080000697,0.4900954008755254
0.4816112084063048,0.683183183183183,0.7202202202202201,0.0,0.2760503688717582,0.4775973629593456
0.4013009757317989,0.5535535535535534,0.8568568568568569,0.5103162007080942,1.0,0.3553133229851579
0.0,0.8686186186186184,0.535035035035035,0.0,0.0,0.0652388510037149
0.1235926945208907,0.6589089089089089,0.7587587587587588,0.4541570015871078,0.4727296510106912,0.3113783420827737
0.5206404803602703,0.528028028028028,0.752002002002002,0.5018609274988227,0.4952090273296475,0.4996337443535588
0.5203902927195397,0.5275275275275274,0.752002002002002,0.5018016289655894,0.4952386765962642,0.4997715262396009
0.0095071303477608,0.9156656656656654,0.0,1.0,0.0,1.0
0.5293970477858395,0.6704204204204203,0.4857357357357357,1.0,0.7478033381586061,0.4660289167553237
0.4315736802601952,0.8188188188188187,0.504004004004004,0.0,0.3031218933672847,0.4176849154995901
0.5206404803602703,0.5277777777777777,0.7527527527527527,0.5018923208399463,0.4951933306590858,0.4997558295690392
0.2601951463597699,0.7214714714714714,0.7222222222222222,0.4847846940021277,0.4875473080209986,0.8207178610670247
0.4828621466099576,0.4434434434434433,0.6576576576576576,0.2609885414304899,0.4696618239531193,0.5125451279278651
0.9462096572429324,0.3663663663663663,0.766016016016016,0.510637110417357,0.5191063362226834,0.00405846137747
0.6624968726544911,0.5337837837837837,0.761011011011011,0.508423879868148,0.5223869403700926,1.0
0.231923942957218,0.5052552552552552,0.0,0.261445488951288,0.5193505066536442,0.6973193574829517
0.4946209657242933,0.673173173173173,0.6446446446446445,1.0,0.6568951985628826,0.4843887890890699
0.2584438328746561,0.8838838838838837,0.3756256256256256,1.0,0.3727261628616775,0.0
0.5116337252939707,0.6038538538538537,0.8135635635635635,1.0,0.6162251251373458,0.5333449604967124
0.5306479859894923,0.5407907907907907,0.8393393393393392,0.2841376423600816,0.5099045991244746,0.4979542006034498
0.89492119089317,0.4374374374374373,0.7707707707707707,0.4911034759404922,0.4813977013098,0.703805570573975
0.4863647735801852,0.7782782782782782,0.6208708708708708,0.0,0.3160943195493311,0.4189354169210109
0.6147110332749564,0.8903903903903903,0.7867867867867867,0.0,0.7859846172628495,1.0
0.5203902927195397,0.5277777777777777,0.7525025025025025,0.5018923208399463,0.4951322880513455,0.499694786961299
0.4455841881411059,1.0,0.0187687687687688,0.0,0.0684287632767672,0.9967193958525908
0.5524143107330499,0.5548048048048047,0.7412412412412412,0.4897134485585224,0.5434169907738459,1.0
0.4505879409557169,0.4944944944944944,0.6979479479479479,0.540272424437972,0.0,0.7586532256658005
0.6860145108831626,0.3858858858858858,0.7530030030030029,0.4879903029457418,0.4852730348640494,0.2782322060798438
0.4128096072054041,0.5543043043043042,0.6681681681681682,0.7438198719849312,0.2255977815372272,0.6579468754905209
0.5876907680760571,0.9269269269269268,0.9957457457457456,0.0,0.5427001761515252,0.6229398119887681
0.318238679009257,0.832082082082082,0.7667667667667667,0.8181226782008126,0.559867101522577,1.0
0.4243182386790093,0.8153153153153152,0.5730730730730731,0.0,0.3985768352023998,0.3885048049252664
0.5008756567425571,0.5060060060060059,0.7264764764764764,0.2517711076617193,0.523042712384673,0.5099952909988315
0.404053039779835,0.939189189189189,0.0,0.5647208608751766,0.658009662172768,0.0
0.5203902927195397,0.5275275275275274,0.7522522522522521,0.5019219701065629,0.4951619373179622,0.4997558295690392
0.4683512634475858,0.5598098098098097,0.714964964964965,0.0,0.3555278441495021,0.4913319497008912
0.0,0.9687187187187186,0.1468968968968969,0.0,0.0,0.0194411985280011
0.5183887915936954,0.7007007007007006,0.6308808808808808,0.0,0.3462022777613059,0.4500374976018975
0.5203902927195397,0.5277777777777777,0.7525025025025025,0.5018766241693845,0.4952229799257024,0.4996790902907372
0.7240430322742059,1.0,0.3440940940940941,0.0,1.0,0.9970385614873468
0.0,1.0,0.494994994994995,0.0,0.9990233182761568,0.0
0.4185639229422068,0.5217717717717717,0.8763763763763763,0.4362558208486666,1.0,0.1870641993825976
0.5203902927195397,0.5275275275275274,0.752002002002002,0.5018609274988227,0.4952683258628809,0.4997558295690392
0.5121341005754317,0.7139639639639639,0.4301801801801801,0.0800565080140224,0.367858450913023,0.6419397596665329
0.8363772829622218,0.1831831831831831,0.7617617617617617,0.5145891832499084,0.486371801803373,0.4527983675462615
0.5206404803602703,0.5275275275275274,0.7527527527527527,0.5018016289655894,0.4952229799257024,0.4997261803024225
0.5143857893420066,0.8118118118118117,0.6343843843843844,0.624558313131137,0.5259588049601479,1.0
0.5201401050788093,0.5275275275275274,0.7525025025025025,0.5018016289655894,0.495177633988524,0.4997261803024225
0.4998749061796348,0.558058058058058,0.6406406406406406,0.0,0.512941032840923,0.4814726965135951
0.4726044533400051,0.7237237237237236,0.4972472472472472,0.5167570678619391,0.4838394056194081,0.5547395224724
0.4578433825369028,0.5745745745745745,0.7282282282282282,0.0,0.4064216823342693,0.4528297608873851
0.4253189892419315,0.7084584584584583,0.7322322322322322,0.0,0.2990930812564313,0.347728342954811
0.0,0.7945445445445444,0.0,0.5496276400927848,0.4337077279941399,0.2480004185778816
0.6577433074806106,0.7239739739739739,0.6934434434434434,0.4576974728360395,0.5202051031620071,1.0
0.3905429071803854,0.4677177177177176,0.4176676676676676,0.9155327275581212,1.0,0.8977536320351605
0.4240680510382788,0.5853353353353352,0.7374874874874874,0.4194691037201109,0.3832708373301707,0.0
0.5216412309231925,0.5277777777777777,0.7540040040040039,0.5018766241693845,0.4948113783420828,0.4998482655179029
0.4180635476607456,0.4832332332332331,0.8568568568568569,0.4252838481259919,1.0,0.0979123428152851
0.3797848386289718,0.3063063063063062,0.837087087087087,0.2439262605298499,1.0,1.0
0.338754065549162,0.6556556556556555,0.7595095095095095,0.5142525768700839,0.5059821755585399,0.3534820447529518
0.4103077307980987,0.5638138138138137,0.6771771771771771,0.583445244780857,0.1640982262762265,0.7222404381115162
1.0000000000000002,0.8143143143143141,1.0,0.3733819348762579,0.7309084884106248,0.5040445087814152
0.0,0.9119119119119118,0.0082582582582583,1.0,0.9897762352407694,6.104260774025816e-05
0.3900425318989243,0.4164164164164163,1.0,0.9236200010464446,0.3577410746987111,0.2812529431257303
0.4728546409807357,0.797047047047047,0.0,0.4781170971623907,0.3897727470917557,0.4329595200306957
0.6299724793595198,0.5295295295295295,0.6756756756756757,0.3406944904686328,0.0090656992866735,0.7818337199365157
0.5574180635476609,0.396146146146146,0.6834334334334333,1.0,0.6132043880914593,0.4736906360639726
0.3009757317988492,0.5888388388388387,0.8188188188188188,0.5664143572213405,0.7446273784816088,0.3883530704431693
0.5206404803602703,0.5275275275275274,0.7525025025025025,0.5018609274988227,0.4952090273296475,0.4997401328984774
0.5561671253440081,0.5275275275275274,0.7389889889889889,0.5158100354047125,0.5687950189232084,0.5094773008702932
0.5206404803602703,0.5275275275275274,0.7525025025025025,0.5018312782322061,0.4951933306590858,0.4997854788356559
0.3452589442081562,0.5350350350350349,0.6306306306306306,0.5551825173971432,0.2412857317264594,0.6200394160838552
0.5293970477858395,0.7337337337337336,0.5175175175175175,1.0,0.656940544500061,0.4705321171320439
0.4896172129096824,1.0,0.8115615615615615,0.0,1.0,0.8046026126236112
1.0000000000000002,0.9747247247247246,1.0,1.0,0.0,0.3195127055827825
1.0000000000000002,0.4141641641641641,0.7207207207207207,0.5056316165826604,0.5226014615344368,0.0
0.8618964223167378,0.4034034034034033,0.7747747747747746,0.5213195667718925,0.5137502834121074,0.1748260285679404
0.3109832374280711,0.5923423423423423,0.7487487487487487,0.532153757608525,0.505586270645482,0.3731081151786805
0.5203902927195397,0.5277777777777777,0.7522522522522521,0.5018312782322061,0.495177633988524,0.4997104836318607
0.5221416062046537,0.5265265265265264,0.7492492492492492,0.5015103685229433,0.4954514536861015,0.4996790902907372
0.6755066299724795,0.4509509509509509,0.7432432432432432,0.4988558871234979,0.5047002807959956,0.8534820447529519
0.6279709782336754,1.0,0.9902402402402402,0.0,0.8428309817395399,0.8655231351483336
0.5211408556417314,0.5277777777777777,0.752002002002002,0.5018016289655894,0.4952386765962642,0.4997854788356559
0.5206404803602703,0.5272772772772771,0.7525025025025025,0.5017545389539041,0.4952229799257024,0.4997558295690392
0.5203902927195397,0.528028028028028,0.7527527527527527,0.5017859322950277,0.4951933306590858,0.4997104836318607
0.5208906680010009,0.5277777777777777,0.7525025025025025,0.5018312782322061,0.4951933306590858,0.4997558295690392
0.5103827870903179,0.7367367367367366,0.6266266266266266,1.0,0.5884960845527321,0.6138758567766015
0.5151363522641983,0.7972972972972971,0.8383383383383383,0.5243873938294644,0.4845248269006052,1.0
0.524143107330498,0.5422922922922921,0.8345845845845845,0.5083174913232293,0.4400718558696828,0.4349896227566842
0.4921190893169879,0.7247247247247246,0.4837337337337337,1.0,0.6186057868392137,0.5399986047403945
0.2636977733299976,0.7464964964964964,0.6836836836836836,0.3819889425676265,0.4778415333903064,0.0
0.8641481110833127,0.8313313313313312,0.0455455455455455,0.0,1.0,0.3362069867624745
0.8681511133350015,0.3143143143143142,0.5007507507507507,0.3554057589340216,1.0,0.6570469330449797
0.5198899174380787,0.5275275275275274,0.752002002002002,0.5018312782322061,0.4952229799257024,0.4997104836318607
0.5008756567425571,0.7930430430430429,0.0,0.814582206951881,0.4211939934073984,0.3828592357465511
0.4535901926444834,0.7314814814814814,0.6886886886886887,1.0,0.6967856706838516,0.3705286289830302
0.3004753565173881,0.6098598598598598,0.8826326326326326,0.6688438530094005,0.780429739958491,0.2863055269721122
0.5218914185639231,0.6894394394394393,0.7597597597597596,0.0,0.3558487538587648,0.4770026335525054
0.1618714035526645,0.9009009009009008,0.0578078078078078,1.0,1.0,0.9921568969426372
0.0,1.0,0.585085085085085,1.0,1.0,0.1070530373057537
0.4988741556167126,0.7262262262262261,0.6463963963963963,1.0,0.5945096534523955,0.4220171965746376
0.0,1.0,0.1876876876876876,0.0,0.0,0.3034428030765475
0.4711033274956218,0.5172672672672671,0.7512512512512513,0.5363813942131608,0.4960008371557633,0.0
0.4490868151113336,0.5317817817817817,0.7505005005005004,0.4846329595200307,0.4262901791164518,0.4236513943875682
0.3700275206404805,0.5773273273273272,0.700950950950951,0.0,0.5131852032718838,0.4479306555976071
0.5203902927195397,0.5277777777777777,0.7527527527527527,0.5018469749027679,0.4952386765962642,0.4997401328984774
0.5206404803602703,0.5275275275275274,0.7525025025025025,0.5018155815616443,0.4952683258628809,0.4997261803024225
0.5719289467100327,0.4729729729729729,0.2877877877877878,0.0041508973263337,0.4117777351448454,0.6879344925615223
1.0000000000000002,0.6336336336336336,1.0,0.999785478835656,0.2299788966984669,0.3771055339484103
0.0,1.0,0.4054054054054054,0.0,0.0,0.1193539948026579
0.3827870903177384,0.4972472472472471,0.7437437437437437,0.630219578980414,0.48898093726564,0.5431274744057066
0.2619464598448837,0.552052052052052,0.0,0.4832743254791845,0.3900465667893332,0.5683834173395887
0.5206404803602703,0.5267767767767767,0.752002002002002,0.5018609274988227,0.4951462406474005,0.499694786961299
0.3927945959469603,0.3596096096096095,0.8123123123123123,0.2671677974083053,1.0,0.0463470359453756
0.5506629972479361,0.8030530530530529,0.543043043043043,0.3314770566998622,0.4533791443570469,0.0
0.6692519389542159,0.9169169169169168,0.6984484484484484,0.478024661213527,0.4730034707082686,0.0
0.242431823867901,0.4809809809809809,0.2104604604604605,1.0,0.0,0.0853218689502415
0.8441330998248688,0.7322322322322321,0.0,0.9118248251565306,0.0008545965083628,0.5112318398241973
0.4545909432074057,0.6904404404404403,0.6844344344344344,0.0,0.364562150095052,0.5049148019603398
0.1806354766074557,1.0,0.0042542542542542,0.0,0.3539093430071333,0.0
0.4310733049787342,0.4779779779779779,0.7177177177177176,0.7154507560562987,0.0,0.7761253640755533
0.3380035026269703,0.4544544544544543,0.6589089089089089,0.5861154228508642,0.0009470324572266,0.7815285068978146
0.14610958218664,0.7247247247247246,0.7655155155155156,0.4420252193173692,0.4823429896925196,0.2645429652754766
0.2654490868151115,0.6649149149149148,0.7515015015015014,0.4575143450128189,0.4857003331182308,0.3256937056351047
0.4620965724293221,0.8075575575575574,0.5830830830830831,1.0,0.7971397178087448,0.5073861555365645
0.5326494871153367,0.7079579579579578,0.5477977977977978,0.0,0.1027033154856375,0.5826970368174128
0.4863647735801852,0.6298798798798798,0.7990490490490489,0.519748155641209,0.5264767950886862,1.0
0.0,0.9997497497497496,0.2735235235235235,0.0,0.0,0.0116748347489405
0.4888666499874907,0.7327327327327327,0.5182682682682682,0.945398259413642,0.6500584264959799,0.5094616041997314
0.5201401050788093,0.5275275275275274,0.7522522522522521,0.5017405863578492,0.495177633988524,0.4997715262396009
0.5203902927195397,0.5275275275275274,0.7525025025025025,0.5018312782322061,0.495177633988524,0.499694786961299
0.5198899174380787,0.5272772772772771,0.7522522522522521,0.5018155815616443,0.4951619373179622,0.4997558295690392
0.0372779584688516,0.8333333333333333,0.0,1.0,0.3663480823900797,0.3834696618239531
0.0,1.0,0.291041041041041,0.0,0.0797059490381429,0.0
0.5203902927195397,0.5275275275275274,0.7522522522522521,0.5018155815616443,0.4951933306590858,0.4997558295690392
0.4450838128596449,0.7905405405405403,0.4827327327327327,0.0,0.2840765997523414,0.4971466941067722
0.1428571428571429,0.5615615615615615,0.0,0.3328496433367633,0.1049322427054083,0.2656260355442384
0.9757317988491372,0.8485985985985984,0.0,0.0,1.0,0.4152571637860369
0.5394045534150614,0.5350350350350349,0.9184184184184184,0.0409438931231142,0.2855869682752847,0.374984739348065
0.5201401050788093,0.5272772772772771,0.752002002002002,0.5018312782322061,0.4951619373179622,0.4997261803024225
0.4458343757818365,0.5047547547547546,0.9204204204204204,0.3841411305090954,1.0,0.2132828714442681
0.4455841881411059,0.6771771771771771,0.7424924924924925,1.0,0.6208643633256012,0.4579573399375621
0.5206404803602703,0.5275275275275274,0.7530030030030029,0.5018609274988227,0.4951933306590858,0.4997261803024225
0.5061295971978985,0.8125625625625624,0.5605605605605606,1.0,0.8131032317700613,0.4206289132671748
1.0000000000000002,0.822072072072072,0.0,0.0,0.9786804332281076,0.0001674311526588
0.411808856642482,0.6634134134134133,0.7547547547547546,0.5987826359942097,0.6331182308108202,1.0
0.5956967725794348,0.4767267267267266,0.8793793793793793,0.394425937876066,0.6564679003087012,0.4978792053996547
0.6795096322241683,0.6779279279279278,0.8015515515515514,0.5321241083419084,0.5163594188743743,1.0
0.7030272704528397,0.6386386386386386,0.5573073073073073,0.9603990442471702,0.8039154472679073,0.0
0.4063047285464099,0.5317817817817817,0.7049549549549549,0.5771264628424926,0.0146659225282104,0.7176622425310009
0.9939954966224672,0.894144144144144,0.7995495495495495,0.4248861991384272,0.355299370389103,0.0
0.722291718789092,0.5795795795795795,0.642142142142142,0.4828313305544413,0.0041962432635122,0.653506461796048
0.3485113835376533,0.6751751751751751,0.7329829829829829,0.4713396236287214,0.4084203917191342,0.0217311683555121
0.5288966725043784,0.7702702702702702,0.6293793793793794,1.0,0.6954130840469505,0.3721157367842754
0.5206404803602703,0.5275275275275274,0.7527527527527527,0.5018016289655894,0.4951933306590858,0.4997261803024225
0.5043782837127847,0.882132132132132,0.7187187187187187,0.0,0.3084482969112441,1.0
0.4475856892669503,0.5945945945945945,0.8225725725725725,0.398180930289342,0.0109266267854962,0.6222840399741877
1.0000000000000002,1.0,0.0,0.0,1.0,0.6643580933777491
0.8058543907930951,0.6754254254254253,0.4366866866866866,0.0,0.986066588764672,0.9995273558086402
0.6870152614460847,0.9284284284284284,0.0,1.0,0.0,1.0
0.946960220165124,0.2027027027027026,0.7735235235235235,0.5209376144548895,0.4931318345919738,0.1803512566056822
0.0,0.3098098098098097,0.0325325325325325,0.5200673212759649,1.0,0.9316933219387132
0.3582687015261447,0.4331831831831831,0.6226226226226226,0.7267279418176744,0.0,0.888154245949387
0.5131348511383539,0.4834834834834834,0.8218218218218217,0.3259221793955038,1.0,0.127319183075501
0.5434075556667501,0.518018018018018,0.8563563563563563,0.3084482969112441,0.4094581160507177,0.4678148490503514
0.9306980235176384,0.8023023023023022,0.0,0.9317543645464534,0.5124526919790013,0.9719360971100686
0.338754065549162,0.5845845845845845,0.8458458458458458,0.4752934405357797,0.4507543122242182,0.3416397788513525
0.2279209407055292,0.5305305305305305,0.5773273273273273,0.5652092017370982,0.0583863822662504,0.7188987913563667
0.4951213410057544,0.4804804804804804,0.7272272272272272,0.5304916546034847,0.0,0.8714739173657498
0.5303977983487617,0.3766266266266265,0.0560560560560561,0.596539756178384,0.0,0.2322671224514711
0.5344008006004505,0.7104604604604603,0.4542042042042042,0.0,0.4539738737638872,0.4798105935085547
0.7375531648736554,0.569069069069069,0.5590590590590591,0.4386068332839179,0.2893123114219439,0.6573068001465022
0.5201401050788093,0.5282782782782782,0.7547547547547546,0.5019533634476865,0.4950102028358651,0.4997715262396009
0.5203902927195397,0.5272772772772771,0.7522522522522521,0.5018155815616443,0.495100894710222,0.4996494410241205
0.485364023017263,0.4494494494494493,0.7552552552552552,0.0,0.4873031375900378,0.5731586933393795
0.5116337252939707,0.7377377377377377,0.527027027027027,1.0,0.5938992273749935,0.4987338019080175
0.6997748311233427,0.6436436436436435,0.6016016016016016,0.564917941294452,0.0480091389504159,0.6846992343512914
0.6822616962722043,1.0,0.2847847847847848,1.0,1.0,0.0
0.9489617212909685,0.2690190190190189,0.7394894894894894,0.5033869926923278,0.4884943404782252,0.2225770444913407
0.0405303977983488,1.0,0.3493493493493493,0.0,0.2995657254477911,1.0
0.4148111083312485,0.6814314314314314,0.6639139139139139,0.4793379493171948,0.5063937771421595,0.0220520780647749
0.3512634475856894,0.5205205205205204,0.7645145145145145,0.5318642412403858,0.5196871130334688,0.3000087203725343
0.5211408556417314,0.5272772772772771,0.7525025025025025,0.5018016289655894,0.4951462406474005,0.4997558295690392
0.3632724543407556,0.5773273273273272,0.720970970970971,0.5785321868950242,0.5307044316933219,0.489043723947887
0.4741055791843884,0.4594594594594594,0.7777777777777777,0.1769468231682857,1.0,0.169499625023981
0.6264698523892921,0.4344344344344343,0.7562562562562563,0.5038003383504543,0.4913772956380696,0.911336484294609
0.3955466599949964,0.5718218218218217,0.882132132132132,0.5166349826464587,1.0,0.2748138200463924
0.8008506379784841,0.5040040040040039,0.0,1.0,0.0,0.9245216875664928
0.6544908681511135,0.5578078078078077,0.6213713713713713,0.471294277691543,0.9272058182325548,0.7059874077820605
0.5206404803602703,0.5275275275275274,0.7530030030030029,0.5018312782322061,0.4951619373179622,0.4997558295690392
0.5206404803602703,0.5275275275275274,0.7527527527527527,0.5018923208399463,0.4952386765962642,0.4998011755062176
0.440580435326495,0.4952452452452451,0.6433933933933933,0.0,0.5030521303870101,0.579538517885484
1.0000000000000002,0.611111111111111,0.1984484484484485,0.7501369098487887,0.7999023318276157,0.9466644575056248
0.3297473104828622,0.5265265265265264,0.6619119119119119,0.6860578683921377,0.4714477562481469,0.5712820691699949
1.0000000000000002,0.8581081081081079,1.0,0.5296370580951218,0.8721314334548371,0.3886425868113086
0.4858643982987242,0.7299799799799799,0.5427927927927928,0.6802884699234351,0.6000174407450687,0.5350088075762597
0.5043782837127847,0.6901901901901901,0.4804804804804805,0.4929644034393149,0.5412194568951986,0.5571969234525699
0.5331498623967977,0.5450450450450449,0.757007007007007,0.4974972530826517,0.4683188865828348,0.0
0.414560920690518,0.8105605605605604,0.5980980980980981,0.0,0.2825505345588364,0.4716151874008057
0.5221416062046537,0.6248748748748748,0.7204704704704704,0.9995116591380784,0.5074768474109214,0.5714808936637773
0.5203902927195397,0.5275275275275274,0.7522522522522521,0.5018016289655894,0.4952229799257024,0.4997104836318607
0.4866149612209158,0.4534534534534534,0.6956956956956957,0.1979454802309155,1.0,0.2296876362558208
0.9146860145108834,0.3516016016016015,0.771021021021021,0.4874862654132584,0.5050822331129986,0.6281127369761237
0.4595946960220166,0.522022022022022,0.7279779779779779,0.3305300242426356,0.4347297556551616,0.4752323979280395
0.5206404803602703,0.528028028028028,0.7530030030030029,0.5018923208399463,0.4951165913807838,0.4997401328984774
0.4548411308481362,0.4481981981981981,0.7755255255255256,0.4431536355233095,1.0,0.2800181383748714
0.987990993244934,0.9059059059059058,0.9877377377377377,1.0,0.6932905453720983,0.4505101417932574
0.1103327495621717,1.0,0.781031031031031,1.0,1.0,0.1343390829656243
0.8003502626970229,0.3813813813813813,0.7472472472472472,0.494872420949823,0.4915150775241118,0.0
0.5238929196897675,0.6754254254254253,0.4679679679679679,0.2359750248530617,0.4373702844585521,0.4523100266843399
1.0000000000000002,1.0,0.0,0.0,1.0,0.0
0.4438328746559921,0.7474974974974974,0.6781781781781782,0.0,0.2913563667439873,0.5517955247048154
0.4891168376282213,0.4797297297297296,0.7872872872872873,0.1413746795263094,0.5204649702635297,0.4424525175715507
0.5206404803602703,0.5277777777777777,0.7525025025025025,0.5017702356244659,0.4952090273296475,0.4997104836318607
0.4555916937703279,0.8058058058058057,0.6496496496496496,0.0,0.2925458255576678,0.4346844097179831
0.6569927445584189,0.599099099099099,0.7592592592592592,0.4954671503566632,0.5113225316985541,1.0
0.3350012509382037,0.5948448448448448,0.8508508508508508,0.5087447895774108,0.5063937771421595,0.3116382091842963
0.959719789842382,0.3080580580580579,0.781031031031031,0.5216090831400317,0.4655109266267855,0.2065071419851056
0.5201401050788093,0.5277777777777777,0.7530030030030029,0.5018923208399463,0.4951462406474005,0.4997261803024225
0.5206404803602703,0.5277777777777777,0.7525025025025025,0.5018766241693845,0.4951322880513455,0.499694786961299
0.4588441330998249,0.7344844844844844,0.57007007007007,0.0,0.381409909831348,0.4570870467586375
0.0,1.0,0.527027027027027,1.0,1.0,1.0
0.2216662496872655,0.5160160160160159,1.0,0.8504909569736819,1.0,1.0
0.5203902927195397,0.5277777777777777,0.7522522522522521,0.5018016289655894,0.4951619373179622,0.4997715262396009
0.5203902927195397,0.5272772772772771,0.752002002002002,0.5018155815616443,0.4952386765962642,0.4996651376946823
0.5334000500375283,0.822072072072072,0.4792292292292292,0.0,0.7121841045049444,1.0
0.5206404803602703,0.5275275275275274,0.7527527527527527,0.5019219701065629,0.4951462406474005,0.4997854788356559
0.1598699024268202,0.6248748748748748,0.7915415415415414,0.5572736627308719,0.5142839702112074,0.7033939689903552
0.5716787590693021,0.4917417417417417,0.7312312312312312,0.4466487608350629,1.0,0.2605141531646232
0.5248936702526896,0.7137137137137136,0.4241741741741741,1.0,0.8877129950991507,0.3355669114184558
0.7312984738553917,0.7357357357357356,1.0,0.0,0.8239374226066938,0.6551546122050333
0.1738804103077308,0.7710210210210209,0.7512512512512513,0.3837138322549139,0.4582922022428798,0.004745626733174
0.5929447085313987,0.5778278278278277,0.8215715715715715,0.3634319898146049,0.9936672654655806,0.4236967403247467
0.5208906680010009,0.5277777777777777,0.7525025025025025,0.5017859322950277,0.4951165913807838,0.4996790902907372
0.3302476857643233,0.6088588588588587,0.7692692692692692,0.5289952386765963,0.5027172680816925,0.3157891065106302
0.2089066800100076,0.7747747747747746,0.0,1.0,0.317254129096395,1.0
0.5138854140605456,0.7139639639639639,0.5042542542542542,0.0,0.4427263372691281,0.4259099708739557
0.4948711533650239,1.0,0.4426926926926927,0.0,0.9389120463226188,1.0
0.5494120590442834,0.7067067067067065,0.5112612612612613,0.9646249367772992,0.5748382370894884,0.546697594921255
0.5203902927195397,0.5275275275275274,0.7527527527527527,0.5018469749027679,0.495177633988524,0.4997104836318607
0.3515136352264199,0.6749249249249248,0.7717717717717717,0.5147269651359506,0.4869979245513368,0.0
0.5444083062296724,0.522022022022022,0.7422422422422421,0.7098191394736383,0.4688979193191133,0.5213649127090709
0.5951963972979737,0.5385385385385384,0.7632632632632632,0.4888605961246664,0.491652859410154,0.0417531436942986
0.5203902927195397,0.5277777777777777,0.7525025025025025,0.5018766241693845,0.4952090273296475,0.4997261803024225
0.0,0.8986486486486485,0.275025025025025,0.0,0.0001063885449186,1.0
0.581686264698524,0.5578078078078077,0.5985985985985985,0.5186179953607618,0.0,0.8765265012121317
0.5208906680010009,0.5275275275275274,0.7530030030030029,0.5018155815616443,0.4951619373179622,0.4997401328984774
0.7630723042281713,0.5227727727727727,0.7590090090090089,0.4263669183947538,0.883317927341856,0.4513647383016202
0.5203902927195397,0.5277777777777777,0.7527527527527527,0.5018155815616443,0.495177633988524,0.499694786961299
0.3480110082561922,0.6486486486486486,0.0,0.9986117166925372,0.0,0.0804384603310253
1.0000000000000002,0.8130630630630629,1.0,0.2385702077192737,0.6687374644644819,0.6837992919057502
0.4818613960470354,0.6744244244244243,0.3948948948948949,0.645311055688299,0.5989186738057449,0.5751591467987512
0.4370778083562673,0.7537537537537535,0.8643643643643644,0.6765962641924063,0.5559446779566423,1.0
0.8016012009006757,0.6186186186186186,1.0,0.2338995761898948,0.7776374766730034,1.0
0.5111333500125095,0.5725725725725724,0.7404904904904904,1.0,0.5753876205591503,0.5363517449465441
0.0,0.936186186186186,1.0,1.0,1.0,0.1684479480963426
0.6444833625218915,0.5733233233233233,0.0,0.7505956014440937,0.4363482567975304,0.5168634564068577
0.9362021516137105,0.7444944944944943,0.8636136136136136,0.5120096970542581,0.3881856392905105,0.0
0.1368526394796098,0.5603103103103102,0.7339839839839839,0.602124282749359,0.8731848544569825,0.3860491480196034
0.4065549161871404,0.582082082082082,0.7790290290290289,0.5011598095470639,0.4783455709227898,0.2295498543697786
1.0000000000000002,0.2359859859859859,1.0,0.3046793519019132,0.9908750021800932,0.2025393724819924
0.5206404803602703,0.5267767767767767,0.7517517517517517,0.5018469749027679,0.4952229799257024,0.4996651376946823
1.0000000000000002,0.9184184184184184,0.0,1.0,0.0677415979210632,0.9998936114550814
1.0000000000000002,0.7309809809809809,1.0,0.0034794286411915,0.303092244100668,1.0
0.5211408556417314,0.5275275275275274,0.7525025025025025,0.5018016289655894,0.4951165913807838,0.4997715262396009
0.6159619714786091,0.5325325325325324,0.5988488488488488,0.4969792629541134,0.0,0.7284057414932766
0.6574931198398801,0.543043043043043,0.515015015015015,0.5596089784955613,0.3636151176378255,0.6461516996006069
0.9166875156367278,1.0,0.5730730730730731,0.4183249908436088,0.4498997157158554,0.0
0.4508381285964474,0.5017517517517517,0.7147147147147146,0.6375289952386766,0.0,0.7790414566510282
0.5203902927195397,0.5277777777777777,0.7522522522522521,0.5018609274988227,0.495177633988524,0.4997261803024225
0.1768826619964974,0.928178178178178,0.0,0.0,0.3927777874670806,0.0306590857561435
0.1255941956467351,0.5998498498498498,0.8208208208208208,0.3759771177424699,0.4477021818372081,0.2432844411113242
0.8511383537653242,0.4051551551551551,0.741991991991992,0.4960636238380103,0.5011755062176256,0.3523832778136282
0.5206404803602703,0.5277777777777777,0.7522522522522521,0.5017702356244659,0.4952683258628809,0.499694786961299
0.7630723042281713,0.4419419419419418,0.7287287287287287,0.4907215236234892,0.4983065036538361,0.3744510525489649
0.5203902927195397,0.5275275275275274,0.7525025025025025,0.5018312782322061,0.4952090273296475,0.4997715262396009
0.5206404803602703,0.5275275275275274,0.7522522522522521,0.5017545389539041,0.4952090273296475,0.4997558295690392
0.4738553915436578,0.7735235235235234,0.6123623623623623,0.0,0.2238275459127614,0.4560039764898757
0.795346509882412,0.7302302302302301,0.7705205205205206,0.5368086924673422,0.5200376720093483,1.0
0.5201401050788093,0.527027027027027,0.7507507507507507,0.5018312782322061,0.4953450651411828,0.499694786961299
0.4753565173880412,0.5908408408408408,0.6579079079079079,0.0,0.546926068681654,0.3756108620960288
0.5203902927195397,0.5272772772772771,0.7527527527527527,0.5018923208399463,0.4951462406474005,0.4997854788356559
0.5306479859894923,0.7237237237237236,0.6931931931931932,0.3813785164902245,0.2916301864415648,0.0
0.5206404803602703,0.5277777777777777,0.7532532532532532,0.5017702356244659,0.4952229799257024,0.4997854788356559
1.0000000000000002,0.8806306306306305,0.0,0.4874252228055182,0.0,0.0
0.510883162371779,0.5913413413413412,0.7680180180180181,0.5208312259099709,1.0,0.4609030817796536
0.5203902927195397,0.5275275275275274,0.7530030030030029,0.5018609274988227,0.4951619373179622,0.499694786961299
0.4751063297473106,0.4629629629629629,0.7372372372372371,0.5321380609379632,0.0,0.9484189964595288
0.3802852139104329,0.6959459459459458,0.7439939939939939,0.4735528541779304,0.407825662312294,0.0
0.4828621466099576,0.7177177177177176,0.5758258258258258,0.148288190871514,0.5210893489369866,0.5704745626733174
0.4595946960220166,0.654154154154154,0.4286786786786787,0.0122381708146572,0.3120812041090395,0.6753440186964788
0.2426820115086316,0.7479979979979978,0.6906906906906907,0.5715105429303939,0.6392695815965258,1.0
0.6484863647735803,0.6493993993993993,0.5865865865865866,0.5993163227933097,0.0,0.6467464290074472
0.2827120340255192,0.5385385385385384,0.7532532532532532,0.4783909168599682,0.5070512932312469,0.1473865043514659
0.479859894921191,0.7357357357357356,0.4694694694694694,0.7017004726441913,0.5755097057746307,0.5336344768648517
0.5203902927195397,0.5275275275275274,0.7527527527527527,0.5018469749027679,0.4951462406474005,0.499694786961299
0.5611708781586191,0.5603103103103102,0.3178178178178178,0.9784519594677084,0.7760800181383749,0.5646755149379982
0.6289717287965976,0.3403403403403403,0.3906406406406406,0.4555313322985158,1.0,0.8100354047124894
0.4013009757317989,0.8055555555555554,0.6856856856856857,0.0,0.216579172262239,0.6124858293946317
0.819114335751814,0.2612612612612612,0.792042042042042,0.5062716919266791,0.4721645708704676,0.8275842824005442
0.4308231173380036,0.8305805805805805,0.6926926926926926,0.6450075867241049,0.5139177145647662,1.0
0.2649487115336503,0.5142642642642642,0.8055555555555555,0.6296998447773688,0.4742853654708129,0.4249175924795507
0.5208906680010009,0.5275275275275274,0.7527527527527527,0.5018609274988227,0.4951165913807838,0.4997558295690392
0.5611708781586191,0.4614614614614614,0.6884384384384383,0.5032806041474092,0.0,0.7508694211416711
0.5173880410307732,0.6173673673673673,0.7647647647647646,0.3109963897657708,0.4457784676561382,0.5105603711390551
0.5203902927195397,0.5275275275275274,0.7522522522522521,0.5018312782322061,0.4952229799257024,0.4997558295690392
0.349762321741306,0.369119119119119,1.0,0.164753998290807,0.523883356296981,0.647677764794112
0.5734300725544159,0.6006006006006005,1.0,0.0,0.7271395434012942,0.5297573992360953
0.4906179634726046,0.683183183183183,0.4189189189189189,0.5516420461482114,0.5468807227444756,0.5230898023963584
0.3882912184138105,0.517017017017017,0.8601101101101101,0.3514990320386487,1.0,0.2902419031341019
0.4485864398298725,0.7872872872872871,0.5780780780780781,0.0,0.3012452691979002,0.4706228090064007
0.4085564173129848,0.7099599599599599,0.7382382382382382,1.0,1.0,0.3792577218898791
0.0,1.0,0.0,1.0,1.0,1.0
0.2499374530898174,0.5450450450450449,0.6323823823823823,0.6006889094302108,0.4852730348640494,0.5926783752201894
0.3450087565674257,0.4877377377377376,0.6509009009009008,0.605802535884333,0.3534523954863352,0.6491724366464935
0.3847885914435828,0.7224724724724724,0.7067067067067067,0.7309555784223102,0.5867868915360064,1.0
0.583937953465099,0.4892392392392392,0.7657657657657657,0.3445698240228823,1.0,0.1859061339100406
0.5016262196647487,0.4594594594594594,0.9216716716716716,0.0,0.8469975757364354,0.6497828627238955
0.5223917938453841,0.4974974974974974,0.7417417417417417,0.4581090744196592,0.4025463487800199,0.0
0.5251438578934202,0.6646646646646646,0.3666166166166166,0.0,0.3310183651045573,0.4073983640581126
0.0,1.0,0.0,0.3272337234246647,0.4985803233514135,0.6479376318956346
0.5203902927195397,0.5275275275275274,0.7522522522522521,0.5018312782322061,0.495177633988524,0.4998011755062176
0.3585188891668752,0.8818818818818817,0.8135635635635635,0.0,0.1510961508275634,0.4099621535832011
0.1661245934450839,0.7292292292292291,0.0,1.0,1.0,0.6637930132375255
0.5203902927195397,0.5275275275275274,0.7522522522522521,0.5018766241693845,0.495254373266826,0.4997558295690392
0.4696022016512385,0.5292792792792792,0.6839339339339339,0.5137502834121074,0.0,0.7527460453110557
0.3312484363272455,0.4547047047047046,0.0,0.1334077471789594,0.1121666637598758,0.4247344646563301
0.1636227170377784,0.6308808808808808,0.7715215215215214,0.4698763451174634,0.4743464080785531,0.138871932608961
0.4255691768826621,0.5768268268268267,0.7374874874874874,0.4514100842387987,0.3883687671137311,0.0
0.047035276457343,0.7359859859859859,0.0,1.0,0.2898146048799205,0.0699251792036556
1.0000000000000002,1.0,1.0,1.0,0.0,0.2717616896593822
0.349762321741306,0.594094094094094,0.7797797797797796,0.5248600380208243,0.4766206812355024,0.0003366063798245
0.2624468351263448,1.0,0.0,0.0066082983065036,0.3779601304567731,0.0
0.673004753565174,0.8726226226226225,0.7362362362362361,0.4908279121684078,0.5540384045206411,0.0
0.1416062046534901,0.7167167167167166,0.6716716716716716,0.5862375080663446,0.5379388527477894,1.0
0.4545909432074057,0.4769769769769769,0.6644144144144144,0.657245757538762,0.0,0.8004063693600991
0.0550412809607206,0.7047047047047046,0.7342342342342342,0.4540663097127509,0.4784519594677084,0.245909273244153
0.5051288466349764,0.5035035035035034,0.6994494494494494,0.8418699966862584,0.4389120463226189,0.4680433228107504
1.0000000000000002,0.8418418418418416,1.0,1.0,0.0,0.1521635244257634
0.5631723792844635,0.8048048048048047,0.6263763763763763,0.0,0.2366307968676421,0.5994698013499137
0.3194896172129098,0.5588088088088087,0.7565065065065064,0.4659992674887071,0.4787571725064095,0.5246769101976037
0.5709281961471104,0.6348848848848848,0.858108108108108,0.0,0.8652336187801942,0.2837556900430786
0.6700025018764075,1.0,0.0,0.0,1.0,1.0
0.5594195646735053,0.5445445445445445,0.744994994994995,0.5987965885902645,0.4445279662347176,0.5616844271587282
0.5609206905178885,0.6664164164164164,0.98998998998999,0.0,0.6168512478853097,0.6360186267157333
0.5201401050788093,0.5275275275275274,0.752002002002002,0.5018766241693845,0.4952229799257024,0.499694786961299
0.5854390793094822,0.4842342342342342,0.7119619619619619,0.9967961351308928,0.5759213073582503,0.4457645150600833
0.5203902927195397,0.5277777777777777,0.7517517517517517,0.5018312782322061,0.4952386765962642,0.4997104836318607
0.5203902927195397,0.5275275275275274,0.7527527527527527,0.5018766241693845,0.4951462406474005,0.4997401328984774
1.0000000000000002,0.7757757757757757,1.0,0.9986867118963324,0.0,0.7648342257181227
0.0,0.8073073073073072,0.2885385385385385,0.8022829935294835,0.6078779845474999,0.0
0.6502376782586942,0.6656656656656655,0.4269269269269269,0.9933777490974414,1.0,0.0
0.4448336252189143,0.5262762762762762,1.0,0.0363046549348587,0.8772433158344525,0.5798280342536233
0.7150362772079061,0.5215215215215214,0.6288788788788788,0.536824389137904,0.7041107836126759,0.5250117725029213
0.6302226670002503,0.5132632632632632,0.7354854854854854,0.3608682002895164,0.999618047682997,0.3632488619913843
0.6705028771578686,0.2592592592592592,0.1391391391391391,0.8002528908034952,0.0,0.1553848300399393
0.5211408556417314,0.527027027027027,0.7522522522522521,0.5018923208399463,0.4952683258628809,0.4997854788356559
0.4050537903427572,0.2497497497497497,0.3518518518518518,0.5309642987948445,0.9811988768160176,0.3133927481382005
0.3632724543407556,0.4814814814814814,0.7124624624624624,0.6181627919144705,0.4719500497061235,0.5533826325060607
0.7463097322992246,0.5845845845845845,0.7785285285285285,0.4501281894762544,0.8346512723023527,0.3054886024730976
0.5201401050788093,0.5272772772772771,0.7527527527527527,0.5017859322950277,0.4951933306590858,0.4997261803024225
1.0000000000000002,1.0,0.9174174174174172,1.0,0.0,0.0
0.5203902927195397,0.5272772772772771,0.752002002002002,0.5018609274988227,0.4951619373179622,0.4997558295690392
0.5203902927195397,0.5275275275275274,0.7527527527527527,0.5018155815616443,0.4952090273296475,0.4997401328984774
0.5203902927195397,0.5275275275275274,0.7527527527527527,0.5018016289655894,0.4952386765962642,0.4997558295690392
0.4726044533400051,0.6784284284284283,0.7565065065065064,1.0,0.6728569684496921,0.5123620001046445
0.593945459094321,0.4947447447447446,0.7797797797797796,0.5117655266232973,0.4664422624134503,0.0
0.6174630973229924,0.5250250250250249,0.6211211211211211,0.4028201684775974,0.0,0.833948410276087
0.3204903677758319,0.6483983983983983,0.7367367367367367,0.4763154681968014,0.4790466888745487,0.8666986413659592
0.7335501626219667,0.6536536536536536,0.7114614614614614,0.5396933917016935,0.5476428833039747,1.0
0.5203902927195397,0.5275275275275274,0.7527527527527527,0.5018923208399463,0.4951933306590858,0.4997401328984774
0.3034776082061547,0.7692692692692691,0.0,1.0,0.0008702931789246,0.991347646371453
0.5203902927195397,0.528028028028028,0.7527527527527527,0.5017702356244659,0.4952229799257024,0.4997715262396009
0.5206404803602703,0.5275275275275274,0.7525025025025025,0.5018609274988227,0.4951462406474005,0.4997715262396009
0.4736052039029273,0.4704704704704704,0.864114114114114,0.3058391614489771,1.0,0.0759666532954288
0.5026269702276709,0.607107107107107,0.7097097097097096,0.768481085511973,0.51101906273436,0.468761881507578
0.5278959219414562,0.7119619619619618,0.6809309309309308,1.0,0.8916040253239619,0.4127090709315102
0.4901175881911435,0.7169669669669668,0.501001001001001,0.0863299440152083,0.4469225805326403,0.485532901965572
0.5849387040280212,0.4932432432432431,0.730980980980981,0.3554214556045834,1.0,0.366255646441216
0.5201401050788093,0.5275275275275274,0.7527527527527527,0.5018923208399463,0.4952229799257024,0.499694786961299
1.0000000000000002,0.7034534534534533,0.0,1.0,0.0,0.2661161204806669
0.5739304478358771,0.5447947947947946,0.5988488488488488,0.5585102115562377,0.0,0.7737603990442472
0.5491618714035528,0.623123123123123,0.5995995995995995,0.0,0.4286725848928266,0.4566440518338943
0.0,0.8903903903903903,0.8551051051051051,0.6930167256745208,0.5442105446744685,0.9782234857073094
0.510883162371779,0.5345345345345345,0.7667667667667667,0.6783508031463104,0.4384080087901355,0.5333449604967124
0.5203902927195397,0.5275275275275274,0.7527527527527527,0.5017702356244659,0.4950851980396603,0.499694786961299
0.5206404803602703,0.5277777777777777,0.7527527527527527,0.5018312782322061,0.4951619373179622,0.4996651376946823
1.0000000000000002,0.3733733733733733,0.30005005005005,1.0,0.0,0.1251373458674154
0.6950212659494622,0.5450450450450449,0.6191191191191191,0.4495788060065926,0.9605350820587056,0.4883408619216213
0.5203902927195397,0.5275275275275274,0.7525025025025025,0.5018766241693845,0.4950851980396603,0.4997261803024225
0.6334751063297475,0.4484484484484484,0.7154654654654654,0.9773828417950016,0.5066693409142439,0.4063152937893507
0.6292219164373282,0.5177677677677677,0.7527527527527527,0.4887071175680625,0.4660149641592689,0.0
0.5206404803602703,0.5275275275275274,0.7527527527527527,0.5018312782322061,0.4951322880513455,0.499694786961299
0.5311483612709533,0.5412912912912912,0.7612612612612613,0.5320177197969898,0.5642778659504334,1.0
0.7147860895671756,0.6113613613613612,0.6031031031031031,0.5668573521460837,0.6699269232781624,0.596463016900082
0.4908681511133351,0.4314314314314313,0.8095595595595595,0.3827824964682491,1.0,0.2080785531157891
0.1763822867150363,0.6554054054054053,0.8383383383383383,0.6762596578125817,0.5452325723354902,1.0
0.114585939454591,0.9894894894894892,0.0,0.4567818337199365,0.2866107400108132,0.0
0.2842131598699025,0.4449449449449448,0.6786786786786786,0.0,0.9997715262396007,0.5757538762055915
0.5674255691768828,0.5660660660660659,0.5177677677677678,0.5206010080750649,0.0,0.560859479916982
0.4881160870652991,0.4094094094094093,0.6871871871871871,0.5303085267802641,0.0,0.8497584456807994
0.4938704028021017,0.5768268268268267,0.7052052052052051,1.0,0.5925702426007639,0.5770357709681357
0.4130597948461347,0.6951951951951951,0.7487487487487487,0.338160350210161,0.4642586811308579,0.0
0.8321240930698025,0.6078578578578577,0.7287287287287287,0.4552400718558697,0.4898826237856881,1.0
0.5536652489367027,0.339089089089089,0.8546046046046045,0.1653958177093325,0.5056316165826604,0.978024661213527
0.3660245183887917,0.5695695695695695,0.7164664664664664,0.6442436820900989,0.8055496450808379,0.4414897884437623
0.5481611208406306,0.3938938938938938,0.7197197197197197,0.3630203882309852,1.0,0.0908767462546
0.5834375781836378,0.5302802802802802,0.5873373373373373,0.4977571201841743,0.0,0.6696827528472016
0.1973980485364024,0.5060060060060059,0.694944944944945,0.5971798315224026,0.49801524321119,0.4971920400439507
0.607705779334501,0.5765765765765765,0.5092592592592592,0.5574253972129689,0.0288731534611159,0.6300364511571934
0.9434575931948964,0.3508508508508507,0.7765265265265264,0.5042415892006906,0.4724087413014284,0.2019132497340287
0.8443832874655994,0.8355855855855855,0.7439939939939939,0.4750492701048189,0.5440727627884263,0.0
0.597197898423818,0.5915915915915915,0.8573573573573573,0.0,0.2485498020475434,0.6554912185848579
0.6760070052539406,0.5795795795795795,0.477977977977978,0.4727593002773078,0.8200620890524444,0.4082372638959136
1.0000000000000002,0.7472472472472471,1.0,1.0,0.0,0.3564591799361669
0.5206404803602703,0.5275275275275274,0.7527527527527527,0.5018016289655894,0.4951322880513455,0.4997558295690392
0.8051038278709034,0.3148148148148147,0.2194694694694694,0.9863874984739348,0.0,0.482770287946701
0.3630222667000251,0.5885885885885884,0.7447447447447447,0.3946247623698484,0.4751713553202993,0.0
0.5206404803602703,0.5277777777777777,0.7530030030030029,0.5018155815616443,0.4951619373179622,0.4997401328984774
0.5203902927195397,0.5277777777777777,0.7522522522522521,0.5018312782322061,0.4952090273296475,0.4997261803024225
0.5203902927195397,0.5275275275275274,0.7527527527527527,0.5018016289655894,0.4952386765962642,0.4997104836318607
0.4921190893169879,0.7707707707707707,0.541041041041041,1.0,0.6903151542633901,0.492568498526257
0.2054040530397799,0.6388888888888888,0.7447447447447447,0.5479027504054973,0.4998325688473412,0.8006958857282382
0.0,0.6456456456456455,0.3388388388388388,0.5445611036503479,0.5603868357256222,0.835474475469592
0.068051038278709,0.5210210210210209,0.5377877877877878,0.9022097424001954,1.0,0.7765073163925562
0.4265699274455843,0.6211211211211211,0.7442442442442442,1.0,0.901705704867712,0.3345902296946126
0.0,0.7935435435435434,0.0,0.0049287545563946,0.9945218619739437,0.9962310549906692
0.4360770577933451,0.7094594594594593,0.6173673673673673,0.0,0.160924010673736,0.6633343216422205
0.6472354265699276,0.5655655655655655,0.6516516516516516,0.4981844184383557,0.8469051397875718,0.5446988855363901
0.6292219164373282,0.5202702702702702,0.509009009009009,0.5051729249873554,0.802633552505363,0.419455151124056
0.3507630723042283,0.5678178178178177,0.832082082082082,0.3866438774264437,0.9863107591956328,0.2939968955473778
0.5449086815111335,0.7630130130130128,0.4376876876876877,1.0,0.8559551424036835,0.4875176587543819
0.25569176882662,0.5022522522522521,0.6846846846846846,0.6123637441791513,0.3513159042154281,0.6613652615239723
0.5201401050788093,0.5275275275275274,0.7517517517517517,0.5018609274988227,0.4951933306590858,0.4997854788356559
0.4115586690017514,0.6023523523523522,0.7487487487487487,0.5235467499171564,0.5262640179988489,0.7630029474859166
0.5599199399549664,0.5347847847847846,0.8228228228228227,0.3221218410450495,1.0,0.3133003121893367
0.0,1.0,0.1478978978978979,1.0,1.0,1.0
0.5203902927195397,0.5277777777777777,0.7522522522522521,0.5018609274988227,0.4952090273296475,0.4998011755062176
0.3677758318739055,0.5207707707707707,0.6376376376376376,0.6090064007534401,0.5111551005458953,0.5707797757120184
0.5206404803602703,0.5275275275275274,0.7530030030030029,0.5018155815616443,0.4952840225334426,0.4997854788356559
0.4891168376282213,0.7417417417417416,0.6624124124124124,1.0,0.6844707605908924,0.3811796919964421
0.51588691518639,0.4932432432432431,0.7580080080080079,0.120574846957462,0.3613722378219998,0.4638017336100598
0.6237177883412561,0.4582082082082081,0.8523523523523523,0.5087447895774108,0.4423914749638105,0.9634197812930568
0.5466599949962473,0.6458958958958958,0.258008008008008,1.0,0.8846748173081954,0.3771055339484103
0.4373279959969979,0.5192692692692692,0.7922922922922923,0.4975582956903919,1.0,0.1627238955648186
1.0000000000000002,0.4632132132132131,0.8355855855855856,1.0,0.6387184540523572,0.1885152693723076
0.5203902927195397,0.5277777777777777,0.7525025025025025,0.5018609274988227,0.4951619373179622,0.4997104836318607
0.6487365524143109,0.6178678678678677,0.5925925925925926,0.469067094546279,0.6990756405113626,0.5571358808448297
1.0000000000000002,0.6569069069069068,0.8846346346346345,1.0,0.0,0.0730836981355843
0.505879409557168,0.4612112112112111,0.7595095095095095,0.4793379493171948,0.5076146292969635,0.472973821441652
0.4956217162872155,0.6879379379379378,0.7474974974974975,1.0,0.5969042677503182,0.4104661911156845
1.0000000000000002,0.4742242242242241,0.3178178178178178,1.0,0.0,0.0880687862985507
0.443332499374531,0.5763263263263262,0.767017017017017,0.532689188482132,0.5805448488759439,1.0
0.5203902927195397,0.5275275275275274,0.7525025025025025,0.5018312782322061,0.4951933306590858,0.4997261803024225
0.4345759319489618,0.9969969969969968,0.0,0.989287894378848,0.3981198876816018,0.1536599403526519
0.3324993745308983,0.5437937937937937,0.7482482482482482,0.5964176709629035,0.9307619861520484,0.3514222927603467
0.8313735301476108,0.4311811811811811,0.761011011011011,0.5011284162059403,0.4864642377522368,0.3026492491759248
0.3222416812609458,0.7357357357357356,0.777027027027027,0.7322514257809094,0.6319741179343181,1.0
0.5203902927195397,0.5275275275275274,0.7527527527527527,0.5018766241693845,0.4951933306590858,0.4997261803024225
0.8421315986990244,0.4454454454454453,0.9984984984984984,0.6204527617419816,0.0,0.8622582276714861
0.5201401050788093,0.5277777777777777,0.7522522522522521,0.5018016289655894,0.4951619373179622,0.4997401328984774
0.7645734300725546,0.5060060060060059,0.6018518518518519,0.4759195632837434,0.986066588764672,0.5416764044159966
0.5066299724793597,0.533033033033033,0.6041041041041041,0.7203481172715698,0.6460592636517432,1.0
0.6002001501125847,0.4577077077077076,0.803053053053053,0.9147077803163752,0.4697996058391614,0.4741179343181541
0.8233675256442334,0.2532532532532532,0.7775275275275275,0.5136125015260652,0.4782688316444878,0.0712070739661998
0.5203902927195397,0.5275275275275274,0.7527527527527527,0.5018469749027679,0.4951933306590858,0.499694786961299
0.5216412309231925,0.5355355355355355,0.8363363363363363,0.1524390881978478,0.5900221497462371,0.3851335089035003
0.1728796597448086,0.5200200200200199,0.6178678678678678,0.6081361075745155,0.6324171128590613,0.472515129846347
0.5201401050788093,0.5277777777777777,0.7522522522522521,0.5018016289655894,0.4952229799257024,0.4998168721767794
0.5203902927195397,0.5275275275275274,0.7522522522522521,0.5018312782322061,0.4951619373179622,0.4997261803024225
0.4881160870652991,0.4994994994994994,0.7537537537537538,0.6166820726581439,0.0,0.795050316549523
0.4105579184388293,0.5400400400400399,0.762012012012012,0.495482847027225,0.4463888937335403,0.0
0.6497373029772331,0.5472972972972971,0.7332332332332332,0.3627308718628459,0.9613600293004516,0.2578596717651777
0.5201401050788093,0.5275275275275274,0.752002002002002,0.5018155815616443,0.4952229799257024,0.4997261803024225
0.5203902927195397,0.5277777777777777,0.7525025025025025,0.5018016289655894,0.4952090273296475,0.4997558295690392
0.5171378533900427,0.5550550550550549,0.7049549549549549,1.0,0.5983553377400282,0.4952997192040044
0.615461596197148,0.4814814814814814,0.7927927927927927,0.3474841725238502,1.0,0.2931719483056316
0.5198899174380787,0.5275275275275274,0.7530030030030029,0.5018312782322061,0.495100894710222,0.4998011755062176
0.0507880910683012,1.0,0.3651151151151151,1.0,0.8081587805431047,0.0
0.5206404803602703,0.5275275275275274,0.7527527527527527,0.5018609274988227,0.4951462406474005,0.4997401328984774
0.3722792094070554,0.4879879879879879,0.6834334334334333,0.6797704797948968,0.0477667125939619,0.6990442471702392
1.0000000000000002,0.9386886886886884,0.0,0.0294835795385179,0.9990233182761568,0.1645551737970246
0.5203902927195397,0.5272772772772771,0.7522522522522521,0.5018312782322061,0.4952090273296475,0.4997401328984774
0.6054540905679261,0.5653153153153152,0.7204704704704704,0.4269773444721558,0.6104574707431502,0.6040009069187435
0.4813610207655743,0.4944944944944944,0.7745245245245245,0.2965606850724663,0.9148909081395956,0.2398050124701327
0.5726795096322244,0.5685685685685685,0.7397397397397396,0.5305823464778415,0.537968502014406,1.0
0.524143107330498,0.5147647647647646,0.8143143143143142,0.3250815354831958,1.0,0.3482323804872944
0.4906179634726046,0.6849349349349348,0.4236736736736736,0.6032840922964229,0.5313602037079024,0.5781798838446378
0.6247185389041783,0.579079079079079,0.5082582582582582,0.3443413502624832,0.8520013254966252,0.50903430594555
0.4008006004503379,0.5357857857857857,0.8533533533533533,0.3739627116870432,0.994704989797164,0.2882745870903604
0.636477358018514,0.5450450450450449,0.652152152152152,0.5041822906674573,0.0,0.6575195772363396
0.6069552164123093,1.0,0.0,0.9799937213317752,0.655261000749952,0.0
0.5599199399549664,0.5232732732732732,0.7464964964964964,0.5128032509548808,0.5464987704274726,0.5018155815616443
0.699024268201151,0.5755755755755755,0.6123623623623623,0.5267052688490852,0.1593212062019289,0.7319933027538936
0.599449587190393,0.6046046046046045,0.6133633633633633,0.0,0.3278894954392451,0.3997383888239705
0.9412059044283214,0.5875875875875874,0.4109109109109109,0.0028533058932277,0.948403299788967,1.0
0.7187890918188643,0.5758258258258258,0.6921921921921921,0.4632227008737813,0.671561121091093,0.5623088058321851
0.5206404803602703,0.5277777777777777,0.7525025025025025,0.5018469749027679,0.4951322880513455,0.4997558295690392
0.6802601951463599,0.5850850850850849,0.736986986986987,0.5301393515530983,0.519748155641209,1.0
0.3272454340755568,0.6416416416416415,0.7747747747747746,0.3904895617140764,0.4449849137555156,0.0
0.3347510632974732,0.6236236236236236,0.7567567567567567,0.5947084779461779,0.1995168913615989,0.5674067356157455
0.0,1.0,0.0,0.9697071698902976,1.0,1.0
0.8696522391793847,0.4179179179179178,0.7484984984984985,0.4942776915429827,0.5136892408043672,0.0972565708007046
0.5649236927695773,0.5307807807807807,0.5380380380380381,0.0,0.3564434832656051,0.3595706088564103
0.6357267950963224,0.4674674674674673,0.771021021021021,0.5111254512792787,0.4814273505764166,0.5334216997750144
0.409557167875907,0.5650650650650649,0.8551051051051051,0.6899488986169489,0.5410049357308544,0.4659539215515287
0.4841130848136103,0.4839839839839839,0.586086086086086,0.0,0.5396323490939533,0.5107888448994541
0.4716037027770829,0.5225225225225224,0.6914414414414414,0.6146083680694839,0.0,0.8392748138200463
0.5171378533900427,0.6864364364364364,0.4144144144144144,0.3383591747039434,0.4479620489387306,0.6441512461412351
0.3572679509632225,0.648148148148148,0.7725225225225225,0.5248286446797007,0.4731412525943108,0.0
0.4713535151363524,0.7505005005005003,0.5743243243243243,0.0,0.2547308020998657,0.4633744353558784
0.0,0.854104104104104,0.798048048048048,0.4086349128834783,0.444650051450198,0.0783787083384202
0.3870402802101577,0.5655655655655655,0.7224724724724725,0.5300329630081797,1.0,0.251647278371732
0.49311983987991,0.5487987987987987,0.8596096096096095,0.2520902732964752,1.0,0.0798751242653086
0.3620215161371029,0.5155155155155154,0.8838838838838838,0.4830755009854021,1.0,0.3079599560493224
0.5203902927195397,0.5277777777777777,0.7525025025025025,0.5018312782322061,0.495254373266826,0.4997104836318607
0.6399799849887418,0.6438938938938938,1.0,1.0,0.0,0.3152083296998448
0.7698273705278962,0.5800800800800799,0.741991991991992,0.4910720825993686,0.4328077855485986,0.0
0.3239929947460597,0.5568068068068067,0.8338338338338338,0.4938957392259797,0.8902767846242392,0.4390027381969758
0.5206404803602703,0.5277777777777777,0.7527527527527527,0.5018312782322061,0.4951619373179622,0.4997854788356559
0.5566675006254692,0.7029529529529528,0.47997997997998,0.3310044125085023,0.5232118876118388,0.5054170954183163
0.7673254941205907,0.3881381381381381,0.7797797797797796,0.5082564487154891,0.4793222526466331,0.9674189441372936
0.7698273705278962,0.5733233233233233,0.6736736736736736,0.4810000523222352,0.6233828069135113,0.60595427036643
0.3142356767575682,0.5513013013013012,0.8746246246246245,0.5213195667718925,0.7672741859532239,0.3690182604600869
0.5133850387790845,0.5327827827827827,0.7580080080080079,0.9711111498683224,0.6059246210998134,0.5149850881629663
0.5651738804103079,0.4124124124124123,0.821071071071071,0.7226066937579574,0.4384987006644923,0.4920958543348971
0.4430823117338004,0.8375875875875876,0.6544044044044044,0.0,0.2286656085947991,0.6282505188621658
0.1996497373029773,0.5750750750750749,0.0,0.96140537523763,1.0,0.8125538483003993
0.4568426319739806,0.5843343343343342,0.6566566566566566,0.4792769067094546,0.5490782566231229,1.0
0.5123842882161622,0.7189689689689689,0.6961961961961962,1.0,0.6434815215305998,0.546010429565551
0.3239929947460597,0.6401401401401401,0.7382382382382382,0.5099342483910912,0.4803896262448331,1.0
0.5849387040280212,0.847097097097097,0.5635635635635635,0.606031009644732,0.5279121684078344,1.0
1.0000000000000002,0.1116116116116116,0.7917917917917918,0.5405619408061112,0.5096900779601304,0.0033416467551494
0.5111333500125095,0.554054054054054,0.78003003003003,0.1650138653923296,0.4671137310985925,0.3585799745365122
0.5201401050788093,0.5275275275275274,0.7530030030030029,0.5018766241693845,0.4951462406474005,0.4997715262396009
0.5203902927195397,0.5277777777777777,0.7522522522522521,0.5018469749027679,0.4951933306590858,0.4997558295690392
0.4881160870652991,0.4954954954954954,0.7012012012012012,0.4406369360099063,0.0,0.8966845143624536
0.0,0.7602602602602602,1.0,0.0,0.7697176343373389,0.9998779147845196
0.5206404803602703,0.5272772772772771,0.7522522522522521,0.5018766241693845,0.4951619373179622,0.4997261803024225
0.4686014510883163,0.4294294294294293,0.6461461461461461,0.1063519193539948,0.5290405846137747,0.4704100319165635
0.4370778083562673,0.596096096096096,0.7342342342342342,0.3410293527739505,0.4499607583235956,0.1160263006435635
0.7082812109081813,0.5948448448448448,0.5790790790790791,0.448084134154211,0.2126270994296876,0.7229589968083436
0.5524143107330499,0.4622122122122121,0.7367367367367367,0.5017859322950277,0.0,0.8726494235833755
0.4993745308981737,0.5305305305305305,0.7867867867867867,0.5318799379109476,0.5513821790466888,1.0
0.3174881160870654,0.4997497497497496,0.7344844844844844,0.4693112649772398,1.0,0.267870659434571
0.5446584938704029,0.7002002002002001,0.7377377377377377,0.486830493398678,0.5422100912150967,1.0
0.5203902927195397,0.5275275275275274,0.7527527527527527,0.5018312782322061,0.4951322880513455,0.4997104836318607
0.5519139354515888,0.3868868868868868,0.8218218218218217,0.9998482655179028,0.5762265203969513,0.4580933777490974
0.8791593695271456,0.616116116116116,0.73998998998999,0.536899384341699,0.4401782444146014,0.0
0.5206404803602703,0.5277777777777777,0.7530030030030029,0.5018923208399463,0.495177633988524,0.4997261803024225
0.1776332249186891,0.5913413413413412,0.7444944944944945,0.5790501770235624,0.7385231177075885,0.4605054327920889
0.4893670252689518,0.417167167167167,0.714964964964965,0.2463522681688962,0.3163995325880321,0.4827092453389608
0.5198899174380787,0.5272772772772771,0.752002002002002,0.5018155815616443,0.4952840225334426,0.4997104836318607
0.5206404803602703,0.5275275275275274,0.7530030030030029,0.5018155815616443,0.4951619373179622,0.4997715262396009
1.0000000000000002,0.3973973973973973,0.7585085085085085,0.5474301062141375,0.5197167623000855,0.0
0.4035526644983739,0.5933433433433433,0.9024024024024024,0.6376214311875403,0.6748713745051189,0.4101766747475452
0.3887915936952715,0.538038038038038,0.6944444444444444,0.6452517571550657,0.264436576730558,0.6343251303695694
0.5561671253440081,0.5838338338338337,0.5673173173173173,0.0,0.2963618605786839,0.4478242670526885
0.325994495871904,0.5087587587587586,0.6979479479479479,0.5772642447285348,0.4565376632889757,0.5671782618553465
0.5206404803602703,0.5277777777777777,0.7527527527527527,0.5018469749027679,0.4952229799257024,0.4997401328984774
0.2887165374030523,0.5417917917917917,0.7114614614614614,0.6069013028236566,0.4146170884420182,0.4958037567364878
0.5208906680010009,0.5272772772772771,0.7525025025025025,0.5018155815616443,0.4952090273296475,0.4996337443535588
0.4370778083562673,0.5673173173173173,0.6884384384384383,0.0,0.5142229276034672,0.3022829935294836
0.4908681511133351,0.6761761761761761,0.5513013013013013,0.0,0.4151054293039399,0.4609641243873938
0.5203902927195397,0.5275275275275274,0.7525025025025025,0.5018016289655894,0.495177633988524,0.4997558295690392
0.2704528396297224,0.581081081081081,0.9066566566566564,0.5583881263407573,0.999007621605595,0.3062507630325968
0.5359019264448338,0.4997497497497496,0.8333333333333333,0.0055391806337966,0.5152763486056124,0.3220921917784327
0.184888666499875,0.6589089089089089,0.7687687687687688,0.4721645708704676,0.4931632279330973,0.6456023161309451
0.505879409557168,0.6669169169169168,0.6769269269269269,0.9986413659591538,0.486220067321276,0.5213945619756876
0.5203902927195397,0.5277777777777777,0.7530030030030029,0.5018016289655894,0.495177633988524,0.499694786961299
0.6840130097573182,0.564064064064064,0.7434934934934935,0.5143293161483858,0.5158867746830145,1.0
0.3149862396797599,0.5853353353353352,0.7545045045045045,0.5763643022829935,0.5495212515478661,0.5171076268378185
0.5351513635226421,0.4654654654654653,0.5868368368368369,0.4140816575684113,0.0,0.8243647208608751
0.6552414310733051,0.5067567567567567,0.7522522522522521,0.5108812808483179,0.4782391823778711,0.777210178418822
0.495371528646485,0.8355855855855855,0.6308808808808808,0.7456354535465755,0.5513821790466888,1.0
0.1130848136102077,0.7197197197197196,0.7189689689689689,0.6000784833528088,0.5802099865706263,0.7945462790170396
0.6845133850387792,0.8888888888888887,0.7497497497497497,0.5023039224235659,0.4746219718506375,1.0
0.4478358769076809,0.5628128128128127,0.7202202202202201,0.729138252786159,6.104260774025816e-05,0.7162896558940998
0.7363022266700027,0.5140140140140139,0.8008008008008007,0.5194725918691246,0.5156112109109301,0.0
0.5141356017012761,0.2502502502502501,0.6301301301301301,0.944116364651098,0.7217991872612798,0.5013272406997227
0.5236427320490369,0.7515015015015014,0.523023023023023,1.0,0.5828051694368384,0.4841132253169855
0.7217913435076309,0.363113113113113,0.7857857857857857,0.4874095261349565,0.4998168721767794,0.9729424281005284
0.5206404803602703,0.5275275275275274,0.7527527527527527,0.5018609274988227,0.4951619373179622,0.4998011755062176
0.6227170377783339,0.542042042042042,0.7795295295295295,0.4494113748539338,0.942192650470028,0.4499450616530338
0.286715036277208,0.5755755755755755,0.6636636636636637,0.481854648830598,1.0,0.17523763015156
0.0,1.0,0.1721721721721722,0.0,0.3422362523326996,0.0008702931789246
0.4148111083312485,0.5695695695695695,0.6711711711711712,0.6040323002598671,0.7998866351570539,0.5052496642656574
0.7983487615711786,0.5618118118118117,0.6136136136136136,0.4793832952543733,0.9210876048624796,0.4756126061705356
0.5203902927195397,0.5277777777777777,0.7527527527527527,0.5018016289655894,0.4951619373179622,0.4997104836318607
0.521391043282462,0.5042542542542542,0.7585085085085085,0.5636063972652912,1.0,0.3647138845771491
0.3782837127845885,0.5327827827827827,0.5998498498498498,0.6401224340303817,0.11498857631198,0.7018836004674119
0.3772829622216663,0.8876376376376376,0.9374374374374376,0.0,0.4638331269511833,0.3901843486753754
0.4841130848136103,0.9514514514514512,0.4527027027027027,1.0,0.0,0.0
0.5719289467100327,0.4306806806806806,0.7434934934934935,0.5036172105272337,0.4861276313724122,0.9262291365087116
0.9967475606705032,1.0,1.0,1.0,0.0,0.0036172105272337
0.5756817613209909,0.4779779779779779,0.6018518518518519,0.4659835708181453,0.0,0.7100179639674207
0.283962972229172,0.814064064064064,0.7675175175175175,0.3813785164902245,0.4679229816697769,0.0
0.0,1.0,0.2825325325325325,0.0,0.0768229938782985,0.004822366011476
0.3017262947210408,0.6448948948948947,0.7354854854854854,0.5352058879955351,0.5202504490991855,0.8105533948410276
0.5881911433575183,0.5122622622622621,0.798048048048048,0.2922563091895286,1.0,0.214671154751731
0.5203902927195397,0.5275275275275274,0.7527527527527527,0.5018155815616443,0.4952229799257024,0.4997401328984774
0.5246434826119591,0.4994994994994994,0.7327327327327327,0.1832656051066502,0.342905976943335,0.5005197342030452
0.2697022767075308,0.6243743743743743,0.8888888888888888,0.4699373877252036,0.8669724610635366,0.2576311980047787
0.5276457343007257,0.6626626626626626,0.6626626626626626,1.0,0.6404886896768229,0.4797338542302527
0.4520890668001002,0.7647647647647646,0.6113613613613613,0.0,0.2896471737272617,0.5544046601670823
0.5203902927195397,0.5277777777777777,0.7527527527527527,0.5018312782322061,0.4952090273296475,0.4997401328984774
0.5118839129347011,0.6774274274274273,0.5157657657657657,0.9140520083017948,0.5888623401991733,0.5889390794774753
0.5203902927195397,0.5275275275275274,0.7522522522522521,0.5018469749027679,0.4951619373179622,0.4996651376946823
0.5021265949462098,0.4922422422422421,0.7437437437437437,0.842754242461238,0.6177965362680293,0.4752323979280395
0.4558418814110584,0.517017017017017,0.0202702702702703,1.0,0.3722378219997558,0.5893960269982733
0.0,0.4231731731731731,0.9682182182182182,0.5101941154926138,0.2367685787536843,0.4780857038212672
0.5201401050788093,0.5277777777777777,0.7522522522522521,0.5018155815616443,0.4951933306590858,0.4997401328984774
0.5206404803602703,0.5277777777777777,0.7530030030030029,0.5019080175105081,0.4951322880513455,0.4997104836318607
0.4293219914936203,0.4927427427427426,0.7505005005005004,0.5398765195249141,0.0,0.7951567050944417
0.5203902927195397,0.5275275275275274,0.7527527527527527,0.5018469749027679,0.495177633988524,0.4997558295690392
0.5043782837127847,0.6003503503503502,0.7567567567567567,1.0,0.6730104470062961,0.5220520780647749
0.5026269702276709,0.4544544544544543,0.7412412412412412,0.5251338577184017,0.4231927027922633,0.4815965258035823
0.4928696522391795,0.5885885885885884,0.6566566566566566,0.0,0.0907093151019411,0.5332525245478487
0.6457343007255443,0.628128128128128,0.4907407407407407,0.4270540837504578,0.4482201719657464,0.4217119835359366
0.5121341005754317,0.6536536536536536,0.3128128128128128,1.0,0.7773776095714808,0.4469993198109423
0.7177883412559422,0.569069069069069,0.5142642642642642,0.5026248321328287,0.1562394265483021,0.7156024905383958
0.3657743307480611,0.5407907907907907,0.7885385385385384,0.4408497130997436,0.4952997192040044,0.5690095400875526
0.4783587690768077,0.7354854854854853,0.6058558558558558,1.0,0.7012278284528315,0.4973751678671713
0.3837878408806606,0.5658158158158157,0.7585085085085085,0.5577149135811081,1.0,0.2507473359261908
0.5436577433074807,0.4942442442442442,0.7454954954954954,6.104260774025816e-05,0.3573591223817081,0.4907058269529274
0.0,0.9429429429429428,0.0,0.7549906692013884,0.7074227811012086,0.6721698030939882
0.3139854891168377,0.5913413413413412,0.7505005005005004,0.5585555574934161,0.5387777525855905,0.215358320107435
0.5989492119089319,0.5457957957957957,0.7424924924924925,0.546469121160856,0.6048868967682299,1.0
0.1376032024018014,1.0,0.0,0.0,0.949013725866369,1.0
0.5128846634976234,0.7442442442442441,0.4982482482482482,0.0,0.3374888815250187,0.4737970246088913
1.0000000000000002,1.0,0.0,1.0,0.1512478853096604,0.5630413171250676
0.5203902927195397,0.5275275275275274,0.7527527527527527,0.5018155815616443,0.4951462406474005,0.4997854788356559
0.4951213410057544,0.7099599599599599,0.6786786786786786,1.0,0.7469173483091197,0.4731865985314892
0.4508381285964474,0.7855355355355353,0.5613113113113113,0.0,0.3154838934719291,0.4948567242792612
0.2969727295471605,0.6176176176176175,0.914164164164164,0.5869403700926104,0.8728029021399795,0.23142822261367
0.4558418814110584,0.4767267267267266,0.7274774774774775,0.4040253239618396,0.0,0.9247798105935086
0.47485614210658,0.6038538538538537,0.7254754754754754,0.0,0.2785670683851614,0.489896576381743
0.4873655241431074,0.6666666666666665,0.7099599599599599,0.0,0.2556917871531472,0.543249559621187
0.2289216912684514,0.4814814814814814,0.0467967967967968,0.9995570050752568,0.3853462859933376,0.0005040375324834
1.0000000000000002,1.0,0.0,0.7471911680066973,0.0610426077402027,0.2874949857857928
0.6572429321991495,0.4564564564564564,0.7282282282282282,0.4833353680869247,0.496016533826325,0.0
0.5499124343257444,0.5267767767767767,0.7612612612612613,0.46033800163943,0.453684357395748,0.0
0.4585939454590944,0.5197697697697696,0.7247247247247247,0.5765927760433925,0.0,0.8273558086401451
0.9604703527645736,0.6579079079079078,1.0,1.0,0.0,0.8541238641714775
0.4525894420815612,0.641141141141141,0.7492492492492492,1.0,0.6722918883094686,0.4973751678671713
0.5203902927195397,0.5275275275275274,0.7525025025025025,0.5017545389539041,0.4952386765962642,0.4996494410241205
0.2902176632474357,0.6028528528528527,0.9214214214214214,0.5639726529117324,0.643160611821337,0.4448942218811588
0.9924943707780838,0.5162662662662661,1.0,0.320077785723006,0.304618309294173,0.698357081814535
0.5208906680010009,0.5275275275275274,0.7527527527527527,0.5017545389539041,0.4952090273296475,0.4997261803024225
0.4803602702026521,0.6949449449449449,0.4559559559559559,0.8198179186214836,0.6379405968222962,0.6027347088267611
0.4545909432074057,0.6348848848848848,0.7665165165165164,0.5094773008702932,0.4928580148943963,0.0
0.3732799599699776,0.5400400400400399,0.765015015015015,0.5678636831365436,0.5980954706385057,0.5627518007569283
0.0,0.7004504504504503,0.3678678678678678,1.0,0.0,0.0
0.5203902927195397,0.5277777777777777,0.7525025025025025,0.5018312782322061,0.4952229799257024,0.4996790902907372
0.8143607705779337,0.5047547547547546,0.7087087087087086,0.5019376667771247,0.471294277691543,0.0
0.31048286214661,0.5377877877877877,0.7512512512512513,0.6190784310305736,0.5521914296178733,0.3761445488951288
0.3267450587940956,0.5147647647647646,0.8546046046046045,0.5373894692781276,0.8376423600816227,0.4003470708268657
0.5846885163872906,0.5157657657657657,0.6589089089089089,0.5946927812756161,0.0,0.8263337809791234
0.6552414310733051,0.4264264264264263,0.6839339339339339,0.4508153548319584,1.0,0.2575841079930935
0.7885914435826872,0.6001001001001001,0.7487487487487487,0.5462249507298952,0.5361058304410764,1.0
0.8799099324493371,0.911161161161161,1.0,0.0,0.8620594031777038,0.6404886896768229
0.5203902927195397,0.5275275275275274,0.7527527527527527,0.5018469749027679,0.4951619373179622,0.4997104836318607
0.4285714285714287,0.3233233233233232,0.6681681681681682,0.6195371226258786,0.0,0.3456999843033294
0.4533400050037529,0.7277277277277276,0.8163163163163163,0.503906726895373,0.4864328444111132,0.0
0.0252689517137854,0.2915415415415415,0.3503503503503503,0.5213038701013307,0.667195702600415,0.2150077611315555
0.2859644733550164,0.5648148148148147,0.8415915915915915,0.5614088633866439,0.7930969531018365,0.328515618187209
1.0000000000000002,1.0,0.7630130130130129,1.0,0.0,0.0005790327362785
0.4673505128846636,0.7064564564564564,0.4859859859859859,0.039266093447512,0.4078710082494724,0.3997226921534088
0.542406805103828,0.4987487487487486,0.7427427427427427,0.253326822121841,0.0,0.9999389573922596
0.3747810858143608,0.6073573573573573,0.7344844844844844,0.3602281249454976,0.2824441460139177,0.0
0.6504878658994248,0.3348348348348348,0.8816316316316315,1.0,0.0,0.364562150095052
0.5203902927195397,0.5277777777777777,0.7522522522522521,0.5018312782322061,0.495177633988524,0.4997261803024225
0.427320490367776,0.5147647647647646,0.7174674674674675,0.6771003017248897,0.3990651760643214,0.6174163280255333
0.5203902927195397,0.5277777777777777,0.7522522522522521,0.5018469749027679,0.4951619373179622,0.4996790902907372
0.5203902927195397,0.5272772772772771,0.7522522522522521,0.5018155815616443,0.495177633988524,0.4997104836318607
0.7045283962972231,0.5603103103103102,0.5157657657657657,0.5526954671503567,0.3583201074349896,0.6315921656173151
0.5201401050788093,0.5275275275275274,0.7525025025025025,0.5018766241693845,0.4951933306590858,0.4997261803024225
0.2386790092569428,0.7287287287287286,0.1684184184184184,0.5452936149432304,1.0,0.0
0.5559169377032775,0.6524024024024023,0.5362862862862863,0.638184767253257,0.5803477684566685,0.5183424315886774
0.925444083062297,0.7487487487487486,1.0,0.0,1.0,0.8317055304602612
0.4468351263447587,0.6756756756756755,0.6721721721721721,1.0,0.8317055304602612,0.3884141130509095
0.5151363522641983,0.7287287287287286,0.5135135135135135,0.3452883827197098,0.6110522001499904,0.5154751730993948
0.5201401050788093,0.5272772772772771,0.7530030030030029,0.5018609274988227,0.4951933306590858,0.4997401328984774
0.5166374781085816,0.5923423423423423,0.6436436436436436,1.0,0.6562376824737952,0.4819156914383382
0.0095071303477608,0.857107107107107,1.0,0.0,0.7436210474911489,0.7598880304166593
0.9957468101075808,0.9086586586586584,0.0,0.0045014563022132,1.0,0.4077192737673754
0.8896672504378285,0.8338338338338337,1.0,1.0,1.0,0.3967316043741389
0.4856142106579936,0.7292292292292291,0.4854854854854855,1.0,0.7113138113260198,0.5482533093813767
0.5201401050788093,0.5275275275275274,0.7522522522522521,0.5017859322950277,0.4952683258628809,0.4996651376946823
0.5156367275456594,0.5157657657657657,0.8165665665665665,0.2264384254495351,0.4633133927481382,0.444801785932295
0.6915186389792346,0.623123123123123,0.5880880880880881,0.44931893890507,0.0933794931719483,0.648975356227218
0.0,0.7837837837837837,0.0,0.0008249472417461,0.0,0.4624744929103371
0.5203902927195397,0.5275275275275274,0.7527527527527527,0.5018312782322061,0.4951165913807838,0.4997104836318607
0.2927195396547412,0.9199199199199196,0.0980980980980981,1.0,0.923056664980728,0.0
0.5639229422066552,0.5350350350350349,0.7442442442442442,0.5224479829778328,0.51507752411183,1.0
0.2016512384288217,0.8205705705705704,0.8761261261261261,0.6980832621169576,0.5213945619756876,1.0
0.5201401050788093,0.5275275275275274,0.7517517517517517,0.5018155815616443,0.4952090273296475,0.499694786961299
1.0000000000000002,0.5718218218218217,1.0,0.9979559446779566,0.0,1.0
0.3710282712034026,0.601101101101101,0.8175675675675675,0.5272406997226922,0.6164082529605664,0.4956973681915691
0.4906179634726046,0.6709209209209208,0.4089089089089089,0.6198580323351414,0.5540680537872578,0.6188046113329961
0.933700275206405,0.6216216216216215,0.6826826826826826,0.5171529727749969,0.4239862566928859,0.0
0.5203902927195397,0.5277777777777777,0.7525025025025025,0.5018766241693845,0.4951619373179622,0.4997261803024225
0.4773580185138855,0.5195195195195195,0.6413913913913913,0.5582660411252769,0.0,0.8271273348797461
0.5203902927195397,0.5277777777777777,0.7530030030030029,0.5017859322950277,0.4952683258628809,0.4997715262396009
0.3640230172629473,0.6138638638638638,0.8088088088088088,0.5837347611489963,0.8435477963618605,0.3905506043218166
0.6564923692769579,0.7582582582582581,0.9494494494494494,1.0,0.4068175872473272,0.1020928894082355
0.5201401050788093,0.5275275275275274,0.752002002002002,0.5018766241693845,0.4951933306590858,0.4997558295690392
0.597197898423818,0.704204204204204,0.4812312312312312,1.0,0.7254756963217468,0.4339675950956625
0.3495121341005756,0.5347847847847846,0.8828828828828827,0.4522332874060379,0.9146013917714564,0.396258960182779
0.5436577433074807,0.4684684684684684,0.7592592592592592,0.4797792001674311,0.5235327973211016,1.0
0.5206404803602703,0.5275275275275274,0.7525025025025025,0.5018766241693845,0.4953293684706211,0.499694786961299
0.7202902176632476,0.2540040040040039,0.7737737737737738,0.522280551825174,0.4660149641592689,0.2114969391492404
0.5756817613209909,0.5122622622622621,0.526026026026026,0.6153251826918046,0.5941277011353925,0.4729127788339118
0.4816112084063048,0.7067067067067065,0.4894894894894894,0.5837051118823796,0.519976629401608,0.4936201754538954
0.6479859894921193,0.6156156156156155,0.5505505505505506,0.4569806582137189,0.3205504299143659,0.5824232171198354
0.4343257443082313,0.704204204204204,0.6083583583583583,1.0,0.6991663323857196,0.5251949003261419
0.4678508881661247,0.7965465465465464,0.5465465465465466,0.0,0.3049845649406142,0.4201562690758149
0.4565924443332501,0.4504504504504503,0.79004004004004,0.2795751434501282,1.0,0.2497410049357308
0.469352014010508,0.5995995995995995,0.6954454454454454,0.0,0.4316933219387132,0.4268552592566754
0.2371778834125595,0.5472972972972971,0.7555055055055054,0.6850044473899924,0.5473376702652737,0.4149519507473359
0.8443832874655994,0.8230730730730729,1.0,0.0,1.0,0.3181087256047578
0.5248936702526896,0.6764264264264264,0.5065065065065065,1.0,0.8587177564225543,0.4025916947171983
0.6479859894921193,0.592092092092092,0.5530530530530531,0.504440413694473,0.8510717337844673,0.5090186092749882
0.3927945959469603,0.5750750750750749,0.6631631631631631,0.7155571446012173,0.088726302387638,0.8232049113138113
0.6042031523642734,0.5938438438438437,0.7137137137137137,0.3808605263616861,0.2854666271343111,0.0
0.3072304228171129,0.4489489489489489,0.9144144144144144,0.4940021277708983,0.4722413101487696,0.6512792786507839
0.4188141105829373,0.8368368368368366,0.0,0.7196766485864277,0.4797652475713762,0.4118387777525856
0.763822867150363,0.5968468468468467,0.5580580580580581,0.6815860613565412,0.3730470725709403,0.5807593700402881
0.5208906680010009,0.5282782782782782,0.752002002002002,0.5017859322950277,0.4951933306590858,0.4996494410241205
0.5161371028271204,0.4692192192192191,0.6038538538538538,0.5519769084535291,0.102506235066362,0.7382179046688875
0.8774080560420316,0.3963963963963963,0.7187187187187187,0.4893628895826429,0.491652859410154,0.0147566144025673
0.7983487615711786,0.4379379379379378,0.7447447447447447,0.4648237612710815,0.4650225857648639,0.0
0.4585939454590944,0.7037037037037036,0.7997997997997998,1.0,0.7183947538238833,0.5213649127090709
0.5646735051288467,0.6709209209209208,1.0,0.0,0.9714931021853253,0.9610391195911888
0.3915436577433075,0.5442942942942942,0.6438938938938938,0.6219631302649249,0.0049897971641348,0.6676073041840347
0.2744558418814111,0.5643143143143142,0.7940440440440439,0.5063170378638575,0.9977867694507908,0.4197289708216335
0.3735301476107081,0.5275275275275274,0.7177177177177176,0.4369883321415491,0.0,0.7073460418229067
0.2857142857142858,0.5553053053053052,0.7147147147147146,0.6015748992796972,0.554893001029004,0.4518077332263634
0.6572429321991495,0.4354354354354353,0.7545045045045045,0.4864328444111132,0.5184802134747196,0.8883530704431692
0.5203902927195397,0.5275275275275274,0.7530030030030029,0.5018312782322061,0.4952090273296475,0.4997261803024225
0.4861145859394547,0.5668168168168167,0.7287287287287287,0.0,0.413486928161571,0.4180354744754696
0.393545158869152,0.5578078078078077,0.8566066066066065,0.5557929434745452,0.8467673579015296,0.3055635976768928
0.5048786589942458,0.6716716716716715,0.4291791791791792,0.936836597659452,0.6796937405165948,0.6105324659469452
0.4475856892669503,0.4652152152152151,0.6726726726726726,0.5859183424315887,0.0,0.8315834452447808
0.7948461346009509,0.4246746746746745,0.7532532532532532,0.4945829045816837,0.503601513856672,0.914402567277674
0.8829121841381038,0.3493493493493492,0.7675175175175175,0.5060432181662801,0.4777804907825662,0.18726302387638
1.0000000000000002,0.2497497497497497,0.7607607607607607,0.537358075937004,0.4809704030556185,0.0
0.5206404803602703,0.5277777777777777,0.7527527527527527,0.5018312782322061,0.4951619373179622,0.4996790902907372
0.4490868151113336,0.4614614614614614,0.7752752752752752,0.5198545441861276,0.4535151821685822,0.0
0.3194896172129098,0.604104104104104,0.7327327327327327,0.5841167134659992,0.6409177320055113,0.4818860421717216
0.3132349261946461,0.5477977977977977,0.8681181181181181,0.5538849259640372,0.9238798681479672,0.3750457819558052
0.8648986740055042,0.7324824824824824,0.7317317317317317,0.499007621605595,0.4788792577218899,0.0
0.6399799849887418,0.6093593593593593,0.5925925925925926,0.4760102551581003,0.0077070652458273,0.5895948514920557
0.5203902927195397,0.5277777777777777,0.7527527527527527,0.5017859322950277,0.4951462406474005,0.4997261803024225
0.9151863897923443,0.4114114114114113,0.7865365365365364,0.5114446169140345,0.4332647330693967,0.97336972635471
0.5203902927195397,0.5275275275275274,0.7522522522522521,0.5018923208399463,0.495177633988524,0.4997401328984774
0.4831123342506881,0.6328828828828827,0.7194694694694694,0.0,0.3362837260407765,0.491881333170553
0.7162872154115588,0.6003503503503502,0.5623123123123123,0.5766695153216945,0.618284877129951,0.5014196766485864
0.6189642231673756,0.6466466466466465,0.7312312312312312,0.4202330083541169,0.5033869926923278,1.0
0.4548411308481362,0.4792292292292291,0.7414914914914914,0.5486666550395033,0.0,0.9066501560946684
0.5889417062797099,0.6206206206206205,0.7257257257257257,0.523806617018679,0.5771125102464377,1.0
0.5206404803602703,0.5267767767767767,0.7512512512512513,0.5018923208399463,0.4949491602281249,0.4998325688473412
0.461596197147861,0.7585085085085084,0.5663163163163163,0.0,0.3725273383678951,0.4585363726738406
0.3600200150112586,0.5848348348348348,0.7865365365365364,0.5858572998238485,0.5465598130352128,0.4334792542337409
0.4370778083562673,0.4739739739739739,0.6861861861861861,0.5571515775153915,0.0,0.8415490869769957
0.8811608706529899,0.9652152152152152,0.0,1.0,0.0,0.0
0.3845384038028522,0.5435435435435434,0.7124624624624624,0.6696531035805849,0.385850323525821,0.6036660446134259
0.5201401050788093,0.5275275275275274,0.752002002002002,0.5017405863578492,0.4952386765962642,0.499694786961299
0.9206905178884164,1.0,0.8601101101101101,0.0,0.7712123061897205,1.0
0.5001250938203654,0.7049549549549549,0.528028028028028,1.0,0.6706594345710448,0.5603711390550604
0.5203902927195397,0.5275275275275274,0.7522522522522521,0.5018609274988227,0.4952090273296475,0.4996494410241205
0.5278959219414562,0.5142642642642642,0.7487487487487487,0.4585677660149642,0.4546610391195912,0.4652510595252629
0.4781085814360772,0.6358858858858858,0.7109609609609608,1.0,0.6655632488619914,0.4553168111341716
0.999499624718539,1.0,0.874124124124124,1.0,0.0,0.0
0.5078809106830124,0.7262262262262261,0.6368868868868869,1.0,0.7109318590090168,0.6652266424821669
0.2654490868151115,0.3285785785785785,0.5375375375375375,0.4667474754521513,0.5169384516106528,0.4863874984739348
0.5334000500375283,1.0,0.7725225225225225,0.0,1.0,0.4188290283760922
0.5203902927195397,0.528028028028028,0.7527527527527527,0.5018469749027679,0.4952229799257024,0.4997401328984774
0.691268451338504,0.7434934934934934,0.8526026026026026,0.4985803233514135,0.5030974763241886,0.0
0.4533400050037529,0.378128128128128,0.7002002002002001,0.3341629314404311,1.0,0.2188534454191883
0.336502376782587,0.5395395395395395,0.8430930930930931,0.5065158623576399,1.0,0.2403700926103563
0.5206404803602703,0.5275275275275274,0.7527527527527527,0.5018469749027679,0.4952229799257024,0.4997261803024225
0.6947710783087317,0.5733233233233233,0.5938438438438438,0.450234578021173,0.0001988244937823,0.6221916040253239
0.3087315486614962,0.5342842842842842,0.7314814814814814,0.5988890245391283,0.0955473777839789,0.6291365087116522
0.5203902927195397,0.5275275275275274,0.752002002002002,0.5018312782322061,0.4952090273296475,0.4997104836318607
0.007755816862647,1.0,0.0,0.0,0.2009976106179256,9.06918743569518e-05
0.0,1.0,0.0,0.0,0.8504299143659417,0.3145525576852643
0.5203902927195397,0.5275275275275274,0.7530030030030029,0.5018155815616443,0.4952386765962642,0.499694786961299
0.5206404803602703,0.5277777777777777,0.7527527527527527,0.5018923208399463,0.495254373266826,0.4997715262396009
0.3515136352264199,1.0,0.0768268268268269,0.7924394370127492,0.8161239688159478,0.0
0.7072804603452592,0.4619619619619619,0.7119619619619619,0.4941242129863787,0.4770933254268622,0.0
0.3942957217913436,0.5265265265265264,0.7394894894894894,0.4561103650347943,0.0,0.8560772276191638
0.5208906680010009,0.5277777777777777,0.7517517517517517,0.5018155815616443,0.495177633988524,0.4997104836318607
0.6594946209657244,0.587087087087087,0.586086086086086,0.5182063937771422,0.0357552714651969,0.703256187104313
0.6835126344758571,0.4441941941941941,0.7472472472472472,0.5225404189266966,0.4820691699949422,0.9952840225334426
1.0000000000000002,0.972222222222222,1.0,0.2987268256099901,0.0744266355058688,0.9964298794844516
0.6222166624968728,0.5215215215215214,0.7990490490490489,0.5574567905540925,0.5397073442977484,1.0
0.4948711533650239,0.7750250250250249,0.5718218218218218,0.0,0.4523257233549017,0.5278964717372726
0.5559169377032775,0.974224224224224,0.7630130130130129,0.5285679404224148,0.5037392957427141,0.0
0.6097072804603454,0.5302802802802802,0.7422422422422421,0.504670631529379,0.4871200097668172,1.0
0.959719789842382,0.4391891891891891,0.811061061061061,0.4973298219299928,0.542257181226782,0.0
0.7528146109582188,0.4151651651651651,0.7845345345345345,0.4660289167553237,0.4877618291853428,1.0
0.4228171128346261,0.6316316316316315,0.0,0.9481591293580062,0.1899645952875107,0.0022585764863875
0.6622466850137605,0.319069069069069,0.4054054054054054,0.7632471179168774,1.0,0.9213457278894954
0.0,0.8268268268268266,0.3483483483483484,1.0,1.0,0.4666864328444111
0.5206404803602703,0.5277777777777777,0.7525025025025025,0.5018923208399463,0.495177633988524,0.4997261803024225
1.0000000000000002,1.0,0.8365865865865865,0.0,1.0,1.0
0.3707780835626721,0.7189689689689689,0.0,0.7768439227723809,0.6579015295533426,0.2713657847463243
0.294470853139855,0.5475475475475474,0.7422422422422421,0.660999005877531,0.481626175070199,0.4483876031184052
0.5321491118338756,0.5668168168168167,0.7384884884884884,0.5284458552069344,0.5931353227409875,1.0
0.5208906680010009,0.5275275275275274,0.7527527527527527,0.5018016289655894,0.495177633988524,0.4997715262396009
0.3800350262697024,0.7882882882882882,0.7184684684684685,0.3912220730069589,0.5053107068733976,0.0
0.5206404803602703,0.5277777777777777,0.7532532532532532,0.5018016289655894,0.4951462406474005,0.4996790902907372
0.3650237678258695,0.5360360360360359,0.6814314314314314,0.6262518094773009,0.3157123672323281,0.6057711425432094
0.555166374781086,0.909159159159159,0.2147147147147147,0.3903988698397195,0.815803059106685,1.0
0.5206404803602703,0.5282782782782782,0.7522522522522521,0.5018469749027679,0.495177633988524,0.4997261803024225
0.0758068551413561,1.0,0.5472972972972973,1.0,1.0,1.0
0.286715036277208,0.8511011011011009,0.7755255255255256,0.6154019219701066,0.4786804332281075,1.0
0.3452589442081562,0.5845845845845845,0.785035035035035,0.5952578614158397,0.99149938085355,0.4608716884385301
0.5223917938453841,0.518018018018018,0.6886886886886887,1.0,0.6850968833388562,0.4327467429408584
0.560170127595697,0.4662162162162161,0.6281281281281281,0.3041299684322514,0.0,0.8768003209097093
0.5201401050788093,0.5275275275275274,0.7522522522522521,0.5018016289655894,0.495254373266826,0.4996651376946823
0.3102326745058795,0.5523023023023022,0.7935435435435434,0.5578683921377121,0.6675166123096778,0.3125991942375778
1.0000000000000002,0.8250750750750749,0.7935435435435434,0.0,0.8261820464970263,1.0
0.4778583937953466,0.7730230230230228,0.5322822822822822,0.0,0.2697629802745173,0.4250239810244693
0.8408806604953718,0.417167167167167,0.7489989989989989,0.5249210806285645,0.5049287545563946,0.0
0.0973229922441831,0.7219719719719718,0.7917917917917918,0.453302405078745,0.465542319967909,0.1494166070774543
0.7438078558919191,0.6353853853853852,0.767017017017017,0.5115527495334601,0.5506950136909848,1.0
0.2544408306229673,0.6036036036036034,0.825075075075075,0.6768404346233671,0.3946404590404102,0.4803128869665312
0.0,0.3703703703703703,0.0,0.5218079076338141,1.0,0.9059019481312242
0.8168626469852391,0.6559059059059058,0.7565065065065064,0.5140397997802466,0.490660481015749,0.0
0.7503127345509133,0.4634634634634634,0.7772772772772771,0.5056316165826604,0.518222090447704,0.0
0.5201401050788093,0.7319819819819818,0.4989989989989989,1.0,0.7768578753684356,0.4469382772032021
0.6915186389792346,1.0,0.9089089089089089,0.0,0.259232258402079,0.6744597729214992
0.5384038028521393,0.3988988988988988,0.6934434434434434,0.0005650801402236,0.2828260983309207,0.4811535308788391
0.5203902927195397,0.5275275275275274,0.7527527527527527,0.5018016289655894,0.4951619373179622,0.499694786961299
0.4648486364773581,0.7522522522522521,0.6056056056056056,0.0,0.2606205417095418,0.50850061914645
0.4766074555916939,0.5337837837837837,0.7319819819819819,0.5782566231229398,0.4157298079773968,0.5311474266180651
0.485364023017263,0.7810310310310309,0.6258758758758758,1.0,0.6988611193470184,0.6542093238223137
0.9762321741305982,1.0,0.0125125125125125,0.0,1.0,0.5128956869037445
0.9842381786339756,0.5367867867867867,1.0,0.9933917016934964,0.0431414270017614,0.9250100284284144
0.4315736802601952,0.7172172172172171,0.7427427427427427,1.0,0.5572579660603101,0.5661248408532012
0.9754816112084064,0.3208208208208207,0.7722722722722721,0.51401015051363,0.4733086837469696,0.5328705722308457
0.5051288466349764,0.4919919919919919,0.6141141141141141,0.3889948898616949,0.0,0.7580567521844532
0.5211408556417314,0.6801801801801801,0.4919919919919919,0.0001063885449186,0.3857125416397788,0.3834539651533913
0.4803602702026521,0.7284784784784784,0.5062562562562563,0.167363133753074,0.3689868671189633,0.4921568969426373
0.4686014510883163,0.6689189189189189,0.5693193193193193,0.0,1.0,0.7334879746062751
0.1290968226169627,0.5718218218218217,0.7797797797797796,0.5307811709716239,0.4975269023492684,0.6021085860787972
0.5671753815361522,0.5297797797797796,0.6086086086086085,0.3570992552801856,0.0,0.7276889268709559
0.51588691518639,0.7409909909909909,0.542042042042042,0.0,0.340068367720669,0.4122207300695886
0.6252189141856394,0.5943443443443442,0.6353853853853854,0.3630517815721087,0.0,0.7425990198301271
1.0000000000000002,0.4186686686686686,0.4241741741741741,0.0026405288033904,0.8443099569213597,1.0
0.3712784588441332,0.4992492492492492,0.6218718718718719,0.5878560092087134,0.5045328496433368,0.5211364389486719
0.873905429071804,0.7179679679679678,0.7404904904904904,0.3727872054694177,0.4280307654743011,0.0
0.5206404803602703,0.5277777777777777,0.7525025025025025,0.5018923208399463,0.4951619373179622,0.4997401328984774
0.1318488866649988,0.5603103103103102,0.7329829829829829,0.5156112109109301,1.0,0.1774962066379476
0.524143107330498,0.5658158158158157,0.7359859859859859,0.2511449849137555,0.4540663097127509,0.508882571463453
0.5208906680010009,0.5277777777777777,0.7532532532532532,0.5017248896872875,0.495177633988524,0.4998011755062176
0.3242431823867902,0.5232732732732732,0.7044544544544544,0.5904041020632401,0.3300120341140974,0.6251983884751556
0.5984488366274707,0.2897897897897897,0.5638138138138138,0.9016307096639168,0.3106004848527129,0.3640127666253902
0.699024268201151,0.604104104104104,0.535035035035035,0.4734150722918883,0.1542703664300539,0.5217468650260739
0.5206404803602703,0.5275275275275274,0.7530030030030029,0.5018766241693845,0.4952229799257024,0.4997104836318607
0.0,0.8573573573573572,0.4567067067067067,0.0,0.2738214416519874,0.3284859689205923
0.5203902927195397,0.5277777777777777,0.7522522522522521,0.5018312782322061,0.4952386765962642,0.4997715262396009
0.5121341005754317,0.6261261261261261,0.6796796796796796,0.0,0.3142176953799466,0.3962886094493957
0.6790092569427072,0.61011011011011,0.4737237237237237,0.4473969687985071,0.5905104906081587,0.4595444477388074
0.5201401050788093,0.5272772772772771,0.7522522522522521,0.5018609274988227,0.4952386765962642,0.4996494410241205
0.4635976982737054,0.6178678678678677,0.6346346346346345,1.0,1.0,0.315803059106685
0.8486364773580186,0.4264264264264263,0.2712712712712712,0.6110365034794286,1.0,0.9999843033294382
0.0,0.7237237237237236,0.8786286286286286,0.0,0.0,0.0410659783385946
0.6619964973730299,0.5472972972972971,0.6133633633633633,0.4904477039259117,0.0003209097092628,0.731733435652371
0.0,0.9637137137137136,0.5372872872872873,0.0,0.8118666829446954,1.0
0.3502626970227672,0.5533033033033032,0.812062062062062,0.6316235589584387,0.9985960200219752,0.3218933672846504
0.5201401050788093,0.5277777777777777,0.7527527527527527,0.5018609274988227,0.4951619373179622,0.499694786961299
0.451088316237178,1.0,0.0,1.0,0.465160367650906,0.494108516315817
0.5001250938203654,0.6549049049049048,0.6261261261261261,1.0,0.5853375656208033,0.4935748295167169
1.0000000000000002,0.6316316316316315,0.0,0.9980762858189302,0.3120341140973542,0.6807628581893018
0.5201401050788093,0.5275275275275274,0.752002002002002,0.5018766241693845,0.495254373266826,0.4996651376946823
0.5206404803602703,0.5275275275275274,0.752002002002002,0.5018609274988227,0.495177633988524,0.4997261803024225
0.5141356017012761,0.5162662662662661,0.6866866866866866,0.0,0.2320996912988123,0.5453843068175872
0.5203902927195397,0.5275275275275274,0.752002002002002,0.5019219701065629,0.4952090273296475,0.4997104836318607
0.4681010758068553,0.4867367367367367,0.6964464464464464,0.7432704885152694,0.0,0.8418229066745732
0.440580435326495,0.5277777777777777,0.694944944944945,0.7433454837190645,0.0002755637720843,0.760835062873886
0.8966725043782839,0.4009009009009008,0.777027027027027,0.5066222509025585,0.4982594136421508,0.1025358843329787
0.5203902927195397,0.5275275275275274,0.7525025025025025,0.5018469749027679,0.4951933306590858,0.4997261803024225
0.5288966725043784,0.4459459459459459,0.7877877877877877,0.7907302439960235,0.5696042694943928,0.4922475888169942
0.5203902927195397,0.5277777777777777,0.752002002002002,0.5018469749027679,0.4952386765962642,0.4997261803024225
0.4475856892669503,0.6136136136136136,0.6841841841841841,1.0,0.7683746969670544,0.4855625512321886
0.6865148861646236,0.5032532532532532,0.7530030030030029,0.4945061653033817,0.4935748295167169,1.0
0.5203902927195397,0.5277777777777777,0.7525025025025025,0.5018312782322061,0.4951165913807838,0.4996651376946823
0.4933700275206406,0.4822322322322321,0.8328328328328327,0.0,0.5483143519891169,0.5938224880966915
0.3400050037528147,0.557057057057057,0.6836836836836836,0.6139055060432181,0.1361564086017755,0.6595200306957113
0.3612709532149113,0.6401401401401401,0.7364864864864864,0.5058757870136212,0.4742086261925109,0.0111254512792787
0.5649236927695773,0.4972472472472471,0.6844344344344344,0.4923853707030364,0.0,0.9092296422903186
0.4933700275206406,0.6619119119119118,0.7292292292292292,1.0,0.6961002494026545,0.4811831801454558
0.6544908681511135,0.5635635635635634,0.611111111111111,0.5474754521513159,0.9691891797617592,0.4450006104260774
0.3842882161621217,0.7262262262262261,0.755005005005005,0.6386277621780002,0.5256378952508851,1.0
0.906680010007506,0.637137137137137,0.7059559559559558,0.5491549959014249,0.6094040497410049,1.0
0.5441581185889418,0.4977477477477476,0.7580080080080079,0.4884629471371017,0.4679822802030102,0.0
0.4310733049787342,0.6771771771771771,0.6278778778778779,1.0,0.7106126933742609,0.498930882327293
0.5203902927195397,0.5275275275275274,0.7532532532532532,0.5018609274988227,0.4951619373179622,0.4998325688473412
0.5909432074055543,0.4557057057057056,0.5728228228228228,0.556419066222509,0.0,0.8128747580096621
0.5173880410307732,0.6939439439439439,0.6481481481481481,0.0,0.3376266634110609,0.4689746585974153
0.5201401050788093,0.5275275275275274,0.7525025025025025,0.5017859322950277,0.4952386765962642,0.4997558295690392
0.5486614961220917,0.4559559559559559,0.7682682682682682,0.7843207701833022,0.4963688368767113,0.4989465789978548
0.3342506880160121,0.9887387387387384,0.0,0.0,0.974056891710414,0.6490660481015749
0.5919439579684765,0.4844844844844844,0.9967467467467468,1.0,0.7840922964229031,0.2943474545232572
0.4998749061796348,0.7229729729729728,0.4294294294294294,0.0,0.1956572544779113,0.5987826359942097
0.4248186139604705,0.5207707707707707,0.6534034034034033,0.5802256832411881,0.0602804471807035,0.7394997994314317
0.5131348511383539,0.3858858858858858,0.5948448448448448,0.3130107958211975,0.0,0.961635593072536
1.0000000000000002,0.4336836836836836,1.0,1.0,0.0,0.5124212986378778
0.5203902927195397,0.5277777777777777,0.752002002002002,0.5018016289655894,0.495254373266826,0.4997401328984774
0.5203902927195397,0.5275275275275274,0.7522522522522521,0.5018609274988227,0.4952090273296475,0.4997104836318607
0.9922441831373532,0.956206206206206,0.0,1.0,0.509111045223852,0.9651900169175228
0.0785589191893921,0.6814314314314314,0.7602602602602602,0.4374766730034707,0.4759195632837434,0.4186459005528716
0.4861145859394547,0.7439939939939939,0.6769269269269269,0.5929678915883286,0.5198231508450041,1.0
0.6587440580435329,0.5750750750750749,0.4984984984984985,0.6731168355512147,0.3531925283848126,0.6037724331583445
0.5203902927195397,0.5277777777777777,0.7522522522522521,0.5018766241693845,0.4952683258628809,0.4997104836318607
0.5206404803602703,0.5275275275275274,0.7527527527527527,0.5018312782322061,0.4951933306590858,0.4997558295690392
0.524143107330498,0.4449449449449448,0.7302302302302301,0.4482812145734866,0.4160507176866596,0.4883565585921831
0.4818613960470354,0.4562062062062061,0.7467467467467467,0.5005807768107854,0.4205225247222561,1.0
0.4863647735801852,0.7157157157157156,0.497997997997998,0.0,0.2837870833842022,0.422826447145822
0.5201401050788093,0.5275275275275274,0.7525025025025025,0.5018155815616443,0.4951933306590858,0.499694786961299
0.5203902927195397,0.5275275275275274,0.7527527527527527,0.5018609274988227,0.4952090273296475,0.4997854788356559
0.3567675756817614,0.6223723723723723,0.0,0.150897326333781,1.0,1.0
0.5514135601701278,0.4589589589589589,0.7717717717717717,1.0,0.6812355023806618,0.4705774630692223
0.5201401050788093,0.5275275275275274,0.7525025025025025,0.5018609274988227,0.4951462406474005,0.499694786961299
0.3457593194896173,0.5623123123123122,0.858108108108108,0.4922022428798158,0.8958316619285975,0.3826150653155903
0.685764323242432,0.5933433433433433,0.0993493493493493,1.0,1.0,0.2079407712297469
0.5206404803602703,0.5275275275275274,0.7525025025025025,0.5017859322950277,0.4952229799257024,0.4997104836318607
0.0,0.7052052052052051,0.798048048048048,0.5302317875019621,0.4961386190418054,0.8885205015958282
0.5206404803602703,0.5275275275275274,0.7527527527527527,0.5018016289655894,0.4951619373179622,0.4997401328984774
0.4991243432574432,0.8558558558558558,0.6636636636636637,0.416936707536146,0.5188778624622844,0.0
0.0,0.7835335335335334,0.7444944944944945,1.0,0.4382702269040933,0.0
0.3500125093820366,0.4849849849849849,0.6996996996996997,0.6815703646859794,0.2626209951689136,0.6284336466853864
0.0,0.6599099099099098,0.3868868868868869,0.0,0.2854509304637494,1.0
0.5203902927195397,0.5275275275275274,0.7527527527527527,0.5018469749027679,0.4951933306590858,0.4998168721767794
0.5203902927195397,0.5272772772772771,0.7522522522522521,0.5018312782322061,0.4952229799257024,0.4997261803024225
0.3254941205904429,1.0,1.0,1.0,0.142778659504334,0.1289376842178698
0.4568426319739806,0.6496496496496496,0.7812812812812813,1.0,0.6727348832342117,0.4614978111864939
0.8498874155616714,0.9066566566566564,0.0,0.7518617995360761,0.3611437640616007,0.4915150775241118
0.1283462596947711,0.7259759759759759,0.0,1.0,1.0,0.4361337356331862
0.7605704278208658,0.5207707707707707,0.7427427427427427,0.505586270645482,0.5035858171861102,0.90109527879031
0.5203902927195397,0.5275275275275274,0.7515015015015014,0.5018469749027679,0.4951322880513455,0.4997401328984774
0.5203902927195397,0.5277777777777777,0.7527527527527527,0.5018609274988227,0.4950851980396603,0.4997104836318607
0.3992994746059546,0.5518018018018017,0.6486486486486486,0.5737551668207266,0.3286080541360727,0.6258698571602979
0.7225419064298225,0.5943443443443442,0.5002502502502503,0.5019080175105081,0.5829412072483736,0.5376179430385266
0.4866149612209158,0.7209709709709708,0.4674674674674675,0.2089941922318921,0.4602612623611281,0.4535012295725273
0.4568426319739806,0.5460460460460459,0.7489989989989989,0.1084413206132166,0.436683119102848,0.3502781798838446
0.4893670252689518,0.4687187187187186,0.8335835835835835,0.7827040131154402,0.5203114917069257,0.458276505572318
0.4065549161871404,0.5873373373373372,0.8731231231231231,0.5647208608751766,0.5276523013063118,0.3218166280063484
0.0,1.0,0.0,0.0,0.0185726494235833,0.0
0.3184888666499876,0.5150150150150149,0.6396396396396395,0.6413293335891309,0.1953973873763887,0.5699234351291487
0.4470853139854892,0.8293293293293291,0.7960460460460459,1.0,0.7489003610234228,0.421987547308021
0.4620965724293221,0.7825325325325323,0.6258758758758758,0.0,0.4043619303416642,0.431937492369674
0.263447585689267,0.6076076076076075,0.8038038038038038,0.5867258489282662,0.7379737342379267,0.3604862479725134
0.5206404803602703,0.5267767767767767,0.752002002002002,0.5018155815616443,0.4952683258628809,0.4997558295690392
0.4923692769577184,0.578078078078078,0.762012012012012,0.7355337740028254,0.5631790990111097,0.4692659190400614
0.0422817112834626,0.6861861861861861,0.7705205205205206,0.4309765073163926,0.4579730366081239,0.5622320665538831
0.4005504128096073,0.4809809809809809,0.8028028028028027,0.5358616600101156,1.0,0.2100022672968589
0.4793595196397299,0.5958458458458458,0.7464964964964964,0.5012818947625443,0.4716308840713675,0.0
0.5198899174380787,0.5290290290290289,0.7527527527527527,0.5018469749027679,0.4951619373179622,0.499694786961299
0.6117087815861898,0.5482982982982982,0.6291291291291291,0.592556290004709,0.0,0.7339449221270733
0.5201401050788093,0.5275275275275274,0.7525025025025025,0.5018766241693845,0.4952840225334426,0.499694786961299
0.5281461095821868,0.5655655655655655,0.7840340340340339,0.998625669288592,0.6184680049531716,0.4756439995116591
0.3410057543157369,0.857107107107107,0.761011011011011,0.3406787937980711,0.4766817238432426,0.0
0.5203902927195397,0.5277777777777777,0.7522522522522521,0.5018312782322061,0.4952997192040044,0.4997401328984774
0.338754065549162,0.5965965965965965,0.7865365365365364,0.5368854317456442,0.4948113783420828,0.0
0.7655741806354768,0.5973473473473473,0.5998498498498498,0.5079808849434048,0.1582381359331671,0.5685665451628094
0.0,1.0,0.4772272272272272,0.0,0.4144339606187976,0.1541639778851352
0.0,0.9434434434434432,0.6844344344344344,0.0,0.0,0.3733522856096413
0.4560920690517889,0.522022022022022,0.757007007007007,0.0,0.5898843678601949,0.2932329909133718
0.0185138854140606,0.551051051051051,0.0,1.0,1.0,0.875823639185866
0.8411308481361022,0.5708208208208208,0.7134634634634633,0.4631616582660411,0.496016533826325,1.0
0.4595946960220166,0.7482482482482481,0.5087587587587588,0.503906726895373,0.5700315677485742,0.5818877862462284
0.4373279959969979,0.5560560560560559,0.7002002002002001,0.3637825487904843,0.0,0.6138444634354779
0.7650738053540156,0.4772272272272271,0.7675175175175175,0.4930411427176169,0.4843730924185081,0.109784257983501
0.704028021015762,0.6208708708708708,0.5565565565565566,0.5485742190906395,0.3453337286568883,0.6085651499032039
0.9947460595446588,1.0,0.9932432432432432,0.0,1.0,1.0
0.5203902927195397,0.5275275275275274,0.7525025025025025,0.5017859322950277,0.4952386765962642,0.4997558295690392
0.03652739554666,1.0,0.294044044044044,0.0,0.4707919842335664,1.0
0.5203902927195397,0.5275275275275274,0.7522522522522521,0.5018312782322061,0.4951619373179622,0.4997558295690392
0.5203902927195397,0.5275275275275274,0.7525025025025025,0.5018155815616443,0.4952229799257024,0.4997261803024225
0.5051288466349764,0.4807307307307306,0.7307307307307307,0.0319706297853044,0.3503549191621465,0.3939393410886513
0.1578684013009758,0.884134134134134,0.0,0.060936219195284,0.8444180895407851,0.9201109231386364
0.6680010007505631,0.613113113113113,0.6026026026026026,0.5223258977623524,0.488738510909186,0.6369028724907128
0.5038779084313236,0.5935935935935935,0.7044544544544544,1.0,0.648898616948916,0.504899105289778
0.6925193895421567,0.5915915915915915,0.5875875875875876,0.4925528018556953,0.0,0.7225003052130388
0.5814360770577935,0.5030030030030029,0.7755255255255256,0.452920452761742,0.4523100266843399,0.0
0.325994495871904,0.593093093093093,0.7482482482482482,0.5920522524722256,0.6424281005284546,1.0
0.7260445334000503,0.7124624624624624,0.7872872872872873,0.5096133386818285,0.4981844184383557,0.0
0.5201401050788093,0.5275275275275274,0.7522522522522521,0.5018155815616443,0.4952840225334426,0.4997104836318607
0.349762321741306,0.5608108108108107,0.7717717717717717,0.7123986256692886,0.3824929801001099,0.6088703629419049
0.6592444333249939,1.0,0.0,1.0,0.6582538326037288,0.0
0.6619964973730299,0.4859859859859859,0.7454954954954954,0.5304445645917993,0.4991767968327606,0.8911453337286568
0.5206404803602703,0.5277777777777777,0.7525025025025025,0.5018766241693845,0.4952090273296475,0.4997715262396009
0.7097823367525646,0.8628628628628627,0.0,1.0,0.0009766817238432,0.0012522454959276
0.2927195396547412,0.5277777777777777,0.8573573573573573,0.4463888937335403,1.0,0.3430141095627605
0.4793595196397299,0.7885385385385384,0.6659159159159158,0.551901913249734,0.5005493834696618,1.0
0.4843632724543409,0.7254754754754753,0.6148648648648648,0.0,0.308219823150845,0.518450564208103
0.5201401050788093,0.5272772772772771,0.7522522522522521,0.5017702356244659,0.495177633988524,0.4997104836318607
0.5479109331999,0.4997497497497496,0.8688688688688688,0.0,0.4164030207370459,0.4563545354657551
0.3412559419564674,0.6138638638638638,0.9429429429429428,0.5649039886983972,0.6666306224601914,0.3813174738824842
0.3867900925694272,0.6363863863863863,0.8173173173173172,0.399706995482847,0.4637720843434431,0.0314526396567661
0.4928696522391795,0.6478978978978978,0.6516516516516516,0.0,0.3016272215149031,0.5028533058932277
0.3122341756317239,0.6178678678678677,0.7855355355355355,0.5546174372569196,0.8258611367877635,0.3485218968554336
0.2431823867900926,0.6428928928928928,0.7630130130130129,0.4761009470324572,0.4722709594153862,0.3201074349896228
0.3917938453840381,0.507007007007007,0.6931931931931932,0.6793274848701536,0.5603554423844986,0.4504787484521338
0.7160370277708283,0.599099099099099,0.541041041041041,0.5645534297225178,0.2916301864415648,0.7159077035770968
0.4238178633975483,0.6539039039039038,0.7262262262262262,0.5546034846608647,0.5317125067582887,0.4601845230828261
0.5083812859644735,0.7094594594594593,0.7354854854854854,1.0,0.7132671747737063,0.4488166454470935
0.5429071803852891,0.4431931931931931,0.7374874874874874,0.667272441878717,0.4151507752411183,0.4797948968379929
0.5001250938203654,0.7037037037037036,0.7277277277277276,1.0,0.706934440239287,0.4416432670003662
0.586690017513135,1.0,0.7037037037037036,1.0,1.0,0.0
0.1285964473355016,0.6261261261261261,0.827077077077077,0.5369464743533844,0.9950851980396602,0.1600240682281947
0.758819114335752,0.9131631631631628,0.7137137137137137,1.0,0.0,0.2506112981146555
0.4681010758068553,0.7424924924924924,0.5387887887887888,1.0,0.6920243472801157,0.458658457889321
0.3932949712284214,0.5503003003003002,0.752002002002002,0.6655318555208678,0.6389329752167012,0.5181750004360186
1.0000000000000002,0.9156656656656654,0.8878878878878878,0.0,1.0,0.8831034061775118
0.5941956467350514,0.4917417417417417,0.3846346346346346,0.394425937876066,0.2731360203707902,0.0
0.0,1.0,0.3821321321321321,0.0,0.1669218829028376,0.0
1.0000000000000002,1.0,0.0,1.0,0.4554545930202138,0.968059019481312
0.3017262947210408,0.577077077077077,0.7845345345345345,0.6076477667125939,0.9645185482323804,0.4043462336711024
0.5726795096322244,0.6689189189189189,1.0,0.0,0.9491218584857944,0.7741423513612502
0.5491618714035528,0.4817317317317316,0.7112112112112111,0.2481068071228003,1.0,0.2404468318886582
0.5206404803602703,0.528028028028028,0.7525025025025025,0.5018766241693845,0.4951933306590858,0.4997558295690392
0.6224668501376034,0.5578078078078077,0.5477977977977978,0.4092139456197569,0.9435198911697508,0.3932521757329473
0.5206404803602703,0.5275275275275274,0.7525025025025025,0.5018312782322061,0.4951933306590858,0.4997854788356559
0.4323242431823869,0.5523023023023022,0.7382382382382382,0.4084971309974362,0.4764375534122818,0.1646319130753266
0.5226419814861147,0.7755255255255254,0.6211211211211211,0.6829289987268256,0.5889704728185988,1.0
0.2794595946960221,0.4932432432432431,0.6984484484484484,0.6726127980187313,0.4104958403823011,0.4694176535221585
0.6639979984988743,0.5545545545545545,0.5653153153153153,0.532002023126428,0.0,0.6455709227898215
0.6192144108081062,0.6083583583583583,0.5315315315315315,0.513628198196627,0.0456441739191098,0.6285557319008668
0.4766074555916939,0.7307307307307306,0.4977477477477477,0.0791879589096046,0.4309294173047072,0.5839946282505188
0.5096322241681263,0.6478978978978978,0.7635135135135135,1.0,0.6023527565097581,0.4203550935695973
0.5206404803602703,0.5277777777777777,0.7532532532532532,0.5018312782322061,0.495177633988524,0.4997854788356559
0.5203902927195397,0.5272772772772771,0.7517517517517517,0.5018016289655894,0.4952090273296475,0.4996494410241205
0.2079059294470854,0.6336336336336336,0.6048548548548548,1.0,1.0,1.0
0.5206404803602703,0.5275275275275274,0.7525025025025025,0.5018155815616443,0.4951933306590858,0.4997558295690392
0.5063797848386291,0.4924924924924924,0.7194694694694694,1.0,0.5823307811709716,0.5806529814953695
0.5203902927195397,0.5275275275275274,0.7525025025025025,0.5018469749027679,0.4952229799257024,0.4997558295690392
0.5609206905178885,0.4564564564564564,0.7580080080080079,0.5011441128765021,0.4679526309363936,0.5207230932905453
0.5203902927195397,0.5277777777777777,0.7525025025025025,0.5018155815616443,0.4951462406474005,0.499694786961299
0.5201401050788093,0.7407407407407406,0.4792292292292292,1.0,0.6280673910389452,0.5627831940980519
0.7868401300975734,0.6779279279279278,0.7329829829829829,0.4598339641069466,0.4285644522734011,0.0
0.5203902927195397,0.5275275275275274,0.752002002002002,0.5019376667771247,0.4952386765962642,0.4997558295690392
0.5226419814861147,0.7567567567567566,0.4682182182182182,1.0,0.772005860090343,0.4889966339362017
0.2546910182636979,0.523023023023023,0.6584084084084083,0.5458116050717686,0.0,0.6855852242007778
0.9452089066800102,0.7199699699699699,0.7952952952952952,0.4652981495369482,0.4565219666184139,0.0
0.5218914185639231,0.5100100100100099,0.775025025025025,1.0,0.6240839248652702,0.5226921534087936
0.991243432574431,0.7872872872872871,1.0,0.0043654184906778,0.6185761375725971,1.0
0.6905178884163123,1.0,0.2667667667667667,0.0,1.0,0.2550046217974432
1.0000000000000002,0.5155155155155154,0.4577077077077077,0.0099952909988314,1.0,1.0
0.5273955466599951,0.507007007007007,0.6346346346346345,0.5065158623576399,0.0,0.8381760468807227
0.461596197147861,0.5172672672672671,0.7167167167167167,0.5190295969443814,0.5244780857038213,1.0
0.5206404803602703,0.5275275275275274,0.7527527527527527,0.5018609274988227,0.4952090273296475,0.4998168721767794
0.3420065048786591,1.0,0.0,0.282810401660359,1.0,1.0
0.5203902927195397,0.5275275275275274,0.7525025025025025,0.5019219701065629,0.4952229799257024,0.4997261803024225
0.2759569677257945,0.6303803803803802,0.8345845845845845,0.6163786036939498,0.6156303957305056,0.4520501595828173
0.6780085063797849,0.5588088088088087,0.7525025025025025,0.4884943404782252,0.4504020091738319,0.0
0.1496122091568677,0.6343843843843843,0.8038038038038038,0.54517152972775,0.495177633988524,0.8040375324833877
0.951463597698274,1.0,0.2980480480480481,1.0,1.0,0.3421595130543977
0.3782837127845885,0.5885885885885884,0.6744244244244244,0.5172593613199156,0.4842667038735895,0.2435443082128468
0.6402301726294722,0.4782282282282281,0.7552552552552552,0.5397683869054886,0.4769572876153269,0.9730191673788304
0.3427570678008507,0.4934934934934934,0.6033533533533533,0.5673613896785671,0.0,0.761750701989989
0.6382286715036278,0.6326326326326326,0.7717717717717717,0.5473690636063973,0.5621413746795263,1.0
1.0000000000000002,0.6846846846846846,1.0,0.125091999930237,0.3991262186720616,0.6245722657271918
0.3184888666499876,0.6906906906906906,0.0,0.8556952753021609,0.9144339606187976,0.8873310427821477
0.4308231173380036,0.7302302302302301,0.7985485485485484,1.0,0.7859846172628495,0.4590857561435024
0.5148861646234677,0.8103103103103102,0.6181181181181181,1.0,1.0,0.1039241676404416
0.0,0.6589089089089089,0.042042042042042,0.7320839946282505,0.6483945794164326,0.0010534210021452
0.4668501376032025,0.5392892892892892,0.7642642642642642,0.3426321572457576,0.4931021853253571,0.5129113835743063
0.4753565173880412,0.6946946946946946,0.4499499499499499,0.5049601478975182,0.595622372987774,0.5471702391126149
0.6960220165123845,0.4927427427427426,0.7615115115115114,0.4927359296789159,0.486066588764672,1.0
0.5203902927195397,0.5277777777777777,0.7522522522522521,0.5018312782322061,0.4952386765962642,0.4997558295690392
0.5203902927195397,0.5275275275275274,0.7525025025025025,0.5017859322950277,0.4951933306590858,0.4997104836318607
0.5206404803602703,0.5275275275275274,0.7527527527527527,0.5018016289655894,0.4950712454436053,0.4997401328984774
0.5233925444083064,0.694194194194194,0.6659159159159158,0.0,0.3219387132218289,0.4840068367720669
0.5779334500875658,0.5375375375375374,1.0,0.0355721436419764,0.3317351797268779,0.5544657027748225
0.7270452839629724,0.5653153153153152,0.5708208208208208,0.4702426007639046,0.586436332560127,0.5552732092715
0.5203902927195397,0.5275275275275274,0.752002002002002,0.5018923208399463,0.4951619373179622,0.4996790902907372
0.4428321240930699,0.7259759759759759,0.7542542542542542,0.5118579625721611,0.4650068890943021,1.0
0.5206404803602703,0.5277777777777777,0.7530030030030029,0.5018155815616443,0.4951462406474005,0.4997261803024225
0.1245934450838129,1.0,0.3030530530530531,1.0,1.0,0.0
0.2874655991993996,0.577077077077077,0.892142142142142,0.6541011912028882,0.9510281319217956,0.3732145037235991
0.5201401050788093,0.5275275275275274,0.7525025025025025,0.5018766241693845,0.4951619373179622,0.4997261803024225
0.4268201150863148,0.6674174174174173,0.8818818818818818,1.0,0.8530250972321537,0.5475068454924394
0.5203902927195397,0.4882382382382381,0.767017017017017,0.505738005127579,0.4913319497008912,0.4996790902907372
0.3877908431323493,0.5515515515515514,0.744994994994995,0.7026614576974728,0.3552522803774177,0.5993320194638715
0.5631723792844635,0.7314814814814814,0.7332332332332332,0.0,0.0997436210474911,0.5337862113469487
0.7458093570177635,0.3953953953953953,0.7530030030030029,0.485532901965572,0.5301707448942219,1.0
0.1651238428821617,1.0,0.3203203203203203,0.0,1.0,0.6106702478329874
0.6569927445584189,0.4889889889889889,0.7580080080080079,0.4919266791077314,0.5058600903430595,0.9150443866961996
0.8804103077307983,0.6406406406406405,0.0415415415415416,1.0,0.1590002964926661,0.0850620018487189
0.503627720790593,0.7369869869869868,0.4877377377377377,0.0,0.3686206114725221,0.4872577916528594
0.5206404803602703,0.5272772772772771,0.7517517517517517,0.5018609274988227,0.4952683258628809,0.4997401328984774
0.673004753565174,0.5835835835835835,0.5152652652652653,0.5525576852643145,0.3002982367406736,0.6223747318485445
0.5203902927195397,0.5275275275275274,0.7522522522522521,0.5017702356244659,0.4952683258628809,0.4997401328984774
0.7750813109832375,0.7324824824824824,0.7279779779779779,0.473048816645447,0.5027172680816925,1.0
0.0457843382536903,1.0,0.2157157157157157,0.0,0.0553952944869804,0.0
0.5068801601200902,0.7640140140140139,0.6473973973973973,0.0,0.3195423548493992,0.468990355267977
0.0,1.0,0.0085085085085085,0.0,0.0,0.0
0.4183137353014762,0.7610110110110109,0.7112112112112111,0.5896715907703577,0.6780612867781711,1.0
0.641481110833125,0.5127627627627627,0.7452452452452452,0.5582503444547151,0.5551057781188412,0.0
0.5481611208406306,0.6869369369369368,0.7722722722722721,0.4747894030032963,0.513704937474929,0.0
1.0000000000000002,1.0,1.0,1.0,0.0,0.1481661056560336
0.4638478859144359,0.5490490490490489,0.7942942942942943,0.0,0.4735528541779304,0.4503723599072152
0.5198899174380787,0.5275275275275274,0.7525025025025025,0.5017545389539041,0.4952090273296475,0.4997558295690392
0.5521641230923193,0.528028028028028,0.7017017017017017,0.5684130666062054,0.4830755009854021,0.5382894117236688
0.4908681511133351,0.4839839839839839,0.7895395395395395,0.142701920226032,0.3734133282173814,0.4784519594677084
0.4455841881411059,0.5460460460460459,0.8738738738738738,0.3990808727348832,1.0,0.2500915639116103
0.2274205654240681,0.5603103103103102,0.7357357357357357,0.5526797704797949,0.5497950712454436,0.8560929242897257
0.3477608206154617,0.4747247247247246,0.6078578578578578,0.5831853776793344,0.0,0.7819104592148176
0.5203902927195397,0.5275275275275274,0.7525025025025025,0.5018923208399463,0.495177633988524,0.4996651376946823
0.8471353515136354,0.669169169169169,0.7692692692692692,0.4729127788339118,0.4843573957479463,1.0
0.305479109331999,0.5865865865865865,0.7557557557557557,0.5590578509513926,0.8497584456807994,0.4460679840242775
0.4961220915686766,0.7337337337337336,0.5232732732732732,0.2315799570957671,0.4037358075937004,0.4669916458831121
0.1563672754565925,0.6766766766766765,0.7014514514514514,0.605192109806931,0.6245112231194516,0.9422379964072064
0.6589942456842633,0.8776276276276275,0.6098598598598598,0.3554964508083785,0.4964141828138898,0.0
0.5736802601951465,0.4106606606606606,1.0,0.6615030434100144,0.4753073931318345,0.4891344158222439
0.5066299724793597,0.7149649649649649,0.7084584584584583,1.0,0.6123027015714111,0.3704379371086733
0.3309982486865149,1.0,0.6353853853853854,0.0,0.3190086680502991,1.0
0.5206404803602703,0.5275275275275274,0.752002002002002,0.5017405863578492,0.4952683258628809,0.4997558295690392
0.4738553915436578,0.4909909909909909,0.7439939939939939,0.4414897884437623,1.0,0.2093604478783333
0.3822867150362773,0.6614114114114114,0.3333333333333333,0.14155780734953,0.9989326264017998,1.0
0.7415561671253441,0.7499999999999999,0.3998998998998999,0.4883565585921831,0.4122974693478906,1.0
1.0000000000000002,1.0,0.0,0.0,0.9954218044194848,0.067603816035021
0.651988991743808,0.5975975975975975,0.5422922922922923,0.5149240455552261,0.125091999930237,0.7981634895442733
0.9169377032774584,0.5568068068068067,0.7595095095095095,0.5562655876659051,0.5715872822086959,0.0
0.4938704028021017,0.5235235235235234,0.798048048048048,0.3148734673945271,0.4418106981530251,0.3817761654777892
0.5531648736552416,1.0,0.8148148148148147,0.0,0.9382859235746552,0.3643179796640912
0.4325744308231175,0.7019519519519518,0.6599099099099098,1.0,0.7637651080454158,0.5736627308718628
0.5806855141356019,0.4967467467467467,0.5838338338338338,0.4516385579991977,0.0,0.7908837225526274
0.6467350512884665,0.6196196196196195,0.5232732732732732,0.4599717459929888,0.0641854300015696,0.6417409351727505
0.4518388791593696,0.7129629629629628,0.6416416416416416,1.0,0.7993843416990773,0.5302317875019621
0.1313485113835377,0.619119119119119,0.6596596596596596,0.5989047212096901,0.7056682421473045,0.4181261663498264
0.7500625469101828,0.6013513513513513,0.7797797797797796,0.5086227043619304,0.4185848579451314,0.0
0.5566675006254692,0.579079079079079,0.7592592592592592,0.4674328967333484,0.4688229241153182,0.0
0.5203902927195397,0.5275275275275274,0.7527527527527527,0.5019219701065629,0.4951462406474005,0.4997401328984774
0.5203902927195397,0.528028028028028,0.7517517517517517,0.5018155815616443,0.4951462406474005,0.4996651376946823
0.8133600200150115,1.0,0.9907407407407408,1.0,0.8485986361337357,0.0
0.2536902677007757,1.0,0.6466466466466466,0.0,0.5074471981443047,0.6114794984041718
0.5541656242181637,0.5347847847847846,0.7272272272272272,0.8398241972897083,0.5265849277081117,0.4924917592479551
0.5981986489867402,0.7174674674674674,0.4952452452452452,1.0,0.6661876275354484,0.4999093081256431
0.5203902927195397,0.5272772772772771,0.7525025025025025,0.5018155815616443,0.4952997192040044,0.499694786961299
0.7755816862646987,0.5633133133133132,0.4852352352352352,0.0,1.0,1.0
0.0,0.7752752752752752,0.7099599599599599,0.4945061653033817,0.5050665364424368,0.9844027416851248
0.4936202151613711,0.7697697697697696,0.0,1.0,0.6937038910302248,0.1888344350070634
0.21916437327996,0.5545545545545545,0.7189689689689689,0.5380905872298865,0.4903709646476097,0.1426408776182918
1.0000000000000002,0.9509509509509508,0.9654654654654652,0.0,0.4891954584299841,1.0
0.5201401050788093,0.5277777777777777,0.7522522522522521,0.5018312782322061,0.4951165913807838,0.4997715262396009
0.5203902927195397,0.5275275275275274,0.7525025025025025,0.5018155815616443,0.4951619373179622,0.4997401328984774
0.5203902927195397,0.5275275275275274,0.7530030030030029,0.5018016289655894,0.495177633988524,0.4997401328984774
0.7415561671253441,0.3583583583583583,0.3375875875875875,0.0572283167936934,1.0,0.992873711564958
0.5201401050788093,0.5275275275275274,0.7530030030030029,0.5018469749027679,0.4951462406474005,0.4997854788356559
0.5208906680010009,0.5275275275275274,0.7530030030030029,0.5018766241693845,0.4951322880513455,0.4997261803024225
0.5171378533900427,0.709209209209209,0.4737237237237237,0.4389573922597973,0.5100563336065717,0.4553464604007883
0.3269952464348262,0.4949949949949949,0.0865865865865866,0.9977257268430506,0.3297818162791914,0.6173081954061077
0.5188891668751565,0.5297797797797796,0.7527527527527527,0.5018609274988227,0.495254373266826,0.4996023510124353
0.4983737803352516,0.7287287287287286,0.502002002002002,0.500687165355704,0.5282784240542756,0.4327763922074751
1.0000000000000002,0.9469469469469468,1.0,1.0,0.0,0.3017650034009452
1.0000000000000002,0.7377377377377377,1.0,1.0,0.967373598200115,0.5621099813384027
0.5556667500625471,0.684184184184184,0.7279779779779779,1.0,0.5000610426077402,0.3963339553865741
0.4248186139604705,0.605105105105105,0.6829329329329329,0.4829377190993599,0.471904703768945,0.0012818947625443
0.4603452589442083,0.5147647647647646,0.7222222222222222,0.9995273558086402,0.8889948898616948,0.4581701170273994
0.5206404803602703,0.5272772772772771,0.7527527527527527,0.5018155815616443,0.4952229799257024,0.4997104836318607
0.4943707780835628,0.4737237237237236,0.5673173173173173,0.5386103214329316,0.0,0.7188377487486265
0.4816112084063048,0.6834334334334333,0.4466966966966967,0.4383626628529571,0.4662137886530512,0.4507543122242182
0.599449587190393,0.6539039039039038,0.6158658658658658,0.3123253745400003,0.0,0.7694420705652545
0.9494620965724296,0.4987487487487486,0.7269769769769769,0.5156565568481085,0.4479010063309904,0.1820744022184628
0.816362271703778,0.5565565565565564,0.7577577577577577,0.3539407363482568,0.7756527198841934,0.5288435041944992
0.5021265949462098,0.7672672672672671,0.5990990990990991,1.0,0.6607408828505154,0.4533337984198685
0.6284713535151365,0.5487987987987987,0.6048548548548548,0.5191516821598618,0.3559847916703001,0.6474335943631512
0.7020265198899176,0.5765765765765765,0.7517517517517517,0.4696304306119957,0.503601513856672,1.0
0.4420815611708782,0.7089589589589589,0.9356856856856856,0.0,0.5351151961211783,0.6748556778345571
0.4773580185138855,0.4887387387387386,0.6666666666666666,0.3755794687549052,0.0,0.9117166925371052
0.4418313735301477,0.584084084084084,0.7159659659659658,0.615065315590282,0.518145351169402,1.0
0.5591693770327747,1.0,0.2927927927927928,1.0,0.0,0.0005493834696618
0.3795346509882413,0.6316316316316315,0.7392392392392392,0.4362872141897902,0.4576974728360395,0.0350384568428763
0.6952714535901928,0.659159159159159,0.7577577577577577,0.491958072448855,0.4440849713099744,0.0
0.5203902927195397,0.5277777777777777,0.7527527527527527,0.5019219701065629,0.4951619373179622,0.4997104836318607
0.5166374781085816,0.4624624624624623,0.8335835835835835,0.4811988768160176,0.4891187191516821,0.4974972530826517
0.4308231173380036,1.0,0.5988488488488488,1.0,0.5562498909953433,0.0
0.4423317488116088,0.8310810810810809,0.5993493493493494,0.0,0.2888082738894605,0.5396619983605699
0.6860145108831626,0.6323823823823823,0.546046046046046,0.4063763363970909,0.062844236705792,0.5854910441774073
0.0,1.0,0.3801301301301301,0.0,0.4383016202452169,0.0
0.484863647735802,0.5407907907907907,0.6644144144144144,0.6435408200638331,0.0,0.7023405479882101
0.2516887665749313,0.9074074074074072,0.2792792792792793,1.0,0.7311073129044072,0.0
0.6209657242932201,0.5753253253253252,0.78003003003003,0.4823586863630814,1.0,0.1886373545877879
0.7640730547910934,0.4894894894894894,0.7414914914914914,0.4758724732720581,0.4701344681444791,0.978802518443588
0.7142857142857144,0.8158158158158156,0.8153153153153152,0.5400596473481347,0.463557563179099,0.0
0.505379034275707,0.7404904904904903,0.5372872872872873,1.0,0.7060031044526223,0.4860212428274936
0.3627720790592945,0.5417917917917917,0.8203203203203202,0.5607060013603781,0.541493276592776,0.600980169872857
0.5118839129347011,0.5978478478478477,0.8375875875875876,0.5027015714111307,1.0,0.3109056978914139
0.9954966224668504,0.3593593593593593,0.7447447447447447,0.4905994384080088,0.4860526361686171,0.8685595688647818
0.2094070552914687,0.6211211211211211,0.7845345345345345,0.3982419728970822,0.4590857561435024,0.0237909203481173
0.4195646735051289,0.4992492492492492,0.7129629629629629,0.6338367895076478,0.0,0.7145490695362506
0.5203902927195397,0.5275275275275274,0.7525025025025025,0.5018312782322061,0.4951933306590858,0.4997401328984774
0.5278959219414562,0.906156156156156,0.9659659659659658,0.0,1.0,0.3689118719151682
0.6632474355766826,0.5798298298298298,0.5598098098098098,0.5859322950276435,0.1140886338664387,0.6544221009121509
0.0,0.3365865865865865,0.335085085085085,0.605879275162635,0.0,0.2532047369063607
0.1403552664498374,0.9524524524524522,0.0,1.0,0.9653731447407432,0.0224636796483945
0.2782086564923693,0.7822822822822821,0.2192192192192192,0.0,0.6354988925126881,0.0
0.3390042531898925,0.7292292292292291,0.6719219219219219,0.5047159774665574,0.4970542581579085,1.0
0.4168126094570929,0.4644644644644644,0.616116116116116,0.0,0.5951497287964141,0.4768491549959014
0.6042031523642734,0.5262762762762762,0.8508508508508508,0.3099743621047491,1.0,0.0017388422833423
0.3024768576432325,0.6361361361361361,0.7089589589589589,0.5219910354570347,0.4933463557563179,1.0
0.4726044533400051,0.7422422422422421,0.4994994994994994,1.0,0.7671991907494289,0.4918656364999912
0.9372029021766328,0.5350350350350349,0.783033033033033,0.5493991663323857,0.5265535343669882,0.0
0.5206404803602703,0.5277777777777777,0.7530030030030029,0.5018923208399463,0.4952229799257024,0.4997715262396009
0.2151613710282713,0.9286786786786784,0.6951951951951951,0.6651655998744266,0.5431414270017615,1.0
0.5203902927195397,0.7079579579579578,0.7317317317317317,1.0,0.6430524792019114,0.4792001674311527
0.4625969477107832,0.7132132132132131,0.7747747747747746,1.0,0.8191150565952177,0.4481434326874444
0.5203902927195397,0.5275275275275274,0.7522522522522521,0.5018923208399463,0.4951165913807838,0.4997558295690392
0.5206404803602703,0.5275275275275274,0.7525025025025025,0.5018766241693845,0.4951322880513455,0.4997715262396009
0.3224918689016763,0.5708208208208208,0.908158158158158,0.5444686677014842,0.9962153583201074,0.2549906692013883
0.6349762321741308,0.5227727727727727,0.6564064064064064,0.4442384498665783,0.1357901529553342,0.754319200516246
0.4668501376032025,0.7875375375375374,0.5790790790790791,0.0,0.1886059612466644,0.5744719814430472
0.2464348261195897,1.0,0.2127127127127127,0.0,1.0,1.0
0.5211408556417314,0.5277777777777777,0.7530030030030029,0.5018312782322061,0.495177633988524,0.4997715262396009
0.4943707780835628,0.7304804804804803,0.5913413413413413,1.0,0.703638139421316,0.2928527826708756
0.7595696772579437,0.6694194194194193,1.0,0.0099045991244746,0.9354012243403038,0.0
0.8548911683762823,1.0,1.0,1.0,0.0,0.1503025969269407
0.0775581686264699,0.6849349349349348,0.7722722722722721,0.441048537593526,0.4784362627971467,0.4715384481225038
1.0000000000000002,1.0,0.5277777777777778,0.235334949509043,0.0,0.0
0.5201401050788093,0.5277777777777777,0.7522522522522521,0.5019219701065629,0.4952090273296475,0.4997261803024225
0.1403552664498374,0.659159159159159,0.8045545545545545,0.4819767340460784,0.4776741022376476,0.4981530250972321
0.5471603702777084,0.7297297297297296,0.0237737737737738,0.9401939410851632,0.666447494636971,0.0
0.7115336502376784,0.412162162162162,0.7657657657657657,0.513169506601322,0.4673718541256082,0.5192441181087256
0.5206404803602703,0.5272772772772771,0.7530030030030029,0.5018312782322061,0.4951462406474005,0.4997854788356559
0.5203902927195397,0.5275275275275274,0.7517517517517517,0.5018609274988227,0.495177633988524,0.4997401328984774
0.5203902927195397,0.5275275275275274,0.7522522522522521,0.5018016289655894,0.4951165913807838,0.4997261803024225
0.6467350512884665,0.4567067067067066,0.7540040040040039,0.5442855398782636,0.5203882309852277,1.0
0.5203902927195397,0.5277777777777777,0.7530030030030029,0.5018312782322061,0.4951322880513455,0.4997854788356559
0.5206404803602703,0.5275275275275274,0.7522522522522521,0.5018469749027679,0.4952090273296475,0.4997401328984774
0.9549662246685016,0.507007007007007,1.0,0.3793798071053595,0.2108115178680433,0.9832132828714444
0.0910683012259195,0.855105105105105,0.7542542542542542,0.3687897866996878,0.4538674852189686,0.0
0.3430072554415813,0.6343843843843843,0.7625125125125125,0.4947346390637808,0.4670073425536739,0.0889687287440919
0.5206404803602703,0.5275275275275274,0.7525025025025025,0.5018609274988227,0.4952090273296475,0.4996790902907372
0.5201401050788093,0.5277777777777777,0.7527527527527527,0.5017702356244659,0.4951933306590858,0.4997558295690392
0.2529397047785841,0.8355855855855855,0.1726726726726727,1.0,1.0,0.6863927306974553
0.4113084813610209,0.5312812812812812,0.5745745745745745,0.7265587665905087,0.3834400125573364,0.6407642534489073
0.466599949962472,0.3698698698698698,0.6456456456456456,0.4575439942794356,0.0,0.8428606310061566
0.8726544908681513,0.6529029029029028,0.0,1.0,0.3355058688107156,0.9742243228630728
0.4025519139354517,0.4799799799799799,0.7680180180180181,0.3324380417531437,1.0,0.2483823708948846
1.0000000000000002,1.0,0.0,0.2767671834940788,0.3655841777560737,0.0894117236688351
0.9909932449337004,0.7812812812812812,0.7577577577577577,0.4525402445192458,0.4582625529762631,0.0
0.5203902927195397,0.5277777777777777,0.7525025025025025,0.5018766241693845,0.4952090273296475,0.4996790902907372
0.498123592694521,0.6188688688688687,0.725975975975976,0.782337757468999,0.4790780822156723,0.5301393515530983
0.8478859144358271,0.9366866866866864,0.0,1.0,0.4889966339362017,0.9915447267907284
0.4898674005504129,0.7222222222222221,0.7454954954954954,1.0,0.6164239496311282,0.4620471946561557
0.5193895421566176,0.5282782782782782,0.7522522522522521,0.5018155815616443,0.4952386765962642,0.4996790902907372
0.0,0.8173173173173172,0.4491991991991991,0.0,0.6486230531768317,1.0
0.524143107330498,0.6296296296296295,0.4774774774774775,1.0,0.735563423269442,0.4538203952072832
0.4836127095321492,0.618118118118118,0.7114614614614614,0.0,0.3797460627518008,0.40713849695659
0.5569176882661998,0.4074074074074073,0.816066066066066,0.541341542110679,0.3960287423478731,0.4914540349163716
0.5203902927195397,0.5277777777777777,0.7532532532532532,0.5017859322950277,0.4951462406474005,0.4997715262396009
0.5203902927195397,0.5275275275275274,0.7530030030030029,0.5018312782322061,0.4951933306590858,0.4997104836318607
0.4668501376032025,0.6824324324324323,0.4644644644644644,0.1798768683398154,0.342372290144235,0.6042154280830877
0.464348261195897,0.5715715715715715,0.8623623623623623,0.035450058426496,0.5373894692781276,0.3525367563702321
0.5203902927195397,0.5275275275275274,0.7522522522522521,0.5018312782322061,0.4952229799257024,0.4997104836318607
0.5909432074055543,0.6501501501501501,0.6799299299299298,0.5470952439088198,0.5065926016359419,0.0
0.6987740805604205,0.5192692692692692,0.7612612612612613,0.522280551825174,0.453454139560842,0.5095069501369098
0.5206404803602703,0.5272772772772771,0.7525025025025025,0.5018155815616443,0.4951462406474005,0.4997854788356559
0.4050537903427572,0.7877877877877877,0.5973473473473473,0.0,0.3745417444233218,0.4065437675497497
0.2519389542156618,1.0,0.288038038038038,0.1404433437396445,0.9919109824371696,0.0
0.5203902927195397,0.5275275275275274,0.7527527527527527,0.5018155815616443,0.4951933306590858,0.4997715262396009
0.4403302476857644,0.4862362362362361,0.6739239239239239,0.6467307323368854,0.0,0.8099429687636255
0.3460095071303478,0.4912412412412411,0.6994494494494494,0.6559795594467795,0.3988367023039224,0.4673265081884298
0.5531648736552416,0.5953453453453452,0.7527527527527527,0.4370197254826726,0.4241083419083663,0.0
0.3437578183637729,0.5357857857857857,0.882132132132132,0.3599839545145368,1.0,0.2419118544744231
0.5238929196897675,0.4359359359359358,0.7547547547547546,0.3251739714320596,0.3941817674451052,0.4893175436454645
0.5201401050788093,0.5277777777777777,0.7527527527527527,0.5019219701065629,0.495177633988524,0.4997261803024225
0.6895171378533902,0.422172172172172,0.7442442442442442,0.4838394056194081,0.4754608716884385,0.7183808012278284
0.7125344008006006,0.5958458458458458,0.5755755755755756,0.6499049479393759,0.1919336554057589,0.6324624587962397
0.9191893920440332,0.3658658658658658,0.7625125125125125,0.5021207946003453,0.5018469749027679,0.0
0.5203902927195397,0.528028028028028,0.7525025025025025,0.5018469749027679,0.4951933306590858,0.4998011755062176
0.4530898173630224,0.5002502502502502,0.9231731731731732,0.3154681968013673,1.0,0.2922423565934737
0.5243932949712286,0.7402402402402402,0.5935935935935935,1.0,0.5737551668207266,0.6324921080628565
0.5203902927195397,0.5275275275275274,0.7522522522522521,0.5017545389539041,0.4951462406474005,0.499694786961299
0.6947710783087317,0.612112112112112,0.6293793793793794,0.4458395102638784,0.5172436646493538,0.6925126881420374
0.4951213410057544,0.5097597597597596,0.7474974974974975,0.49149938085355,0.4792455133683311,0.4248408532012487
0.1060795596697524,1.0,0.7712712712712713,0.0,0.74046252855922,0.2365401049932853
0.0,1.0,0.6361361361361361,0.3286237508066345,0.3335978513002076,0.0
0.5724293219914938,0.4739739739739739,0.5067567567567567,0.4420095226468075,0.0,0.6126393079512357
0.5203902927195397,0.5272772772772771,0.7525025025025025,0.5018609274988227,0.4951933306590858,0.4997854788356559
0.8181135851888919,0.4364364364364363,0.7362362362362361,0.5026405288033905,0.4985803233514135,0.4099011109754609
0.5841881411058295,0.5300300300300299,0.5525525525525525,0.4585224200777857,0.0,0.7306643179796641
0.372529397047786,0.548048048048048,0.814064064064064,0.6909255803407921,0.3163995325880321,0.6486230531768317
0.3920440330247687,0.6308808808808808,0.7587587587587588,0.5679700716814622,0.5441181087256047,1.0
0.6402301726294722,0.7059559559559558,0.9804804804804804,0.0,1.0,0.5447285348030068
0.4678508881661247,0.5062562562562561,0.7662662662662663,0.4547831243350716,1.0,0.2374557441093883
0.2569427070302728,0.9914914914914914,0.8931431431431431,0.0,0.0,1.0
0.5531648736552416,0.6433933933933933,0.4774774774774775,0.0104993285313148,0.3210387707762875,0.5735406456563824
0.5519139354515888,0.6559059059059058,0.4612112112112112,1.0,0.822686921185273,0.5491236025603013
0.2802101576182138,1.0,0.0,0.6932608961054816,0.3215271116382092,0.1550168303189912
0.8103577683262448,1.0,0.0,0.0,1.0,0.2065071419851056
0.8493870402802104,0.6966966966966965,0.7690190190190189,0.4643197237385981,0.4626262273924342,0.0
0.6294721040780586,0.6246246246246245,0.5357857857857857,0.4642900744719814,0.229138252786159,0.5963705809512182
0.519139354515887,0.528028028028028,0.7542542542542542,0.5018312782322061,0.4950398521024818,0.4997715262396009
0.5193895421566176,0.4959959959959959,0.6233733733733733,0.5630116678584509,0.0,0.8365278964717373
0.5206404803602703,0.5275275275275274,0.752002002002002,0.5018469749027679,0.4951933306590858,0.4997401328984774
0.5451588691518641,0.574074074074074,0.3961461461461461,0.3734586741545599,0.6444721558504979,0.6016969844951776
0.5248936702526896,0.5495495495495495,0.803053053053053,0.2714268273540646,0.4745452325723355,0.4401625477440396
0.6229672254190645,0.5082582582582582,1.0,0.5878560092087134,0.3617227967978792,0.6276697420513804
0.5143857893420066,0.4502002002002001,0.6851851851851851,0.0,0.2439419572004116,0.4499904075902122
0.7002752064048038,0.6373873873873873,0.3978978978978978,0.0,1.0,1.0
0.5208906680010009,0.5282782782782782,0.7515015015015014,0.5017702356244659,0.4952090273296475,0.4997261803024225
0.842381786339755,0.5025025025025024,0.7992992992992993,0.4502816680328583,0.5020911453337287,1.0
1.0000000000000002,0.973223223223223,1.0,1.0,0.0,0.4276802064984216
0.0,0.689189189189189,0.5347847847847848,0.0,0.0148786996180477,0.4659992674887071
0.3870402802101577,0.5412912912912912,0.6631631631631631,0.5986134607670439,0.2898146048799205,0.6810977204946196
0.3735301476107081,0.659159159159159,0.7957957957957957,0.4515932120620193,0.5304916546034847,1.0
0.5206404803602703,0.5277777777777777,0.7527527527527527,0.5018312782322061,0.495177633988524,0.4997261803024225
0.3970477858393796,0.518018018018018,0.6188688688688688,0.6153548319584212,0.2299021574201649,0.6585433489718681
0.5231423567675758,0.5252752752752752,0.7404904904904904,0.5016777996756021,0.4948113783420828,0.4997558295690392
0.521391043282462,0.5267767767767767,0.7517517517517517,0.5018469749027679,0.4952683258628809,0.4997558295690392
0.2249186890167626,0.8030530530530529,0.7575075075075075,0.6019568515967002,0.480557057397492,1.0
0.5173880410307732,0.7750250250250249,0.4194194194194194,0.0,0.2098487887402549,0.5609972618030242
0.7630723042281713,0.5843343343343342,0.5247747747747747,0.4612536407555331,0.4324415299021574,0.5853218689502415
0.8553915436577435,0.3293293293293292,0.8876376376376376,0.2102307410572579,1.0,0.7310759195632837
0.0,1.0,0.0,0.4059786874095261,0.5691002319619094,0.0108952334443727
0.5686765073805355,0.5763263263263262,1.0,0.0,0.9953450651411828,0.5455220887036294
0.6037027770828123,0.5122622622622621,0.79004004004004,0.504745626733174,0.4816418717407608,0.0543732668259588
0.5298974230673006,0.7682682682682681,0.4809809809809809,1.0,0.7937684217869787,0.4961229223712437
0.5549161871403554,0.669169169169169,0.6701701701701701,0.0,0.2767968327606955,0.5158100354047125
0.4788591443582688,0.5775775775775774,0.7677677677677677,0.0,0.3946701083070268,0.500381952317003
0.6895171378533902,0.5658158158158157,0.6466466466466466,0.407902401590596,0.0002441704309608,0.73847777177041
0.375281461095822,0.9406906906906906,0.5523023023023023,0.6106092052252472,0.1678985646266808,1.0
0.9694771078308732,0.319069069069069,0.7552552552552552,0.5130945113975269,0.50352477457837,0.3999058199766294
0.3622717037778334,0.4179179179179178,0.8128128128128127,0.5442105446744685,0.4579259465964386,0.0
0.4991243432574432,0.4982482482482481,0.7632632632632632,0.4463278511258001,0.4052915220538221,0.0
1.0000000000000002,0.8918918918918917,1.0,1.0,0.0003819523170029,0.6094947416153618
0.1631223417563173,1.0,0.0,0.0,0.965694054450006,0.5473237176692188
0.4403302476857644,0.8093093093093092,0.6201201201201201,0.0,0.2760050229345798,0.7504874688246682
0.2952214160620466,0.4632132132132131,0.7512512512512513,0.0,0.7610338873676683,0.8450581648848039
0.5203902927195397,0.5275275275275274,0.7517517517517517,0.5018312782322061,0.495177633988524,0.4997261803024225
1.0000000000000002,0.7077077077077076,0.0,0.0003366063798245,0.9970385614873468,0.0935329717285522
0.4393294971228422,0.9992492492492492,0.7962962962962963,0.0,0.2169907738458587,0.9999843033294382
0.0,1.0,0.0,0.0,0.0,0.1279906517606432
0.5206404803602703,0.5275275275275274,0.752002002002002,0.5018312782322061,0.4952090273296475,0.4996651376946823
0.5206404803602703,0.5277777777777777,0.7522522522522521,0.5017405863578492,0.4951933306590858,0.4997261803024225
0.7908431323492622,0.6651651651651651,0.7347347347347346,0.4992517920365558,0.4924464133107766,1.0
0.0,0.897147147147147,0.535035035035035,0.0,0.0,0.0025934387917052
0.9842381786339756,0.0933433433433433,0.7602602602602602,0.5255472033765283,0.4992517920365558,0.2438338245809861
0.5203902927195397,0.5277777777777777,0.7527527527527527,0.5018469749027679,0.4952090273296475,0.4997401328984774
0.5253940455341507,0.6874374374374373,0.6401401401401401,1.0,0.6734673945270941,0.4359052618727872
0.5203902927195397,0.5275275275275274,0.7525025025025025,0.5017702356244659,0.495177633988524,0.4997715262396009
0.6855141356017014,0.6018518518518517,0.5062562562562563,0.4570417008214591,0.6512478853096604,0.5904041020632401
0.4983737803352516,0.7189689689689689,0.5705705705705706,1.0,0.6322479376318957,0.5069135113452047
0.4911183387540657,0.6826826826826826,0.3988988988988989,1.0,0.9260163594188744,0.4422083471405899
0.1215911933950463,0.7272272272272271,0.7129629629629629,0.441658963670928,0.5260494968345047,0.0048066693409143
0.5206404803602703,0.5277777777777777,0.7522522522522521,0.5018469749027679,0.4951933306590858,0.4997401328984774
0.7810858143607707,0.4364364364364363,0.7567567567567567,0.4880966914906605,0.4855939445733122,0.7907162913999686
1.0000000000000002,0.5863363363363362,1.0,0.017672706978042,0.9861590247135358,0.6552017022167187
0.4843632724543409,0.7077077077077076,0.5788288288288288,1.0,0.5997139717808745,0.5104382859235747
0.5206404803602703,0.5295295295295295,0.7535035035035034,0.5018609274988227,0.495100894710222,0.4997401328984774
0.5208906680010009,0.5275275275275274,0.7525025025025025,0.5018155815616443,0.4951619373179622,0.4997854788356559
0.5203902927195397,0.5277777777777777,0.7525025025025025,0.5018155815616443,0.4952090273296475,0.4997715262396009
0.3507630723042283,0.4679679679679679,0.2187187187187187,0.4569196156059787,0.888764672026789,1.0
0.4348261195896924,0.9887387387387384,0.7427427427427427,0.0,0.0973943526867467,1.0
0.6509882411808858,0.5638138138138137,0.5630630630630631,0.4453965153391352,0.6415421106789683,0.5115527495334601
0.0,1.0,0.4942442442442442,0.0,9.06918743569518e-05,0.3185203271883775
0.5356517388041032,0.6784284284284283,0.6724224224224223,1.0,0.8019167378830423,0.416158850306085
0.4823617713284965,0.6003503503503502,0.730980980980981,1.0,0.6820290562812843,0.509262779705949
0.6202151613710284,0.5132632632632632,0.6721721721721721,0.3318119190051799,0.0,0.6559638627762178
0.6722541906429824,0.4181681681681681,0.7565065065065064,0.5181610478399638,0.4926295411339972,0.5808500619146449
0.5676757568176134,0.6656656656656655,0.4416916916916916,0.4721488741999058,0.5622791565655685,0.5053403561400143
0.4518388791593696,0.7572572572572571,0.5878378378378378,0.0,0.1425187924028114,0.6311509147670789
0.7235426569927448,0.5943443443443442,0.0,0.0034951253117533,0.897021120742278,0.4557284127177913
0.4768576432324244,0.4712212212212211,0.0570570570570571,0.998458238135933,0.0736173849346844,0.7600572056438251
0.5171378533900427,0.5287787787787787,0.7840340340340339,0.09991105220015,0.4280307654743011,0.3943195493311474
0.5203902927195397,0.5275275275275274,0.752002002002002,0.5018312782322061,0.4952683258628809,0.4997401328984774
0.3485113835376533,0.5850850850850849,0.7580080080080079,0.5243106545511624,0.4916982053473324,0.2245304079390271
0.2271703777833376,0.7337337337337336,0.6801801801801801,0.6318066867816593,0.6821668381673265,1.0
0.7137853390042533,0.5367867867867867,0.6268768768768769,0.4898372778485096,0.9965205713588084,0.3330938137677242
1.0000000000000002,0.6316316316316315,1.0,0.9978949020702164,0.0631494497444931,0.358136979611769
0.4633475106329748,0.5685685685685685,0.7725225225225225,0.5322915394945672,0.5064251704832831,0.1120428344698885
0.5344008006004505,0.6506506506506505,0.7715215215215214,0.4798855887123497,0.4755376109667405,0.0
0.2226670002501877,0.7992992992992991,0.6791791791791791,0.5401049932853131,0.6163315136822645,0.9994209672637216
0.294971228421316,0.6536536536536536,0.7484984984984985,0.5905261872787205,0.5332385719517938,0.3529030120166734
0.3722792094070554,0.663163163163163,0.7705205205205206,0.4817936062228578,0.494171302998064,1.0
0.5018764073054792,0.8268268268268266,0.5698198198198198,1.0,0.6656853340774718,0.3998290806983274
0.5203902927195397,0.5275275275275274,0.7522522522522521,0.5018312782322061,0.4952683258628809,0.4997261803024225
0.5206404803602703,0.5275275275275274,0.7527527527527527,0.5018016289655894,0.4952229799257024,0.4997558295690392
0.4140605454090569,0.4759759759759759,0.7872872872872873,0.4253902366709106,1.0,0.235334949509043
0.7645734300725546,0.7244744744744743,0.7234734734734735,0.3931754364546453,0.3854997645499416,0.0
0.4788591443582688,0.7642642642642641,0.4034034034034034,0.0,0.2137869089767515,0.7295045084326003
0.5198899174380787,0.5655655655655655,0.7692692692692692,0.9789716936707537,0.5448366674224323,0.5160838551022899
0.5841881411058295,1.0,0.792042042042042,1.0,0.8993093464952823,0.0
0.9754816112084064,0.4024024024024023,0.7492492492492492,0.5008842457749795,0.4868758393358564,0.0858555557493416
0.2829622216662498,0.9459459459459458,0.0,0.4354012243403038,0.637956293492858,0.0
0.0,1.0,0.2457457457457457,0.0,0.1183616164082529,0.0
0.4768576432324244,0.7189689689689689,0.492992992992993,1.0,0.8883373737726076,0.4463888937335403
0.5066299724793597,0.7555055055055053,0.5422922922922923,1.0,0.7038666131817151,0.472591869124649
0.5203902927195397,0.5275275275275274,0.7525025025025025,0.5018155815616443,0.4951462406474005,0.4997401328984774
0.5201401050788093,0.5275275275275274,0.7525025025025025,0.5018766241693845,0.4951933306590858,0.4998011755062176
0.0195146359769827,0.7632632632632631,0.7757757757757757,0.5605385702077192,0.5155048223660115,0.9358599159356088
0.4963722792094072,0.6736736736736736,0.4281781781781781,0.4332804297399585,0.5250117725029213,0.5396619983605699
0.5203902927195397,0.5275275275275274,0.7530030030030029,0.5018923208399463,0.4952090273296475,0.4998325688473412
0.4818613960470354,0.902152152152152,0.4036536536536536,1.0,0.0,0.2721436419763853
0.4400800600450339,0.5352852852852852,0.78003003003003,0.0,0.4995116591380784,0.3968379929190575
0.2539404553415062,0.9196696696696696,0.0,1.0,0.9997104836318608,0.1718349407886705
0.4590943207405555,0.7642642642642641,0.4834834834834834,0.0,0.3593421350960113,0.4478853096604287
1.0000000000000002,1.0,0.0,1.0,0.2257041700821459,0.9949631128241798
0.172129096822617,0.4934934934934934,0.7107107107107107,0.5596229310916162,0.4358285225944852,1.0
0.2354265699274456,0.7084584584584583,0.7244744744744744,0.532840922964229,0.6115091476707885,0.3634319898146049
0.5203902927195397,0.5275275275275274,0.7525025025025025,0.5018609274988227,0.4952386765962642,0.4997854788356559
0.0,0.6786786786786786,0.5555555555555556,0.0,0.2101696984495177,1.0
0.5201401050788093,0.528028028028028,0.7532532532532532,0.5019080175105081,0.4951462406474005,0.4997261803024225
0.659744808606455,0.6213713713713712,0.7042042042042042,0.5348099830824773,0.897021120742278,0.5363203516054206
0.4138103577683263,0.7157157157157156,0.7164664664664664,0.0,0.2259483405131067,0.5915325182691804
0.5198899174380787,0.5287787787787787,0.7572572572572571,0.5018766241693845,0.4950258995064269,0.4997715262396009
0.5914435826870154,0.7477477477477477,0.7515015015015014,0.4634511746341804,0.5346878978669969,0.0
0.6062046534901178,0.5788288288288287,0.6974474474474475,0.5515042642621693,0.6277621780002441,0.5715262396009557
0.4513385038779085,0.517017017017017,0.7882882882882882,0.2265134206533303,0.5107888448994541,0.4932696164780159
0.6054540905679261,0.4899899899899899,0.7525025025025025,0.50352477457837,0.5343826848282959,1.0
0.4445834375781837,0.7672672672672671,0.5392892892892893,0.0,0.3307445454069798,0.5864816784973054
0.5203902927195397,0.5277777777777777,0.7527527527527527,0.5018469749027679,0.4951619373179622,0.4997558295690392
0.5306479859894923,0.6418918918918918,0.4029029029029028,0.4164483666742243,0.4892721977082861,0.5519769084535291
0.5206404803602703,0.5275275275275274,0.7530030030030029,0.5018609274988227,0.495177633988524,0.4997261803024225
0.5449086815111335,0.5107607607607607,0.7334834834834835,0.0,0.1223293859113661,0.4501281894762544
0.5256442331748813,0.7815315315315314,0.6001001001001001,1.0,0.6148978844376232,0.446099377365401
0.5596697523142358,0.5172672672672671,0.7254754754754754,0.5079041456651028,0.5083628372604078,0.4991000575544587
0.5206404803602703,0.5277777777777777,0.7527527527527527,0.5018312782322061,0.495177633988524,0.4997104836318607
0.4613460095071304,0.5175175175175174,0.926176176176176,0.3834400125573364,1.0,0.3230828260983309
0.3309982486865149,0.5412912912912912,0.7687687687687688,0.5376022463679648,0.517076233496695,0.0294068402602158
0.289467100325244,0.935185185185185,0.0,0.3698868095645046,0.9999389573922596,0.8538483003993931
0.5203902927195397,0.5277777777777777,0.7522522522522521,0.5018016289655894,0.4952840225334426,0.4996023510124353
0.4375781836377284,0.6644144144144143,0.785035035035035,0.5801942899000645,0.5757085302684131,1.0
0.4781085814360772,0.5497997997997996,0.7412412412412412,0.4351117079721646,0.5037079024015906,0.2611559725831487
0.654240680510383,0.5538038038038037,0.6821821821821821,0.4301515600746464,0.7664806320526012,0.3784031253815163
0.5201401050788093,0.5275275275275274,0.7522522522522521,0.5017702356244659,0.495254373266826,0.4997401328984774
0.4325744308231175,0.4469469469469468,0.7289789789789789,0.4279540261959991,1.0,0.1753754120376022
0.0,0.6423923923923922,0.8643643643643644,0.0,0.5067600327886007,0.7625285592200499
0.519139354515887,0.7902902902902902,0.6231231231231231,1.0,0.6432059577585154,0.4389730889303591
0.1896422316737553,0.528028028028028,0.6939439439439439,0.4631006156583009,0.8264262169279872,0.2532657795141008
0.7295471603702779,0.5425425425425424,0.6098598598598598,0.5272406997226922,0.9262291365087116,0.3621814883931841
0.8001000750562923,1.0,0.8868868868868868,1.0,0.6069780421019586,0.0
0.3209907430572931,1.0,0.0,1.0,0.7320996912988122,1.0
0.2094070552914687,0.9902402402402402,0.1053553553553554,0.7857404468318887,0.4246734220485899,0.0
0.7338003502626972,0.5037537537537536,0.7269769769769769,0.5119957444582033,0.5041055513891554,1.0
1.0000000000000002,0.8723723723723722,0.0,0.8900326141932784,0.0014196766485864,0.0957444582032544
0.487615711783838,0.4256756756756756,0.7354854854854854,0.6557493416118737,0.4442977483998116,0.5358773566806774
0.3450087565674257,0.5202702702702702,0.7062062062062061,0.5851997837347611,0.2496642656574288,0.5836440692746394
0.5714285714285716,0.6754254254254253,0.7372372372372371,0.6013464255192982,0.6285103859636884,1.0
0.4225669251938955,0.4982482482482481,0.6348848848848848,0.5378621134694874,0.0317107626837819,0.8241205504299144
0.5206404803602703,0.5277777777777777,0.7527527527527527,0.5019219701065629,0.4951933306590858,0.4996651376946823
0.615461596197148,0.627127127127127,0.7612612612612613,0.0,0.3778380452412927,0.66513595060781
1.0000000000000002,0.409159159159159,0.5407907907907907,1.0,0.0,0.5198091982489492
0.5211408556417314,0.5275275275275274,0.7527527527527527,0.5019080175105081,0.495254373266826,0.499694786961299
0.5206404803602703,0.5277777777777777,0.7532532532532532,0.5019219701065629,0.4951933306590858,0.4998168721767794
0.3467600700525395,1.0,0.0,0.2864119155170309,1.0,1.0
0.4628471353515138,0.4244244244244243,0.8653653653653652,0.2141060746115074,1.0,0.1591066850375848
0.5146359769827372,0.7202202202202201,0.5235235235235235,0.3232206079843731,0.4602455656905663,0.4755986535744807
0.4115586690017514,0.4264264264264263,0.805055055055055,0.3567486963043061,1.0,0.111158588694909
0.5203902927195397,0.5275275275275274,0.7525025025025025,0.5018312782322061,0.4952386765962642,0.4997104836318607
0.3740305228921692,0.2585085085085085,1.0,0.3837748748626541,1.0,0.0384114969391492
0.4358268701526145,0.6333833833833833,0.7239739739739739,0.5536564522036381,0.5893349843905331,1.0
0.5203902927195397,0.5275275275275274,0.7530030030030029,0.5018923208399463,0.4952386765962642,0.499694786961299
0.5894420815611711,0.5885885885885884,0.7232232232232232,0.4260163594188744,0.4721192249332891,0.0
0.0,1.0,0.0,0.0,0.0540994471283813,0.0
0.6915186389792346,0.4124124124124123,0.7484984984984985,0.4944451226956415,0.4789716936707536,0.0
0.2001501125844384,0.7379879879879878,0.7597597597597596,0.4108934893698659,0.4637249943317578,0.0
0.4866149612209158,0.8678678678678677,0.879129129129129,0.0,1.0,0.8192981844184384
0.3672754565924444,1.0,0.4822322322322322,0.0,1.0,1.0
0.4926194645984489,0.3833833833833833,0.6463963963963963,0.5561591991209864,0.0,1.0
0.5021265949462098,0.839089089089089,0.4984984984984985,1.0,0.8271726808169245,0.3290039590491306
0.5288966725043784,0.538038038038038,0.7960460460460459,0.1110975460871688,0.5565708007046061,0.3931597397840836
0.3390042531898925,0.872122122122122,1.0,0.0,0.7289411723668835,0.3382981320962032
0.3500125093820366,0.5400400400400399,0.7717717717717717,0.620421368400858,0.3112248635261698,0.4953764584823064
0.0813109832374281,0.8083083083083082,0.7722722722722721,0.4369726354709873,0.492568498526257,0.0
0.354766074555917,0.567067067067067,0.7625125125125125,0.487135706437379,0.4153182063937771,0.0346268552592566
0.4378283712784589,0.5455455455455455,0.7484984984984985,0.5288435041944992,0.5130631180564034,1.0
0.0820615461596198,0.8776276276276275,0.7484984984984985,0.3814552557685264,0.4514554301759771,0.0
0.6900175131348513,1.0,0.0,0.0,1.0,0.6147897518181976
0.4165624218163624,0.4964964964964964,0.1153653653653654,1.0,0.0,0.8591904006139142
0.3272454340755568,0.5903403403403402,0.7515015015015014,0.4568271796571149,0.4403910215044386,0.0050054938346966
0.4053039779834877,0.5237737737737737,0.944194194194194,0.5870310619669672,1.0,0.2105202574253972
1.0000000000000002,1.0,0.0,1.0,0.2095139264349372,0.7268186336920313
0.1768826619964974,0.5618118118118117,0.7159659659659658,0.554357570155397,0.7932329909133717,0.4410938835307044
0.5203902927195397,0.5275275275275274,0.752002002002002,0.5017859322950277,0.4951933306590858,0.4996494410241205
0.5201401050788093,0.5272772772772771,0.7525025025025025,0.5018609274988227,0.4953154158745662,0.4997401328984774
0.5081310983237429,0.7510010010010009,0.5285285285285285,0.0,0.3828749324171128,0.4949334635575632
0.5296472354265701,0.5743243243243242,0.8038038038038038,0.4663358738685316,0.4525245478486841,0.0
0.5206404803602703,0.5272772772772771,0.7525025025025025,0.5018016289655894,0.4951322880513455,0.4997854788356559
0.0,0.7582582582582581,1.0,0.0,0.6705373493555644,0.815269372307585
0.5203902927195397,0.5272772772772771,0.7525025025025025,0.5019080175105081,0.495177633988524,0.4997401328984774
0.5246434826119591,0.5372872872872871,0.736986986986987,0.5149554388963496,0.4573765631267767,0.4528751068245635
0.5203902927195397,0.5275275275275274,0.752002002002002,0.5018923208399463,0.4952229799257024,0.4996494410241205
0.5701776332249189,0.6899399399399399,1.0,0.0,1.0,0.5343826848282959
0.5201401050788093,0.5275275275275274,0.7525025025025025,0.5018469749027679,0.4951462406474005,0.4998325688473412
0.3650237678258695,0.4892392392392392,0.942192192192192,0.5113992709768561,0.6206969321729424,0.47236339536425
0.5511633725293972,0.5055055055055054,0.6616616616616616,0.5992099342483911,0.0,0.7337007516961125
0.5121341005754317,0.4754754754754754,0.765015015015015,0.6201615012993356,0.5008092505711844,0.489973315660045
0.2564423317488117,0.5953453453453452,0.7862862862862863,0.5468964194150374,0.6553987826359942,0.4143729180110574
0.5206404803602703,0.5275275275275274,0.7527527527527527,0.5018766241693845,0.4951165913807838,0.4997401328984774
0.3997998498874157,1.0,0.0,1.0,0.4115039154472679,0.7387376388719326
0.0,0.7872872872872871,0.0518018018018018,1.0,1.0,1.0
0.5208906680010009,0.5275275275275274,0.7527527527527527,0.5018609274988227,0.4951933306590858,0.4997715262396009
0.0,0.7747747747747746,0.1894394394394394,1.0,0.9870136212218984,0.2094075378900187
0.5008756567425571,0.6674174174174173,0.8168168168168167,1.0,0.6292585939271326,0.5304149153251827
0.3680260195146361,1.0,0.0,0.0,1.0,0.3861101906273436
0.4480860645484114,0.7449949949949949,0.4619619619619619,1.0,0.582147653347751,0.6756649284057414
0.4445834375781837,0.6356356356356355,0.720970970970971,0.0,0.2619495264837713,0.5716186755498195
0.4943707780835628,0.6676676676676676,0.7032032032032032,1.0,0.6631982838306852,0.4675096360116504
0.4620965724293221,0.4979979979979979,0.8743743743743744,0.1300207544866317,0.4714931021853253,0.4338751591467987
0.7115336502376784,0.5708208208208208,0.4609609609609609,0.4168285749167204,0.7411183005738005,0.4713396236287214
0.2361771328496373,0.6651651651651651,0.7147147147147146,0.5746237159251443,0.51507752411183,0.9370493747492892
0.5203902927195397,0.5277777777777777,0.752002002002002,0.5018016289655894,0.4952386765962642,0.4997401328984774
0.5664248186139607,0.6836836836836836,0.587087087087087,1.0,0.6437099952909988,0.392580707047805
0.5546659994996248,0.3643643643643642,0.7352352352352352,0.4510438285923575,0.3320560894361407,0.5469574620227776
0.4946209657242933,0.5332832832832832,0.7557557557557557,0.9994663132009,0.5909988314700804,0.4843887890890699
0.4703527645734302,0.5400400400400399,0.8065565565565564,0.1455709227898216,0.477185761375726,0.4159286324711791
0.2379284463347511,0.8168168168168166,0.7487487487487487,0.6445785443954166,0.513017772119225,1.0
0.4215661746309733,0.4964964964964964,0.8253253253253252,0.6262971554144793,0.9873327868566546,0.2987128730139351
0.5206404803602703,0.5277777777777777,0.7525025025025025,0.5017702356244659,0.495254373266826,0.4997401328984774
0.5901926444833626,0.4964964964964964,0.78003003003003,0.4334339082965624,1.0,0.3492544081483161
0.519139354515887,0.4977477477477476,0.8085585585585585,0.9999389573922596,0.578928091808082,0.5485602664945847
0.5586690017513136,0.5375375375375374,0.7782782782782782,0.5181906971065804,0.5444233217643057,1.0
0.7345509131848889,0.5763263263263262,0.5025025025025025,1.0,1.0,0.0881751748434693
0.5206404803602703,0.5275275275275274,0.7525025025025025,0.5018609274988227,0.4951933306590858,0.4997401328984774
0.6074555916937705,0.4819819819819819,0.7812812812812813,0.5168931056734744,0.4735685508484922,0.4956206289132672
0.5071303477608208,0.6666666666666665,0.4456956956956956,0.6925126881420374,0.5622477632244449,0.5698013499136683
0.5166374781085816,0.4249249249249248,0.724974974974975,0.0,0.3085546854561627,0.3515897239130056
0.4013009757317989,0.6834334334334333,0.5775775775775776,0.0,0.4256954497096116,0.412571289045468
0.9727295471603704,0.4136636636636636,0.7755255255255256,0.4920958543348971,0.4877914784519594,0.8626384359139823
0.5156367275456594,0.4827327327327326,0.7882882882882882,0.3160786228787694,0.4074140607286743,0.4642290318642412
1.0000000000000002,1.0,1.0,0.0981879065873694,0.9346390637808046,0.9728813854927882
0.6945208906680012,0.5828328328328327,0.7122122122122121,0.4868915360064182,0.5670858259064827,0.4773985384655632
0.9949962471853891,1.0,0.91016016016016,1.0,0.0,0.1173849346844097
0.5201401050788093,0.5275275275275274,0.7522522522522521,0.5018469749027679,0.495177633988524,0.4996651376946823
0.7750813109832375,0.8733733733733733,0.8028028028028027,0.5078431030573626,0.4849538692292934,0.0
0.5203902927195397,0.5272772772772771,0.7530030030030029,0.5018469749027679,0.4951165913807838,0.4997104836318607
0.1676257192894671,0.331081081081081,0.7432432432432432,0.586054380243124,1.0,0.652805343844289
0.3390042531898925,0.9987487487487484,0.6811811811811811,1.0,0.2650016568707815,0.0
0.3332499374530899,0.7062062062062061,0.8138138138138138,0.6428850480492527,0.5375255070896628,0.0
0.5531648736552416,0.5130130130130129,0.7547547547547546,0.5639569562411706,0.4149990407590212,0.5744405881019237
0.620465349011759,0.6211211211211211,0.6116116116116116,0.4406822819470847,0.0,0.6592601635941887
0.5021265949462098,0.7414914914914914,0.6754254254254254,0.0,0.2841533390306434,0.4650225857648639
0.3615211408556418,1.0,0.0,0.0,0.9737359820011512,0.4544308212846852
0.3882912184138105,0.5633133133133132,0.8335835835835835,0.5485742190906395,1.0,0.3424036834853585
0.9134350763072304,0.4562062062062061,1.0,0.192390602926557,0.4209341263058758,0.2570504211939934
0.3530147610708032,0.5460460460460459,0.7902902902902902,0.5774787658928789,1.0,0.2575841079930935
0.999499624718539,1.0,0.0277777777777778,0.0,1.0,0.1695449709611594
0.4971228421315988,0.7947947947947946,0.6584084084084083,1.0,0.6336519176099202,0.3290963949979943
0.8621466099574683,0.2577577577577577,0.7812812812812813,0.498625669288592,0.4769572876153269,0.8630517815721088
0.4781085814360772,0.6426426426426425,0.7737737737737738,1.0,0.6593665521391074,0.4902488794321293
0.394045534150613,0.619119119119119,0.7339839839839839,0.5343059455499939,0.4560946683642325,0.4416729162669829
0.7525644233174882,0.5843343343343342,0.5272772772772772,0.4937579573399375,0.7738214416519873,0.5475678881001796
0.3720290217663248,0.5315315315315314,0.6846846846846846,0.6805640336955194,0.2853584945148857,0.664295306695502
1.0000000000000002,0.9677177177177176,0.4489489489489489,1.0,0.0,0.0
0.7563172379284465,0.4937437437437436,0.745995995995996,0.5128956869037445,0.5078431030573626,0.0
0.5206404803602703,0.5275275275275274,0.7527527527527527,0.5018766241693845,0.495177633988524,0.4998011755062176
0.5131348511383539,0.6133633633633633,0.7347347347347346,0.6355599351204283,0.656024905383958,1.0
0.2339254440830623,0.7162162162162161,0.3143143143143143,1.0,0.7611856218497655,0.0711303346878978
0.505879409557168,0.7002002002002001,0.4454454454454454,0.8437605734516979,0.6233985035840731,0.5911523100266843
0.6805103827870904,0.5775775775775774,0.52002002002002,0.5220520780647749,0.8334461168181104,0.4312206777473534
0.9647235426569928,0.9294294294294292,0.0,0.8940753789001865,0.2273540645656382,0.1763974396986239
0.1631223417563173,0.9539539539539538,0.2074574574574574,0.0,0.5361058304410764,0.0
0.1836377282962222,0.5523023023023022,0.7607607607607607,0.5216701257477719,0.4881873833650174,0.5785618361616408
0.3647735801851389,0.6751751751751751,0.6631631631631631,0.5139473638313828,0.4905540924708303,1.0
0.4708531398548913,0.7162162162162161,0.4874874874874875,0.4691281371540192,0.4955752829760887,0.5652702443448384
0.7277958468851641,0.4256756756756756,0.7607607607607607,0.5141165390585486,0.5276836946474354,1.0
0.5201401050788093,0.5277777777777777,0.7527527527527527,0.5018609274988227,0.4951462406474005,0.4997715262396009
0.5201401050788093,0.5275275275275274,0.7527527527527527,0.5018923208399463,0.4951619373179622,0.4998622181139578
0.5203902927195397,0.5275275275275274,0.7522522522522521,0.5017545389539041,0.4952090273296475,0.4997104836318607
0.4645984488366276,0.4924924924924924,0.7812812812812813,0.5000453459371784,0.0,0.9278179883844636
0.205904428321241,0.6836836836836836,0.7352352352352352,0.4460540314282226,0.7570661178645552,0.3429216736138968
0.7808356267200403,0.4356856856856856,0.7237237237237237,0.4881420374278389,0.4708669794373615,0.0007325112928824
0.5206404803602703,0.5277777777777777,0.7530030030030029,0.5018469749027679,0.4951619373179622,0.4997401328984774
0.5201401050788093,0.5272772772772771,0.7517517517517517,0.5018016289655894,0.4952386765962642,0.4996790902907372
0.5201401050788093,0.5275275275275274,0.7522522522522521,0.5018312782322061,0.495177633988524,0.499694786961299
0.4558418814110584,0.7622622622622621,0.6236236236236236,0.0,0.1725360587404293,0.5323979280394858
0.2186639979984989,0.5357857857857857,0.5925925925925926,0.4978338594624762,0.9997715262396007,0.2217364005790327
0.4578433825369028,0.7262262262262261,0.7037037037037036,1.0,0.7631093360308352,0.4155013342169977
0.5203902927195397,0.5277777777777777,0.7532532532532532,0.5018155815616443,0.4951933306590858,0.4997558295690392
0.7363022266700027,0.5828328328328327,0.5432932932932932,0.4191028480736697,0.1779392015626907,0.6569858904372394
0.2807105328996748,0.4359359359359358,0.8008008008008007,0.9854108167500916,1.0,0.4947346390637808
0.5323992994746061,0.5365365365365364,0.6984484484484484,0.0,0.2617663986605508,0.4653121021330031
0.3965474105579185,0.4682182182182181,0.7489989989989989,0.5039224235659348,0.4981687217677939,0.3241972897082164
0.5206404803602703,0.5275275275275274,0.752002002002002,0.5018312782322061,0.4952090273296475,0.4997715262396009
0.5869402051538656,0.2675175175175174,0.9004004004004003,0.5278057798629158,0.4018591834243159,0.8483544657027748
0.5203902927195397,0.5275275275275274,0.7522522522522521,0.5018155815616443,0.495254373266826,0.4996651376946823
0.5146359769827372,0.5232732732732732,0.7787787787787788,0.8344977937457487,0.4884315537959782,0.5492927777874671
0.485364023017263,0.6376376376376376,0.7412412412412412,0.5483003993930621,0.5390358756126061,1.0
0.4678508881661247,0.6151151151151151,0.6796796796796796,1.0,0.6197045537785374,0.4483876031184052
0.5356517388041032,0.6829329329329328,0.6046046046046045,0.2545319776060833,0.5436001185970665,0.5530006801890577
0.5203902927195397,0.5275275275275274,0.7527527527527527,0.5018766241693845,0.495177633988524,0.4997854788356559
0.5206404803602703,0.5275275275275274,0.7525025025025025,0.5017859322950277,0.4952386765962642,0.4996790902907372
0.5539154365774333,0.5127627627627627,0.7787787787787788,0.426733174041195,1.0,0.300802274273157
0.5203902927195397,0.5277777777777777,0.7525025025025025,0.5018469749027679,0.4951933306590858,0.499694786961299
0.3430072554415813,0.5492992992992992,0.6829329329329329,0.5298044892477807,0.4871200097668172,0.5520379510612693
0.443332499374531,0.596096096096096,0.7847847847847848,0.4237577829324869,0.3298289062908767,0.0
0.5201401050788093,0.5277777777777777,0.7522522522522521,0.5018312782322061,0.495254373266826,0.4997104836318607
0.1591193395046286,0.7139639639639639,0.1891891891891892,1.0,1.0,1.0
0.0,0.6951951951951951,0.4637137137137137,0.905293266128329,1.0,1.0
0.5376532399299476,0.7277277277277276,0.495995995995996,1.0,0.859891518565673,0.4650225857648639
0.5203902927195397,0.5277777777777777,0.7522522522522521,0.5018923208399463,0.4951933306590858,0.4998168721767794
0.4033024768576433,0.5673173173173173,0.7284784784784785,0.7031951444965729,0.4508607007691368,0.5385492788251914
0.0277708281210909,1.0,0.3566066066066066,1.0,0.8502781798838446,0.0
0.7092819614711035,0.6428928928928928,0.7464964964964964,0.5119486544465179,0.4601548738162094,1.0
0.4731048286214662,0.5112612612612611,0.7472472472472472,0.2177389818093029,0.4089558225927411,0.4361947782409264
0.2884663497623219,0.552052052052052,0.8235735735735735,0.3148124247867869,1.0,0.2398677991523798
0.466599949962472,0.7239739739739739,0.5227727727727728,0.8541238641714775,0.6063815686206114,0.5474458028846992
0.0,0.7690190190190189,0.0650650650650651,0.0,0.6041229921342239,0.0124980379161798
0.5719289467100327,0.605105105105105,0.7354854854854854,0.4182796449064304,0.3610216788461203,0.0
0.5206404803602703,0.5275275275275274,0.7530030030030029,0.5018469749027679,0.4952386765962642,0.4997401328984774
1.0000000000000002,1.0,1.0,0.0025027469173483,0.986602019638279,0.7528227845893576
0.5203902927195397,0.5275275275275274,0.7532532532532532,0.5018609274988227,0.4952090273296475,0.499694786961299
0.8503877908431325,0.5593093093093092,0.3095595595595595,0.0,1.0,1.0
0.3059794846134602,1.0,0.0027527527527527,0.0,0.5998970996040951,1.0
0.4393294971228422,0.6916916916916915,0.8078078078078077,0.3336745905785095,0.4483126079146101,0.0
0.3917938453840381,0.5635635635635634,0.7592592592592592,0.6000784833528088,0.607023388039137,1.0
0.5203902927195397,0.5275275275275274,0.7532532532532532,0.5018609274988227,0.4951933306590858,0.4997715262396009
0.5178884163122343,0.6426426426426425,0.6526526526526526,0.0,0.2449639848614333,0.430015522263111
0.5206404803602703,0.5277777777777777,0.7530030030030029,0.5018312782322061,0.4950851980396603,0.499694786961299
0.3294971228421317,0.5945945945945945,0.7757757757757757,0.3961508275633535,0.4690513978757172,0.0
0.5411558669001753,0.5172672672672671,0.7777777777777777,0.2165948689328008,0.3990041334565812,0.439368993843417
0.4035526644983739,0.4892392392392392,0.9354354354354354,0.2187156635331461,1.0,0.1930934649528228
0.5974480860645486,0.4814814814814814,0.7592592592592592,0.5171076268378185,0.5135968048555034,0.8981512810227252
0.6564923692769579,0.4642142142142141,0.757007007007007,0.5076006767009087,0.4904320072553499,0.8584125433838533
0.5206404803602703,0.5275275275275274,0.7525025025025025,0.5018469749027679,0.4952229799257024,0.4997558295690392
0.0,1.0,0.1383883883883884,0.0,0.0,0.0
0.5206404803602703,0.5277777777777777,0.7530030030030029,0.5017859322950277,0.4951165913807838,0.4998011755062176
0.5208906680010009,0.5272772772772771,0.7527527527527527,0.5018469749027679,0.4951322880513455,0.499694786961299
0.3682762071553666,0.5377877877877877,0.617117117117117,0.6133264733069397,0.0705949038142909,0.756317909901111
0.5208906680010009,0.5277777777777777,0.7525025025025025,0.5017859322950277,0.4951619373179622,0.4997261803024225
0.8794095571678762,0.4672172172172171,0.7680180180180181,0.5146502258576486,0.5108952334443727,0.0010377243315835
0.4460845634225671,0.7417417417417416,0.6904404404404404,1.0,0.6996389765770794,0.4667614280482062
0.3612709532149113,0.7987987987987987,0.9934934934934934,0.0,0.9617419816174548,0.5180982611577166
0.0,1.0,0.0,0.0,0.3931143938469051,1.0
0.5221416062046537,0.5758258258258258,0.7577577577577577,0.5776461970455378,0.6458761358285225,1.0
1.0000000000000002,1.0,0.0,0.0,1.0,0.0
0.4831123342506881,0.7302302302302301,0.5735735735735735,1.0,0.7584857945131416,0.4434745452325723
0.4190642982236678,0.6388888888888888,0.7882882882882882,0.5240961333868183,0.5263093639360273,1.0
0.5046284713535153,0.4617117117117116,0.6854354354354354,0.0,0.3727261628616775,0.593777142159513
0.537403052289217,0.559059059059059,0.7332332332332332,1.0,0.5946474353384377,0.4882798193138811
0.7340505379034278,0.4942442442442442,0.7472472472472472,0.4994349198597764,0.4640162547744039,0.5654219788269355
0.740555416562422,0.5565565565565564,0.5965965965965966,0.5386713640406718,0.6026126236112807,0.574869630430612
0.5061295971978985,0.7017017017017015,0.4754754754754755,0.9863264558661946,0.7130387010133072,0.6417705844393673
0.354766074555917,0.5397897897897896,0.7134634634634633,0.629303939864311,0.3108743045502904,0.6236723232816506
0.5311483612709533,0.6931931931931931,0.5055055055055054,1.0,0.6675009156391161,0.6219020876571847
0.3902927195396548,0.5595595595595595,0.7612612612612613,0.450388056577777,0.4850445611036503,0.3119120288818738
0.5026269702276709,0.7755255255255254,0.6138638638638638,1.0,0.542103702670178,0.5789577410746987
0.0,0.542042042042042,1.0,0.0017388422833423,0.0,0.9999389573922596
0.5203902927195397,0.5277777777777777,0.7522522522522521,0.5019376667771247,0.495177633988524,0.4997261803024225
0.5203902927195397,0.5277777777777777,0.7527527527527527,0.5018155815616443,0.495177633988524,0.4997401328984774
0.4023017262947211,0.5162662662662661,0.7922922922922923,0.3985157925946596,1.0,0.219416781484905
0.3212409306980236,0.5077577577577577,0.6101101101101101,0.5774473725517554,0.0476446273784815,0.686333432164222
1.0000000000000002,0.6954454454454453,0.0202702702702703,1.0,0.5250588625146067,0.4070478050822331
0.4410808106079561,0.4517017017017016,0.8225725725725725,0.3091965048746882,1.0,0.4958334060031044
0.0,0.9336836836836836,0.1739239239239239,0.0,0.7427507543122243,0.3028027277325287
0.5203902927195397,0.5277777777777777,0.7525025025025025,0.5017859322950277,0.4952090273296475,0.4996651376946823
0.5394045534150614,0.4824824824824824,0.5475475475475475,0.342295550865933,0.0,0.7337007516961125
0.5201401050788093,0.5277777777777777,0.7525025025025025,0.5018312782322061,0.4951933306590858,0.4997104836318607
0.0080060045033775,0.6966966966966965,0.839089089089089,0.5797669916458831,0.5063798245461046,0.7638261506531558
0.0357768326244684,0.7299799799799799,0.8218218218218217,0.5379388527477894,0.4994663132008999,0.8114393846905139
0.4831123342506881,0.4977477477477476,0.7229729729729729,0.5434937300521478,0.0,0.8928091808082042
0.5316487365524144,0.5037537537537536,0.8205705705705706,0.1641889181505834,0.3787850776985192,0.4889355913284615
0.6487365524143109,0.595095095095095,0.5968468468468469,0.4349739260861224,0.5249507298951811,0.531620070809425
0.2316737553164874,0.622122122122122,0.8095595595595595,0.4073216247798106,1.0,0.1777403770689083
0.7818363772829624,0.4366866866866866,0.7630130130130129,0.477032282819122,0.487287440919476,1.0
0.3380035026269703,0.6536536536536536,0.7547547547547546,0.5139787571725064,0.4764375534122818,0.1575963165146415
0.5208906680010009,0.528028028028028,0.7527527527527527,0.5018766241693845,0.4952229799257024,0.4997854788356559
0.9316987740805608,0.4341841841841841,0.7812812812812813,0.4990686642133352,0.4804367162565184,0.0
0.117338003502627,1.0,0.0665665665665665,0.0,1.0,1.0
0.5834375781836378,0.6383883883883883,0.9374374374374376,0.0,1.0,0.6291365087116522
0.5426569927445586,0.6639139139139139,0.541041041041041,1.0,0.7334112353279731,0.4001953363447686
0.5349011758819116,0.5137637637637636,0.832082082082082,0.4202940509618571,0.4634354779636186,0.4491515077524112
0.5206404803602703,0.5275275275275274,0.752002002002002,0.5018155815616443,0.4952090273296475,0.4996790902907372
0.3757818363772831,0.5748248248248247,0.8911411411411411,0.3956328374348152,1.0,0.3224270540837505
0.5208906680010009,0.527027027027027,0.752002002002002,0.5018766241693845,0.4950555487730436,0.4997854788356559
0.3329997498123593,0.4652152152152151,0.6869369369369369,0.5427908680258821,0.0,0.7809791234281529
0.4718538904178135,0.4982482482482481,0.6483983983983983,0.5988576311980047,0.0,0.7259029945759283
0.4683512634475858,0.4957457457457456,0.6078578578578578,0.4540663097127509,0.0,0.6353768072972077
1.0000000000000002,0.8716216216216215,1.0,1.0,0.9747580096621729,0.676625913459023
0.5206404803602703,0.5277777777777777,0.7522522522522521,0.5018312782322061,0.495177633988524,0.4997261803024225
0.5206404803602703,0.5277777777777777,0.7522522522522521,0.5018155815616443,0.4952090273296475,0.4997104836318607
0.5138854140605456,0.7740240240240239,0.7267267267267267,0.0,0.2448262029753911,0.5933655405758934
0.9882411808856644,1.0,0.5357857857857857,1.0,0.9936515687950188,1.0
0.3402551913935452,0.5695695695695695,0.8115615615615615,0.4393846905139787,0.6032073530181209,0.4818249995639814
0.5043782837127847,0.4887387387387386,0.7935435435435434,0.0,0.4362872141897902,0.431709018609275
0.5298974230673006,0.719219219219219,0.6476476476476476,1.0,0.7260861223991488,0.5189546017405864
0.7868401300975734,0.3628628628628628,0.7347347347347346,0.5193505066536442,0.481854648830598,0.1769625198388475
0.2526895171378535,0.5955955955955955,0.9214214214214214,0.3702077192737674,1.0,0.250808378533931
0.7077808356267202,0.4434434434434433,0.7647647647647646,0.5123916493712611,0.4815651324624588,0.930854422100912
0.4648486364773581,0.7685185185185184,0.5718218218218218,0.0,0.3262273924342048,0.5292080157664335
0.0,0.6974474474474474,0.7982982982982982,0.0,0.0,0.5461796047927168
0.2381786339754817,0.7047047047047046,0.755005005005005,0.4156077227619164,0.4732633378097912,0.000838899837801
0.4718538904178135,0.6799299299299298,0.7282282282282282,1.0,0.6182552278633343,0.4117480858782287
0.5203902927195397,0.5272772772772771,0.7522522522522521,0.5018766241693845,0.4952683258628809,0.499694786961299
0.7225419064298225,0.5400400400400399,0.5968468468468469,0.5396776950311317,0.2905314195022411,0.6396340931684601
0.193144858643983,0.6036036036036034,0.2024524524524524,0.0,0.9985192807436734,0.9123881612222472
0.5824368276207157,0.7022022022022021,0.8398398398398398,0.5561278057798629,0.5616076878804263,1.0
0.2294220665499125,0.6536536536536536,0.858108108108108,0.5162059403177703,0.9889198946578998,0.2479393759701414
0.4711033274956218,0.4762262262262261,0.6869369369369369,0.4563248861991384,0.4437030189929714,0.4377208434344315
0.5469101826369779,0.6584084084084083,0.7484984984984985,0.0,0.2189144880269285,0.6125939620140572
0.5201401050788093,0.5275275275275274,0.752002002002002,0.5018469749027679,0.4952386765962642,0.4997558295690392
1.0000000000000002,0.9964964964964964,1.0,0.9998325688473412,0.5046549348588172,0.0496729860299632
0.5203902927195397,0.5275275275275274,0.7525025025025025,0.5017859322950277,0.495177633988524,0.4997261803024225
0.5203902927195397,0.5272772772772771,0.7525025025025025,0.5017545389539041,0.495177633988524,0.499694786961299
0.5021265949462098,0.7354854854854853,0.6276276276276276,0.0,0.2752725116416973,0.5816139665486509
0.5203902927195397,0.5275275275275274,0.7522522522522521,0.5018469749027679,0.4951933306590858,0.4997104836318607
0.4440830622967227,0.5082582582582582,0.6824324324324323,0.5762718663341297,0.0,0.8068315398433821
0.0,0.4797297297297296,0.8315815815815815,0.4786804332281075,0.1698205347332438,0.451075221933481
0.5201401050788093,0.5275275275275274,0.7525025025025025,0.5019080175105081,0.4951619373179622,0.4997854788356559
0.4533400050037529,0.5250250250250249,0.7840340340340339,0.5114446169140345,0.940207893681218,0.3763276767183494
0.0,0.7590090090090089,0.0,0.4632366534698362,0.3336588939079478,0.1424891431361948
0.3710282712034026,0.4997497497497496,0.7004504504504504,0.6506985018399987,0.1519350506653644,0.7267122451471126
0.6319739804853641,0.5332832832832832,0.5222722722722722,0.5326420984704466,0.0,0.7131154402916092
0.5201401050788093,0.5275275275275274,0.7525025025025025,0.5018312782322061,0.495100894710222,0.4997261803024225
0.7505629221916439,0.3916416416416415,0.775025025025025,0.5106981530250972,0.4912098644854108,0.8341158414287458
1.0000000000000002,0.9471971971971972,1.0,1.0,0.0,0.2492055740621239
0.5093820365273957,0.7397397397397396,0.4697197197197197,0.722317177389818,0.5907250117725029,0.5773566806773985
0.5113835376532401,0.537037037037037,0.7417417417417417,0.8483701623733366,0.4594520117899436,0.504745626733174
0.7628221165874407,0.4326826826826826,0.7825325325325325,0.489043723947887,0.5073408095993861,1.0
0.503127345509132,0.7152152152152151,0.7780280280280281,0.4827249420095226,0.5038160350210161,1.0
0.5208906680010009,0.5275275275275274,0.7522522522522521,0.5017702356244659,0.4952090273296475,0.4997558295690392
0.571178383787841,0.3898898898898898,0.6353853853853854,0.9596211870171094,0.0,0.0194882885396863
0.0,0.5395395395395395,1.0,0.999312834644296,0.6085791024992587,0.7791181959293301
0.9874906179634728,0.6556556556556555,0.0,0.0,0.597912342815285,0.064842946090657
0.4821115836877659,0.7237237237237236,0.5067567567567567,0.1966635854683712,0.4957723633953642,0.4274813820046392
0.5534150612959721,0.5758258258258258,0.7585085085085085,1.0,0.6899192493503322,0.469677520623681
0.4358268701526145,0.6514014014014013,0.7357357357357357,1.0,0.7890367476498596,0.5311317299475034
0.2206654991243433,0.6483983983983983,0.984984984984985,1.0,0.6797408305282802,0.3930830005057816
0.5974480860645486,0.6118618618618618,0.7852852852852852,0.4751556586497375,0.5250588625146067,1.0
0.6795096322241683,0.5733233233233233,0.6826826826826826,0.5248443413502625,0.9966426565742889,0.2714564766206813
0.2674505879409558,0.6243743743743743,0.741991991991992,0.450693269616478,0.4910720825993686,0.2950346198789612
0.3922942206654992,0.6023523523523522,0.931931931931932,0.5978356035369831,0.8073338333013587,0.4131677625268151
0.5203902927195397,0.5275275275275274,0.7525025025025025,0.5018469749027679,0.4952229799257024,0.4998011755062176
0.5399049286965225,0.5030030030030029,0.7627627627627627,0.5014807192563266,0.4916825086767706,1.0
0.4178133600200151,0.6443943943943943,0.7154654654654654,0.5459493869578108,0.4837016237333659,0.0
0.4883662747060296,0.7582582582582581,0.6629129129129129,0.0,0.2183180145455813,0.6538273715053107
0.0,1.0,0.0,0.6928179011807385,0.7101993477161345,0.9804506688525734
0.510883162371779,0.7452452452452452,0.5755755755755756,0.0,0.2944381463976141,0.490355267977048
0.4228171128346261,0.8075575575575574,0.7179679679679679,0.6812808483178401,0.5058600903430595,1.0
0.7380535401551165,0.6739239239239239,0.730980980980981,0.5040741580480318,0.3860944939567818,0.0
0.5203902927195397,0.528028028028028,0.7530030030030029,0.5018016289655894,0.4952386765962642,0.4996651376946823
0.349762321741306,0.6203703703703702,0.7479979979979979,0.4675096360116504,0.4749725308265169,0.8077925248966635
0.6244683512634477,0.5260260260260259,0.7915415415415414,0.3766782356942288,1.0,0.2841986849678218
0.5203902927195397,0.5275275275275274,0.7527527527527527,0.5019219701065629,0.4951619373179622,0.4997401328984774
0.7030272704528397,0.6236236236236236,0.5295295295295295,0.5642011266721314,0.0824232171198354,0.6934754172698258
0.3557668251188393,0.4924924924924924,0.6794294294294294,0.5644766904442158,0.0,0.7504735162286134
0.4858643982987242,0.4732232232232231,0.8263263263263263,0.4166768404346234,1.0,0.1132340373580759
0.3284963722792094,0.8448448448448447,0.7352352352352352,0.623794408497131,0.4917139020178942,1.0
0.69852389291969,0.6038538538538537,0.7174674674674675,0.4920487643232119,0.5362750056682422,1.0
0.5293970477858395,0.683183183183183,0.6498998998998998,1.0,0.5702600415089732,0.5005493834696618
0.4533400050037529,0.5585585585585585,0.7397397397397396,0.7420949822976437,0.601590595950259,0.4570260041508973
0.0,0.8926426426426426,0.1018518518518518,1.0,0.0,0.9995413084046952
0.8328746559919942,0.2842842842842842,0.7585085085085085,0.5111394038753335,0.4894239321903831,0.2174337687706019
0.4858643982987242,0.7074574574574574,0.4334334334334334,0.7963775572492457,0.6388265866717826,0.6603746272040741
0.5203902927195397,0.5275275275275274,0.7527527527527527,0.5018312782322061,0.495177633988524,0.4997401328984774
0.912684513385039,0.5372872872872871,0.783033033033033,0.4952997192040044,0.4810000523222352,0.0
0.4788591443582688,0.5272772772772771,0.8018018018018018,0.5705495578771125,0.8220311491706925,0.340068367720669
0.5489116837628223,0.5945945945945945,0.7752752752752752,0.4936969147321973,0.4909343007133265,0.0
0.1353515136352265,0.5513013013013012,0.6831831831831832,0.4708216335001831,0.9755533076373022,0.2641924062995971
0.5208906680010009,0.5272772772772771,0.7522522522522521,0.5018312782322061,0.4951462406474005,0.4996651376946823
0.0,1.0,0.0755755755755756,1.0,0.0,0.5675288208312259
1.0000000000000002,0.9719719719719718,1.0,0.6546523187470569,0.1783821964874339,0.4186598531489265
0.3720290217663248,0.893143143143143,0.3853853853853853,0.0,1.0,0.549993895739226
0.6517388041030775,0.7362362362362361,0.7605105105105104,0.5033573434257111,0.4432146781310497,0.0
0.5178884163122343,0.4346846846846846,0.831081081081081,0.0492770811169053,0.5456302213230549,0.4175314369429862
0.6765073805354017,0.5427927927927927,0.6131131131131131,0.5607060013603781,0.0119957444582032,0.7445977292149921
0.5346509882411811,0.3553553553553553,0.7307307307307307,0.8309730191673788,0.7134816959380504,0.4414287458360221
0.5371528646484865,0.5955955955955955,0.7289789789789789,0.0,0.3743743132706629,0.4331897378656016
0.6677508131098325,0.6914414414414414,0.8398398398398398,0.499694786961299,0.4867694507909378,1.0
0.5203902927195397,0.5275275275275274,0.7527527527527527,0.5018609274988227,0.4951462406474005,0.4997401328984774
1.0000000000000002,1.0,0.0,0.0,1.0,0.8467987512426531
0.5949462096572431,0.7089589589589589,0.7224724724724725,0.4861119347018505,0.4737516786717128,1.0
0.602201651238429,0.5933433433433433,0.797047047047047,0.4644278563580236,0.4888902453912831,0.0
0.0,1.0,0.2182182182182182,0.0,0.0,0.0
0.5208906680010009,0.5275275275275274,0.7522522522522521,0.5018469749027679,0.4951322880513455,0.4997715262396009
1.0000000000000002,0.9994994994994992,0.0,0.0,1.0,0.1168059019481312
0.5121341005754317,0.7214714714714714,0.4642142142142142,1.0,0.7385231177075885,0.5490468632819994
0.195396547410558,0.6536536536536536,0.7617617617617617,0.4698902977135183,0.5010534210021452,0.7505188621657917
0.4153114836127096,0.589089089089089,0.7477477477477477,0.4241693845161065,0.4774752777438652,0.3075623070617577
0.4645984488366276,0.7397397397397396,0.517017017017017,0.5706262971554145,0.6005057816069903,0.497390864537733
0.3069802351763824,0.4844844844844844,0.2692692692692693,1.0,0.1405654289551249,0.5478887978094424
0.0,1.0,0.2024524524524524,0.0,0.4731116033276941,0.0
0.3467600700525395,1.0,0.5197697697697697,0.0,1.0,1.0
0.2184138103577684,0.6519019019019018,0.7434934934934935,0.4571794827075012,0.4513490416310585,0.7642220555662138
0.5203902927195397,0.5277777777777777,0.7530030030030029,0.5018609274988227,0.4951619373179622,0.4997715262396009
0.5203902927195397,0.5275275275275274,0.7525025025025025,0.5018923208399463,0.4951619373179622,0.4997104836318607
0.3425068801601202,1.0,0.6741741741741741,1.0,0.6444721558504979,0.0
0.3565173880410309,0.6056056056056055,0.7932932932932932,0.5427594746847585,0.4970699548284703,0.3885815442035684
0.3970477858393796,0.5760760760760759,0.714964964964965,0.5119347018504631,0.5592270261785584,1.0
0.8196147110332751,0.3458458458458457,0.7797797797797796,0.5203428850480493,0.4881577340984007,0.5503305021190505
0.002752064048036,0.7912912912912912,0.0,1.0,0.1358965415002529,0.2335193679473987
0.4968726544908682,0.7152152152152151,0.3283283283283283,1.0,0.8362837260407765,0.3211608559917679
0.5609206905178885,0.5750750750750749,0.7467467467467467,0.9696304306119956,0.512941032840923,0.4685473603432338
0.2211658744058044,0.623123123123123,0.75,0.5135061129811466,0.4951322880513455,0.7600415089732633
0.9582186639979988,0.4174174174174173,0.3831331331331331,1.0,0.0,0.0574567905540924
0.5201401050788093,0.5275275275275274,0.7525025025025025,0.5018609274988227,0.4951462406474005,0.4997261803024225
0.4681010758068553,0.7219719719719718,0.4759759759759759,0.8077925248966635,0.6612745696496154,0.5867572422693897
0.5038779084313236,0.6886886886886886,0.4179179179179179,0.9303189912273052,0.6694542790868026,0.5558539860822854
0.5203902927195397,0.5277777777777777,0.7525025025025025,0.5018469749027679,0.4952090273296475,0.4997854788356559
0.4593445083812861,0.599099099099099,0.7805305305305306,0.5285836370929766,0.4887838568463645,0.0
0.4195646735051289,0.7282282282282281,0.7179679679679679,0.3960740882850515,0.4315869333937946,0.0
0.7082812109081813,0.6313813813813813,0.7590090090090089,0.4410171442524024,0.4694176535221585,1.0
0.6114585939454592,0.7104604604604603,0.7122122122122121,0.4915307741946736,0.5135357622477632,0.0
0.7330497873405055,0.8636136136136134,0.7219719719719719,0.4440849713099744,0.4632976960775764,1.0
0.9412059044283214,0.7592592592592591,1.0,1.0,1.0,0.7904407276278842
0.3352514385789343,0.601101101101101,0.7592592592592592,0.5426530861398399,0.5253780281493625,0.3771822732267123
0.0,0.7977977977977977,0.856106106106106,0.5083174913232293,0.4670683851614141,1.0
0.5206404803602703,0.5272772772772771,0.7522522522522521,0.5018469749027679,0.495177633988524,0.4997715262396009
0.4235676757568177,0.7582582582582581,0.7424924924924925,0.37046758637529,0.4999843033294382,0.0
0.4520890668001002,0.7459959959959959,0.3711211211211211,0.0,0.3202452168756649,0.5264314491515077
0.4908681511133351,0.664164164164164,0.6406406406406406,0.0,0.3561679194935208,0.5472923243280953
0.5021265949462098,0.7417417417417416,0.4822322322322322,0.0170465842300783,0.3906273436001186,0.4415979210631878
0.6327245434075558,1.0,0.9474474474474474,0.0,0.6826080890175628,1.0
0.5128846634976234,0.704204204204204,0.506006006006006,0.1667073617384935,0.3873763887193261,0.5444686677014842
0.5203902927195397,0.5272772772772771,0.7525025025025025,0.5018155815616443,0.495177633988524,0.4997401328984774
0.8874155616712536,0.7750250250250249,1.0,0.1452517571550657,0.9557144601217364,0.8088145525576853
0.5203902927195397,0.5272772772772771,0.752002002002002,0.5018016289655894,0.4952090273296475,0.4997401328984774
0.5066299724793597,0.4662162162162161,0.71996996996997,0.6003540471248932,0.0,0.9104051485079444
1.0000000000000002,0.6516516516516515,0.9757257257257256,0.9899122730523048,1.0,0.2502293457976524
0.2754565924443333,0.4972472472472471,0.6481481481481481,0.5980797739679439,0.772082599368645,0.4598950067146868
0.790342757067801,0.2945445445445445,0.7902902902902902,0.4806948392835342,0.453530878839144,0.796590334339083
0.5449086815111335,0.4179179179179178,0.6729229229229229,0.4248722465423723,0.0,0.875199260512409
0.5208906680010009,0.5275275275275274,0.7525025025025025,0.5018469749027679,0.4952090273296475,0.4997715262396009
0.513635226419815,0.5518018018018017,0.7364864864864864,0.0,0.2789647173727262,0.3568847341158414
0.2051538653990494,0.641141141141141,0.7727727727727727,0.4755376109667405,0.7539825941364215,0.3327886007290231
0.633725293970478,0.5528028028028027,0.6819319319319319,0.4653591921446884,1.0,0.5021975338786473
0.432824618463848,0.6166166166166165,0.8085585585585585,0.4736452901267942,0.4121596874618484,0.0
0.294971228421316,0.5633133133133132,0.7367367367367367,0.5189389050700246,0.7992762090796519,0.3611123707204772
0.0,0.904154154154154,0.3185685685685686,0.0,0.9807262326246576,0.7066902698083262
0.5206404803602703,0.528028028028028,0.7532532532532532,0.5018469749027679,0.4951462406474005,0.4997558295690392
0.2379284463347511,0.9747247247247246,0.2852852852852853,1.0,0.7480614611856218,0.0
0.5071303477608208,0.6524024024024023,0.7447447447447447,1.0,0.707162913999686,0.4910267366621902
0.4928696522391795,0.5993493493493492,0.6881881881881882,0.0,0.1313322985157926,0.39404572963357
0.9054290718038532,0.7745245245245245,0.6346346346346345,0.5030364337164484,0.4694943928004604,0.0
0.4736052039029273,0.4977477477477476,0.874124124124124,0.4396288609449396,1.0,0.3977850253762841
0.3582687015261447,0.5435435435435434,0.7357357357357357,0.4788792577218899,0.5066082983065037,0.9941695589235572
0.646985238929197,0.6498998998998998,0.5680680680680681,0.5880844829691124,0.0,0.6957793396933917
0.5091318488866652,0.5718218218218217,0.7452452452452452,0.9814883931841568,0.7869926923278162,0.4027748225404189
0.5894420815611711,0.5605605605605605,0.7289789789789789,0.4739801524321119,0.5510159234002476,1.0
0.4991243432574432,0.5875875875875874,0.7192192192192192,0.0,0.37046758637529,0.4469382772032021
0.3967975981986491,0.9747247247247246,0.7922922922922923,0.0,0.3703158518931929,0.6858590438983554
1.0000000000000002,1.0,0.0,0.9994052705931598,0.0048677119486544,0.4242304271238467
0.5316487365524144,0.5110110110110109,0.932182182182182,0.3648673631337531,0.3117899436663934,0.5428519106336223
0.5068801601200902,0.6814314314314314,0.4894894894894894,1.0,0.6568498526257042,0.6313183459197377
0.2141606204653491,0.7642642642642641,0.0,0.9743010621413746,0.7701588851875751,0.1514763590700595
0.5203902927195397,0.5275275275275274,0.7522522522522521,0.5018609274988227,0.4952229799257024,0.4997261803024225
0.5296472354265701,1.0,0.0002502502502502,0.0,1.0,0.6533076373022655
0.6409807355516639,0.5838338338338337,0.5382882882882882,0.5902977135183215,0.5041508973263338,0.6053909343007133
0.5206404803602703,0.5275275275275274,0.7530030030030029,0.5018469749027679,0.4952229799257024,0.4997558295690392
0.5203902927195397,0.5275275275275274,0.7525025025025025,0.5017859322950277,0.4952229799257024,0.4997854788356559
0.5206404803602703,0.5272772772772771,0.7517517517517517,0.5018312782322061,0.4952090273296475,0.4996651376946823
0.0007505629221917,0.709209209209209,0.811061061061061,0.481549435791897,0.4917295986884559,0.5654830214346757
0.4966224668501377,0.7267267267267266,0.5467967967967968,0.7797582712733488,0.5549540436367442,0.5733121718959834
0.5306479859894923,0.4431931931931931,0.627127127127127,0.4661370493747493,0.0,0.8003453267523588
0.6787590693019766,0.5783283283283283,0.5623123123123123,0.5080733208922685,0.5297277499694787,0.52710291783665
0.6424818613960472,0.5560560560560559,0.6076076076076076,0.5028393532971729,0.0,0.7884420182430193
0.5201401050788093,0.5275275275275274,0.7525025025025025,0.5018923208399463,0.495177633988524,0.4997104836318607
0.4833625218914187,0.5392892892892892,0.7334834834834835,0.1739714320595776,0.4302282993529484,0.4393393445768003
0.3360020015011259,0.5628128128128127,0.6206206206206206,0.6237647592305143,0.0,0.6283569074070845
0.877157868401301,0.9659659659659658,0.546046046046046,0.6373005214782775,0.6765962641924063,0.0
0.4595946960220166,0.507007007007007,0.7292292292292292,0.4336763346530163,0.0,0.7166245181994175
0.4595946960220166,0.641141141141141,0.700950950950951,1.0,0.7267889844254146,0.4343791966792821
0.7503127345509133,0.4799799799799799,0.7597597597597596,0.5152763486056124,0.4737202853305893,0.8645307567539284
0.6424818613960472,0.4977477477477476,0.77002002002002,0.521516647191168,0.4920034183860334,0.911503915447268
0.5038779084313236,0.4754754754754754,0.7647647647647646,0.2735615745504648,1.0,0.0449884019045294
0.4385789342006506,0.4839839839839839,0.6994494494494494,0.6511571934353035,0.073418560440902,0.5839789315799571
0.5201401050788093,0.5275275275275274,0.7527527527527527,0.5017405863578492,0.4952090273296475,0.499694786961299
0.0,1.0,0.5467967967967968,0.0,0.3672323281650592,1.0
0.4530898173630224,0.5295295295295295,0.8095595595595595,0.4218497654219788,0.4425292568498526,0.5504979332717094
0.5206404803602703,0.5272772772772771,0.7525025025025025,0.5018312782322061,0.4952090273296475,0.4998011755062176
0.5203902927195397,0.5275275275275274,0.752002002002002,0.5019080175105081,0.4951933306590858,0.499694786961299
0.5206404803602703,0.5272772772772771,0.7527527527527527,0.5018312782322061,0.4951619373179622,0.4997401328984774
0.5201401050788093,0.5272772772772771,0.7517517517517517,0.5018469749027679,0.4952997192040044,0.4997401328984774
0.0,1.0,0.0227727727727728,1.0,0.0,0.5453546575509706
0.5118839129347011,0.7642642642642641,0.6714214214214214,1.0,0.7624518199417478,0.3556795786315991
0.6112084063047287,0.4374374374374373,0.756006006006006,0.4928423182238345,0.4944294260250798,1.0
0.6617463097322994,0.6268768768768768,0.8005505505505505,0.52411183005738,0.5224793763189564,1.0
0.6760070052539406,0.4999999999999999,0.7354854854854854,0.5069135113452047,0.491881333170553,0.646303434082704
1.0000000000000002,0.8506006006006004,1.0,0.0,1.0,1.0
0.725043782837128,0.6311311311311311,0.5115115115115115,0.3767235816314073,0.4767427664509828,0.6393288801297592
0.3329997498123593,0.5953453453453452,0.9314314314314314,0.5926016359418874,0.6934754172698258,0.4899122730523048
0.7595696772579437,0.637137137137137,0.752002002002002,0.4674328967333484,0.4898058845073861,1.0
0.4528396297222918,0.7224724724724724,0.5883383383383383,0.0,0.3095470638505677,0.4326857003331182
0.5201401050788093,0.5275275275275274,0.7525025025025025,0.5018312782322061,0.4952229799257024,0.499694786961299
0.2804603452589443,0.6186186186186186,0.7552552552552552,0.5455691787153147,0.5271936097110068,0.5321084116713466
0.325994495871904,1.0,0.5087587587587588,0.0,1.0,1.0
0.5068801601200902,0.4216716716716716,0.7887887887887888,0.4641226433193226,0.4974815564120899,0.5056316165826604
0.7187890918188643,0.5753253253253252,0.8113113113113113,0.5065769049653801,0.5135061129811466,1.0
0.5193895421566176,0.6153653653653652,0.8038038038038038,0.0,0.2800791809826116,0.4797652475713762
0.4595946960220166,0.5052552552552552,0.6679179179179179,0.5255315067059665,0.592097598409404,0.5710692920801577
0.9179384538403804,0.2742742742742742,0.8125625625625625,0.5218079076338141,0.4842353105324659,0.606107748923034
0.8601451088316239,0.3928928928928928,0.72997997997998,0.5025027469173483,0.4971606467028271,0.8077611315555401
0.5206404803602703,0.5275275275275274,0.7527527527527527,0.5019080175105081,0.4951462406474005,0.4997261803024225
0.466599949962472,0.7347347347347346,0.6338838838838838,1.0,0.7699007621605595,0.4480230915464708
0.5203902927195397,0.5275275275275274,0.7527527527527527,0.5018469749027679,0.4951619373179622,0.4997558295690392
0.5359019264448338,0.4577077077077076,0.5815815815815816,0.4526623297347262,0.0,0.8740691002319618
0.5484113084813611,0.5793293293293292,0.782032032032032,0.2741580480318119,0.4288243193749237,0.4983971955281929
1.0000000000000002,1.0,1.0,1.0,0.0,0.4993442279854195
0.4741055791843884,0.5242742742742742,0.8288288288288288,0.5727924376929382,0.7832376999145403,0.2811012086436332
0.4906179634726046,0.8973973973973972,0.5805805805805806,0.0,0.3122172419205749,0.8493625407677416
0.5646735051288467,0.553053053053053,0.8133133133133132,1.0,0.703805570573975,0.3352163524425763
0.5206404803602703,0.5277777777777777,0.7532532532532532,0.5018155815616443,0.4951165913807838,0.499694786961299
0.5203902927195397,0.5272772772772771,0.752002002002002,0.5018469749027679,0.4952229799257024,0.4996337443535588
0.4325744308231175,0.4629629629629629,0.77002002002002,0.5284912011441129,0.5197621082372639,0.4556063275023109
0.5414060545409058,0.6476476476476476,0.4211711711711711,0.1058635784920732,0.3498194882885397,0.6088093203341647
0.3982987240430324,0.7602602602602602,0.6306306306306306,0.0,0.2855730156792298,0.5488340861921621
0.7470602952214163,0.4411911911911911,0.7625125125125125,0.5036172105272337,0.4976350349686939,0.9957270174581858
0.5203902927195397,0.5277777777777777,0.7525025025025025,0.5019533634476865,0.4951619373179622,0.4997104836318607
0.4758568926695022,0.7029529529529528,0.6784284284284283,1.0,0.688942567626489,0.526720965519647
0.6252189141856394,0.5703203203203202,0.7585085085085085,0.5054624413554947,0.4946596438599857,0.0
0.7002752064048038,0.5818318318318317,0.7167167167167167,0.5177320055112754,0.5227845893576574,1.0
0.5151363522641983,0.6959459459459458,0.7367367367367367,1.0,0.5575788757695729,0.4038735894797426
0.5471603702777084,0.9927427427427428,0.858108108108108,0.0,0.9350506653644244,0.7884263215724576
0.3632724543407556,0.5903403403403402,0.9311811811811812,0.4477632244449483,1.0,0.142168233426932
0.4838628971728798,0.6313813813813813,0.7582582582582582,0.5007778572300609,0.4663498264645865,0.0
0.2667000250187641,0.632132132132132,0.77002002002002,0.5864973751678672,0.9479463522681688,0.3590072727906936
0.4343257443082313,0.5497997997997996,0.7154654654654654,0.5317421560249054,0.5124369953084396,0.5185116068158432
0.5206404803602703,0.528028028028028,0.7530030030030029,0.5017859322950277,0.4951462406474005,0.4997401328984774
0.3837878408806606,0.5372872872872871,0.8783783783783783,0.6295481102952718,0.9999703507333833,0.2474824284493433
0.5564173129847387,0.7690190190190189,0.5435435435435435,1.0,0.6623890332595008,0.4433978059542703
0.3269952464348262,0.5775775775775774,0.8646146146146145,0.491270907093151,0.7438338245809861,0.2751957723633954
0.4638478859144359,0.6989489489489489,0.4692192192192192,0.0,0.3718419170866979,0.545933690287249
1.0000000000000002,0.9426926926926926,0.0,0.97642185674172,0.0089889600083715,0.4455499938957392
0.4220665499124344,0.6173673673673673,0.7364864864864864,0.4594380591938887,0.4127701135392504,0.0
0.2526895171378535,0.8303303303303302,0.1168668668668668,1.0,0.625243734412334,0.1628773741214225
0.5884413309982488,0.4236736736736736,0.7552552552552552,0.436683119102848,0.3922301480719256,0.0
0.5594195646735053,0.7332332332332332,0.592092092092092,1.0,0.6502869002563789,0.3674311526588416
0.9854891168376284,0.1566566566566566,0.7484984984984985,0.527026178558348,0.5036468597938504,0.1996703699182029
0.5206404803602703,0.5277777777777777,0.7527527527527527,0.5018766241693845,0.4951619373179622,0.4997401328984774
0.5441581185889418,0.7477477477477477,0.7257257257257257,0.4307619861520484,0.487058967159077,1.0
0.5206404803602703,0.5277777777777777,0.7522522522522521,0.5018155815616443,0.495177633988524,0.4997715262396009
0.5216412309231925,0.574074074074074,0.5983483483483483,1.0,0.7332891501124927,0.4386068332839179
0.4540905679259446,0.7172172172172171,0.6303803803803804,1.0,0.7421560249053839,0.5284458552069344
0.4831123342506881,0.6724224224224222,0.6761761761761761,1.0,0.5966618413938644,0.5650103772433158
0.0,0.6308808808808808,0.7207207207207207,0.9931632279330972,1.0,1.0
0.3715286464848637,0.4732232232232231,0.6634134134134133,0.5887873449953782,0.5175192284214382,0.55672427926121
0.4991243432574432,0.7962962962962962,0.5918418418418419,1.0,0.7737307497776305,0.4621082372638959
0.6262196647485616,1.0,0.7785285285285285,1.0,0.6962362872141898,0.2455430175977118
1.0000000000000002,1.0,1.0,1.0,0.0,0.6053752376301516
0.5188891668751565,0.527027027027027,0.7530030030030029,0.501602804471807,0.4954514536861015,0.4996023510124353
0.4125594195646736,0.4914914914914914,0.642142142142142,0.7257966060310097,0.1319584212637564,0.7335333205434537
1.0000000000000002,1.0,0.924174174174174,1.0,0.0,0.230207370458866
0.4731048286214662,0.5322822822822821,0.7457457457457457,0.4895460174058635,0.9182639482358684,0.2306189720424856
0.0,0.4351851851851851,1.0,0.8841864764462738,0.9924150199696532,0.9994820098714616
0.4968726544908682,0.6784284284284283,0.4852352352352352,0.1108690723267697,0.4291138357430629,0.4933777490974414
0.385789342006505,0.4977477477477476,0.7267267267267267,1.0,0.0282470307131521,0.5089279174006314
0.5203902927195397,0.5275275275275274,0.7525025025025025,0.5018312782322061,0.4952386765962642,0.499694786961299
0.5336502376782588,0.4952452452452451,0.815065065065065,0.2774700455203446,1.0,0.4066344594241066
0.5203902927195397,0.5275275275275274,0.7522522522522521,0.5017545389539041,0.495177633988524,0.4997104836318607
0.333750312734551,0.5352852852852852,0.7790290290290289,0.6589392538849259,0.7402933533320544,0.3457296335699461
0.4463347510632976,0.9807307307307306,0.6651651651651651,0.0,1.0,0.8898791356366744
0.7150362772079061,0.7204704704704703,0.7605105105105104,0.5339239932329909,0.5092017370982088,1.0
0.9089316987740808,0.1889389389389388,0.7612612612612613,0.5226921534087936,0.4948881176203847,0.0985524181593037
0.4803602702026521,0.5077577577577577,0.7477477477477477,0.4513943875682369,0.4532867084081832,0.5336344768648517
0.5206404803602703,0.5277777777777777,0.7525025025025025,0.5018155815616443,0.4952090273296475,0.4997401328984774
0.5206404803602703,0.5275275275275274,0.7522522522522521,0.5018016289655894,0.4952090273296475,0.4997558295690392
0.4658493870402803,0.7437437437437436,0.7152152152152151,1.0,0.5668713047421385,0.5075535866892233
0.4851138353765325,0.7820320320320319,0.6153653653653653,0.0,0.233960618797635,0.4892565010377243
0.2519389542156618,0.8893893893893892,0.7777777777777777,0.7323438617297731,0.579018783682439,1.0
0.5138854140605456,0.597097097097097,0.7442442442442442,0.9998325688473412,0.6575963165146415,0.4662277412491061
0.7988491368526396,0.5983483483483483,0.6133633633633633,0.4521582922022429,0.7590491305788583,0.5038613809581945
0.5203902927195397,0.5275275275275274,0.7525025025025025,0.5018923208399463,0.4952090273296475,0.4997104836318607
0.3385038779084314,0.5397897897897896,0.7765265265265264,0.5980187313602037,0.7961019934771614,0.4824040323002598
0.9594696022016516,1.0,0.9647147147147146,1.0,0.0,0.0859933376353838
0.4836127095321492,0.5075075075075074,0.7835335335335334,0.5652702443448384,0.889985524181593,0.349102673666219
0.4520890668001002,0.6846846846846846,0.6183683683683683,0.0,0.3476829970176326,0.5404415996651377
0.0,1.0,0.4056556556556556,0.0,1.0,1.0
0.8341255941956469,0.2109609609609609,0.7575075075075075,0.5253623314788007,0.4904320072553499,0.3542755986535745
0.8721541155866902,0.9114114114114114,0.7074574574574574,0.344738999250048,0.2639325391980745,0.0
1.0000000000000002,0.2047047047047046,0.7667667667667667,0.5246315642604252,0.4701955107522193,0.463175610862096
0.4676007005253941,0.4719719719719719,0.8948948948948948,0.626021591642395,0.2341280499502938,0.4456110365034794
0.5203902927195397,0.5277777777777777,0.7527527527527527,0.5018766241693845,0.495177633988524,0.4997715262396009
0.5208906680010009,0.5275275275275274,0.7530030030030029,0.5019219701065629,0.4951619373179622,0.4997261803024225
0.4758568926695022,0.5037537537537536,0.7840340340340339,0.3412578265343495,1.0,0.1161954758707292
0.4548411308481362,0.5195195195195195,0.7532532532532532,0.6190941277011354,0.1996093273104627,0.7547308020998658
0.7645734300725546,0.6619119119119118,0.8178178178178177,0.5565097580968659,0.5647365575457384,1.0
0.5278959219414562,0.5022522522522521,0.7302302302302301,0.5284301585363727,0.4802675410293527,0.4467551493799815
0.5203902927195397,0.5275275275275274,0.7522522522522521,0.5018312782322061,0.4952090273296475,0.4997104836318607
0.6672504378283715,0.4889889889889889,0.7474974974974975,0.5077681078535675,0.4939881751748434,1.0
0.4523392544408307,0.7745245245245245,0.6168668668668669,1.0,0.6493416118736592,0.4031096848457366
0.5236427320490369,0.4451951951951951,0.5935935935935935,0.5989657638174303,0.0,0.8552365837068558
0.4868651488616464,0.7374874874874874,0.5302802802802803,0.1224968170640249,0.4212393393445768,0.485532901965572
0.7175381536152116,0.4879879879879879,0.7510010010010009,0.4819924307166402,0.5003348623053177,1.0
1.0000000000000002,0.8646146146146145,1.0,0.2903500357535274,0.9016446622599716,0.5429286499119242
0.7673254941205907,0.7940440440440439,0.6288788788788788,1.0,0.0,0.416936707536146
0.0245183887915937,0.6929429429429428,0.7530030030030029,0.5937457488183895,0.5158710780124527,0.9273436001185972
0.5198899174380787,0.5277777777777777,0.7527527527527527,0.5018312782322061,0.4951322880513455,0.4997558295690392
0.5203902927195397,0.5275275275275274,0.7517517517517517,0.5018312782322061,0.4951322880513455,0.4997401328984774
0.7450587940955719,0.5838338338338337,0.6201201201201201,0.4666864328444111,0.1034515234490817,0.7412246891187192
0.4093069802351765,0.4889889889889889,0.7557557557557557,0.5676195127055828,0.0,0.8088912918359872
0.7393044783587692,0.6158658658658658,0.5888388388388388,0.5186633412979402,0.6145769747283604,0.5244466923626977
0.2982236677508132,0.5828328328328327,0.6906906906906907,0.5459493869578108,0.4141130509095349,0.8115614699059943
0.4150612959719791,0.5377877877877877,0.8778778778778777,0.4428484224846085,1.0,0.2121684078343827
0.5178884163122343,0.5222722722722721,0.7477477477477477,0.8779147845195947,0.5477196225822767,0.513779932678724
0.5048786589942458,0.6466466466466465,0.6574074074074073,1.0,0.7329839370737918,0.4897134485585224
0.2099074305729298,0.6511511511511511,0.7227227227227226,0.5447756248146921,0.5298794844515757,0.1354221532343861
0.5203902927195397,0.5275275275275274,0.752002002002002,0.5018923208399463,0.4952229799257024,0.4997558295690392
0.7175381536152116,0.59009009009009,0.8013013013013013,0.469677520623681,0.9430786403195144,0.5572422693897483
0.9997498123592696,1.0,0.9366866866866864,1.0,0.0,0.1875228909779026
0.4578433825369028,0.6023523523523522,0.7787787787787788,0.4949038142909465,0.5042572858712524,1.0
0.5208906680010009,0.5275275275275274,0.7527527527527527,0.5018609274988227,0.4952229799257024,0.4997261803024225
0.4723542656992746,0.6173673673673673,0.7605105105105104,1.0,0.6655632488619914,0.3956171407642534
1.0000000000000002,0.6351351351351351,1.0,0.6609536599403527,1.0,0.6505467673579015
0.4838628971728798,0.5167667667667667,0.7224724724724725,0.5834905907180354,0.0,0.757233549017214
0.4530898173630224,0.7785285285285284,0.6016016016016016,0.0,0.2313200899942445,0.5719535378551371
0.495371528646485,0.5075075075075074,0.9174174174174172,0.3040689258245113,1.0,0.3149484625983222
0.696772579434576,0.5648148148148147,0.5105105105105104,0.5696339187610094,0.9906151350785704,0.481777909552296
0.3622717037778334,0.4532032032032031,0.6621621621621621,0.6411305090953485,0.40767218375569,0.515231002668434
0.0357768326244684,0.7159659659659658,0.8448448448448448,0.5254390707571027,0.496170012382929,0.6425798350105516
0.0052539404553415,0.8478478478478477,0.6606606606606606,0.0,0.3159408409927272,1.0
0.5206404803602703,0.5277777777777777,0.7525025025025025,0.5017859322950277,0.4952090273296475,0.4997558295690392
0.1128346259694771,0.5623123123123122,0.6549049049049048,0.5514885675916075,0.5239740481713379,0.4725604757835254
0.91768826619965,0.8453453453453452,0.7454954954954954,1.0,0.0,0.0710378987390341
0.5904428321240932,0.4356856856856856,0.5052552552552553,1.0,0.0,0.121567225351867
0.4653490117588192,0.772022022022022,0.5988488488488488,0.3601967316043741,0.4841289219875473,0.0
1.0000000000000002,0.1934434434434433,0.7484984984984985,0.5073408095993861,0.4938800425554179,0.0774020266145769
0.2762071553665249,0.876126126126126,0.7224724724724725,0.0,0.1710867328252263,0.9539895704344488
0.6614961220915688,0.5878378378378377,0.53003003003003,0.5871845405235712,0.7143205957758516,0.5403334670457122
0.3632724543407556,0.8365865865865865,0.8063063063063063,0.5220363813942132,0.4995273558086401,1.0
0.9394545909432076,1.0,0.5863363363363363,1.0,0.0,0.32582974344664
0.4225669251938955,1.0,0.2887887887887888,0.0,1.0,0.7680537872577916
0.3787840880660497,0.5242742742742742,0.7882882882882882,0.5483614420008023,0.5569841463627326,0.4963827894727662
0.5203902927195397,0.5275275275275274,0.7525025025025025,0.5018609274988227,0.4952090273296475,0.4997261803024225
0.4991243432574432,0.6846846846846846,0.7494994994994995,1.0,0.6351483335368087,0.4724540872386068
0.3980485364023018,0.6363863863863863,0.7229729729729729,0.5509548807925074,0.5458429984128922,1.0
0.5206404803602703,0.5275275275275274,0.7522522522522521,0.5018766241693845,0.4952090273296475,0.4996651376946823
0.289467100325244,0.552052052052052,0.8818818818818818,0.6259762457052165,0.9907058269529274,0.2617350053194273
0.9034275706780088,0.2237237237237236,0.7590090090090089,0.5065158623576399,0.4702879467010831,0.8690636063972653
0.5001250938203654,0.567067067067067,0.7152152152152151,0.9997244362279156,0.6571690182604601,0.4677084605054328
0.3847885914435828,0.5452952952952952,0.9424424424424424,0.4383766154490119,1.0,0.2273383678950764
0.5203902927195397,0.5277777777777777,0.7530030030030029,0.5019219701065629,0.4951462406474005,0.4997401328984774
0.9594696022016516,0.7725225225225224,0.3305805805805806,1.0,0.0,0.0
0.9069301976482363,0.4977477477477476,0.7447447447447447,0.4935591328461552,0.5079965816139665,0.0
0.3992994746059546,0.59009009009009,0.7722722722722721,0.5786682247065594,0.5250885117812233,0.6269529274290597
0.4393294971228422,0.5155155155155154,0.8846346346346345,0.0,0.6081361075745155,0.9997715262396007
0.933700275206405,0.3908908908908908,0.7680180180180181,0.517763398852399,0.4936515687950189,0.2417444233217643
0.4783587690768077,0.5503003003003002,0.96021021021021,0.2857247501613269,1.0,0.1523170029823674
0.8003502626970229,0.6408908908908908,0.7545045045045045,0.522357291103476,0.4905540924708303,0.0
0.4110582937202903,0.5718218218218217,0.744994994994995,0.4961543157123672,0.4998011755062176,0.9986570626297157
0.4943707780835628,0.4454454454454453,0.72997997997998,0.4825575108568638,0.4488009487765317,0.7190662225090256
0.6537403052289219,0.7895395395395394,0.6579079079079079,0.4476254425589061,0.4927062804122992,1.0
0.5078809106830124,0.6353853853853852,0.7097097097097096,1.0,0.6336990076216056,0.4848771299509915
0.7060295221416064,0.4304304304304303,0.7535035035035034,0.5130020754486632,0.4929033608315747,0.3857439349809024
0.508631473605204,0.7497497497497496,0.4867367367367367,0.972058182325549,0.6324171128590613,0.5812320142316479
0.234676007005254,0.7232232232232231,0.7034534534534533,0.5856270819889425,0.5872909290684898,1.0
0.4786089567175383,0.6834334334334333,0.6674174174174174,1.0,0.6050543279208888,0.5651778083959746
0.2571928946710033,0.5833333333333333,0.782032032032032,0.5815075780037323,0.6670282714477562,0.3911296370580951
0.5206404803602703,0.5277777777777777,0.7530030030030029,0.5018923208399463,0.4951933306590858,0.4997558295690392
0.7370527895921943,0.623123123123123,0.7059559559559558,0.5625529762631459,0.5982332525245478,1.0
0.8593945459094323,0.6946946946946946,0.7635135135135135,0.4483579538517885,0.4808029719029597,1.0
1.0000000000000002,0.896146146146146,1.0,0.0,0.7174494654411636,0.842525768700839
0.5201401050788093,0.5275275275275274,0.7517517517517517,0.5018016289655894,0.4952229799257024,0.4997558295690392
0.5203902927195397,0.5275275275275274,0.7525025025025025,0.5018312782322061,0.4951619373179622,0.4997104836318607
0.4796097072804605,0.7089589589589589,0.4524524524524524,0.0,0.2981320962031498,0.6074506862933184
0.4906179634726046,0.5272772772772771,0.7797797797797796,1.0,0.6972740115457732,0.3276610216788461
0.5296472354265701,0.7267267267267266,0.5545545545545545,0.6905139787571725,0.6996250239810244,0.5140241031096848
0.4948711533650239,0.7855355355355353,0.4404404404404404,0.0,0.2533721680590195,0.7096813575875961
0.2724543407555667,0.574074074074074,0.7637637637637638,0.4561260617053561,0.4397805954270366,0.0521007377435164
0.5434075556667501,0.6796796796796796,0.607107107107107,0.9997104836318608,0.5428519106336223,0.4959397945480231
0.0,1.0,0.0,0.0,0.5125747771944817,1.0
0.0,0.2752752752752752,0.5865865865865866,0.2854038404520641,0.8462040218358128,0.944191359854893
0.6717538153615213,0.2307307307307307,0.2967967967967968,0.8310044125085023,0.0,0.2533111254512793
0.3029772329246936,0.6313813813813813,0.7540040040040039,0.4404381115161239,0.4673718541256082,0.172476760207196
0.0,1.0,0.0,1.0,0.8253414025847183,0.0156583009226154
0.5349011758819116,0.5460460460460459,0.6816816816816816,0.9851056037113906,0.6490817447721366,0.4513943875682369
0.5334000500375283,0.7302302302302301,0.4864864864864864,0.0040741580480318,0.4202016150129933,0.4380417531436943
0.5203902927195397,0.5275275275275274,0.7522522522522521,0.5019080175105081,0.4952386765962642,0.4997715262396009
0.4736052039029273,0.8298298298298297,0.5533033033033032,0.0,0.1856916127456965,0.5882362174512095
0.5203902927195397,0.5275275275275274,0.7525025025025025,0.5018312782322061,0.4951933306590858,0.4996790902907372
0.5201401050788093,0.5277777777777777,0.7525025025025025,0.5018155815616443,0.4952090273296475,0.4998011755062176
0.5794345759319491,0.6353853853853852,0.7492492492492492,0.4863421525367564,0.4336920313235781,0.0
0.0,0.5983483483483483,0.7297297297297297,0.0,0.0,0.4243228630727105
0.4753565173880412,0.7344844844844844,0.7047047047047046,0.4797792001674311,0.4364249960758323,0.0
0.4365774330748062,0.8708708708708708,0.571071071071071,0.0,0.3726197743167588,0.4558661946038335
0.5276457343007257,0.4722222222222221,0.7307307307307307,0.536442436820901,0.4825871601234804,0.5146048799204702
0.0,0.6754254254254253,0.7635135135135135,0.0,0.0,0.6750545023283394
0.6354766074555919,0.5705705705705705,0.567067067067067,0.5773566806773985,0.2311526588415857,0.6666916650679316
0.3620215161371029,0.5738238238238237,0.7510010010010009,0.3970978600205801,0.4651289743097825,0.049611943422223
0.5203902927195397,0.5275275275275274,0.7525025025025025,0.5018469749027679,0.495177633988524,0.4997558295690392
0.5431573680260197,0.8516016016016015,0.0,0.0,1.0,0.5078291504613077
0.7350512884663499,0.4101601601601601,0.745995995995996,0.4692188290283761,0.471294277691543,0.0288731534611159
0.4753565173880412,0.6806806806806805,0.4617117117117117,0.384934684409718,0.4178070007150705,0.5526797704797949
0.5206404803602703,0.5277777777777777,0.7527527527527527,0.5018766241693845,0.495177633988524,0.4997261803024225
0.1288466349762322,0.9997497497497496,0.6761761761761761,0.0,0.042257181226782,1.0
0.4843632724543409,0.3651151151151151,0.7555055055055054,0.2656731255559237,1.0,1.0
0.3395046284713536,0.7530030030030028,0.2487487487487488,1.0,0.5932120620192894,0.3906569928667353
0.2722041531148362,0.5655655655655655,0.7272272272272272,0.6184383556865549,0.7709838324293213,0.441200272075623
0.9919939954966226,0.7905405405405403,0.0,0.6927568585729982,0.3629296963566283,0.4815808291330206
0.5203902927195397,0.5275275275275274,0.7525025025025025,0.5019376667771247,0.4952090273296475,0.4997104836318607
0.571178383787841,0.689189189189189,0.3085585585585585,1.0,1.0,0.9815651324624588
0.5203902927195397,0.5272772772772771,0.7530030030030029,0.5018016289655894,0.495177633988524,0.4997261803024225
0.4303227420565425,0.5032532532532532,0.7525025025025025,0.6780769834487329,0.0,0.7387533355424943
0.485364023017263,0.7850350350350348,0.6308808808808808,0.0,0.2188220520780648,0.5982489491951096
1.0000000000000002,0.4054054054054053,0.8155655655655656,1.0,0.0,0.1974431867729389
0.5206404803602703,0.5277777777777777,0.7525025025025025,0.5018155815616443,0.495177633988524,0.499694786961299
0.557918438829122,0.4772272272272271,0.7690190190190189,0.5141165390585486,0.4932539198074542,1.0
0.5476607455591695,0.5643143143143142,0.7367367367367367,0.4841446186581091,0.5390829656242915,0.4591311020806808
0.5203902927195397,0.5275275275275274,0.7522522522522521,0.5017545389539041,0.4952386765962642,0.4996790902907372
0.5046284713535153,0.6028528528528527,0.7359859859859859,0.4658928789437885,0.4556534175139962,0.0
0.6052039029271955,0.4877377377377376,0.7472472472472472,0.4949788094947416,0.5010534210021452,0.7270331548563754
0.4943707780835628,0.5315315315315314,0.8305805805805806,1.0,0.6816784973054049,0.5523745574410939
0.4540905679259446,0.5615615615615615,0.7084584584584583,0.0,0.458048031811919,0.3608071576817762
0.3855391543657744,0.5703203203203202,0.8348348348348348,0.5795228212149223,0.4420095226468075,0.0
0.5033775331498626,0.7577577577577577,0.4964964964964964,0.0063187819383643,0.3652179221096325,0.4761637337147043
0.0,0.8480980980980979,0.0,0.9082529605664754,0.7103842196138619,0.0
0.5356517388041032,0.3848848848848848,0.6951951951951951,0.3190540139874775,0.3971589026283202,0.4247501613268919
1.0000000000000002,1.0,1.0,0.8045258733453093,0.2564556917871531,0.7971100685421282
0.5291468601451089,0.4882382382382381,0.7557557557557557,0.2992605124090901,1.0,0.2995657254477911
0.4660995746810109,0.5240240240240239,0.6519019019019019,1.0,0.7550813610757452,0.399325043165844
0.7423067300475358,0.6393893893893893,0.7592592592592592,0.4916825086767706,0.5035404712489318,1.0
0.5208906680010009,0.5275275275275274,0.7527527527527527,0.5018155815616443,0.4951322880513455,0.4997261803024225
0.7720790592944711,1.0,0.4021521521521521,1.0,0.0,0.0
0.5203902927195397,0.5275275275275274,0.7525025025025025,0.5018609274988227,0.4951933306590858,0.4996651376946823
0.6682511883912936,0.4574574574574573,0.7737737737737738,0.5109423234560581,0.5542215323438617,0.9341350262483212
0.5203902927195397,0.5275275275275274,0.7522522522522521,0.5017702356244659,0.4951462406474005,0.4996651376946823
0.3390042531898925,0.5097597597597596,0.9049049049049048,0.4871653557039956,1.0,0.2255524356000488
0.2902176632474357,0.9669669669669668,0.0,0.0,0.2559673509252315,1.0
0.479859894921191,0.579079079079079,0.4221721721721722,0.5539163193051607,0.5929521949177669,0.6306468772345954
0.4635976982737054,0.7012012012012011,0.6631631631631631,1.0,0.5731447407433246,0.5062420426600625
0.5203902927195397,0.5277777777777777,0.7530030030030029,0.5018766241693845,0.495100894710222,0.4996651376946823
0.4928696522391795,0.586086086086086,0.7174674674674675,1.0,0.7337635383783595,0.4549505554877304
0.5206404803602703,0.5272772772772771,0.7525025025025025,0.5017859322950277,0.4953154158745662,0.4997401328984774
0.5046284713535153,0.7870370370370369,0.5678178178178178,1.0,0.643237351099639,0.6316078622878769
0.5749311983987992,0.9569569569569568,0.6328828828828829,1.0,0.1643267000366255,0.0354204091598793
0.5203902927195397,0.5275275275275274,0.7525025025025025,0.5018312782322061,0.4951933306590858,0.4997558295690392
0.0,1.0,0.0,1.0,1.0,1.0
0.4330748061045785,0.5072572572572571,0.6674174174174174,0.6189423932190383,0.6748713745051189,0.5261419327833685
0.618213660245184,0.5235235235235234,0.7472472472472472,0.4705321171320439,0.5196243263512217,1.0
0.0340255191393545,0.7012012012012011,0.0,0.3927481382004639,1.0,1.0
0.3875406554916188,0.613113113113113,0.8045545545545545,0.645998221044003,0.9963374435355878,0.2773479603048642
0.4545909432074057,0.6949449449449449,0.3973973973973974,0.0690391893541692,0.3292481294800914,0.611769014772311
0.1951463597698274,0.533033033033033,0.4344344344344344,0.5619878961229223,0.3231752620471947,0.4996790902907372
0.5013760320240181,0.4704704704704704,0.7287287287287287,0.6267541029352774,0.4684863177354936,0.5422414845562202
0.5203902927195397,0.5275275275275274,0.7522522522522521,0.5017859322950277,0.4951165913807838,0.4997715262396009
0.3340005003752815,0.7580080080080078,0.7515015015015014,0.3939079477475278,0.5079808849434048,0.0
0.5794345759319491,0.358108108108108,0.4587087087087086,0.6377435164030207,0.1886373545877879,0.0490939532936847
0.701776332249187,1.0,0.1143643643643643,1.0,0.0490172140153827,0.0
0.5203902927195397,0.528028028028028,0.7525025025025025,0.5018766241693845,0.495254373266826,0.499694786961299
0.4585939454590944,0.6994494494494493,0.7042042042042042,1.0,0.6610914418263948,0.5950136909848789
0.6359769827370529,0.6706706706706705,0.4659659659659659,0.9171651812965448,0.5903744527966235,1.0
0.4013009757317989,0.9799799799799798,0.7712712712712713,0.5297434466400405,0.4540192197010656,1.0
0.117338003502627,0.5855855855855855,0.6664164164164164,0.6232293283569074,0.3663480823900797,0.5676509060467063
0.5331498623967977,0.679179179179179,0.474974974974975,0.4960479271674486,0.472515129846347,0.5408375045781956
0.6672504378283715,0.5568068068068067,0.5452952952952953,0.3242740289865183,0.0,0.7122137537715612
0.5203902927195397,0.5277777777777777,0.7525025025025025,0.5017859322950277,0.495254373266826,0.4997104836318607
0.5203902927195397,0.5277777777777777,0.7525025025025025,0.5018766241693845,0.4951933306590858,0.4997401328984774
0.6715036277207908,0.7024524524524524,0.7292292292292292,0.5038613809581945,0.4979542006034498,1.0
0.6917688266199651,0.684184184184184,0.7289789789789789,0.5142682735406456,0.5153216945427909,1.0
0.5203902927195397,0.5277777777777777,0.7530030030030029,0.5018609274988227,0.4951619373179622,0.4997854788356559
0.5444083062296724,0.5410410410410409,0.7822822822822822,0.5284912011441129,0.5001674311526588,1.0
0.7295471603702779,0.7590090090090089,0.7422422422422421,0.5437971990163419,0.5312084692258053,1.0
0.5201401050788093,0.5275275275275274,0.7517517517517517,0.5018155815616443,0.4952090273296475,0.4997104836318607
0.7883412559419567,0.4046546546546545,0.7507507507507507,0.5026091354622669,0.4939567818337199,0.3927638348710257
0.3457593194896173,0.5875875875875874,0.6766766766766766,0.4841899645952875,1.0,0.3317055304602613
0.5206404803602703,0.5277777777777777,0.7525025025025025,0.5018923208399463,0.495254373266826,0.4997261803024225
0.531898924193145,0.7807807807807807,0.4304304304304304,0.0,0.2895704344489597,0.6377731656696374
0.5203902927195397,0.5272772772772771,0.7522522522522521,0.5018923208399463,0.4951933306590858,0.4996651376946823
0.5168876657493121,0.7259759759759759,0.6058558558558558,1.0,0.5642482166838168,0.4827092453389608
0.414560920690518,0.4754754754754754,0.6931931931931932,0.4779322252646633,0.0,0.8517728517362262
0.906680010007506,0.5250250250250249,0.6456456456456456,0.5146798751242653,0.5627674974274901,0.3558016638470795
0.6755066299724795,0.6916916916916915,0.694944944944945,0.4978792053996547,0.532307236165129,1.0
0.8641481110833127,0.9897397397397396,1.0,1.0,0.0084849224758882,0.0
0.664748561421066,0.824074074074074,0.524024024024024,1.0,0.0,0.400012208521548
0.4866149612209158,0.4752252252252251,0.8205705705705706,0.3429530669550203,1.0,0.1766416101295847
0.5203902927195397,0.5275275275275274,0.7522522522522521,0.5019690601182483,0.4952229799257024,0.4997104836318607
0.4926194645984489,0.6559059059059058,0.3463463463463463,1.0,0.4047578352547221,0.0
0.4868651488616464,0.7329829829829828,0.6266266266266266,0.0,0.364256937056351,0.4823429896925196
1.0000000000000002,0.1486486486486485,0.782032032032032,0.5154891256954497,0.4909343007133265,0.3937562132654307
0.2026519889917439,0.6761761761761761,0.6894394394394394,0.4826795960723442,0.4792908593055095,0.3913895041596177
0.4983737803352516,0.7459959959959959,0.7139639639639639,1.0,0.7407363482567975,0.4404991541238642
0.5221416062046537,0.5815815815815815,0.7877877877877877,0.564766206812355,0.5121178296736837,0.5225700681933132
0.7368026019514637,0.7232232232232231,0.7124624624624624,0.479017039607932,0.5018766241693845,1.0
0.0,0.7422422422422421,0.8198198198198197,0.4778258367197446,0.4538203952072832,0.5816296632192127
0.5233925444083064,0.6966966966966965,0.4434434434434434,0.3289743097825139,0.4798559394457331,0.4591467987512426
1.0000000000000002,0.3248248248248248,0.7525025025025025,0.5116294888117621,0.5113382283691159,0.0005336867991
1.0000000000000002,1.0,0.0,0.0,1.0,0.3044648307375691
0.5699274455841883,0.4709709709709709,0.6266266266266266,0.3162164047648115,0.0,0.8493468440971799
0.4380785589191895,0.683183183183183,0.4834834834834834,0.2927446500514502,0.4892408043671625,0.4668381673265082
0.0,0.7102102102102101,0.4844844844844844,0.0,0.106336222683433,1.0
0.3425068801601202,0.5482982982982982,0.6706706706706707,0.4799623279906517,0.6444425065838812,0.4367441617105883
0.5206404803602703,0.5275275275275274,0.7522522522522521,0.5018609274988227,0.4952840225334426,0.4997854788356559
0.3710282712034026,0.6579079079079078,0.7705205205205206,0.4608420391719134,0.4483579538517885,0.1960531593909691
0.1290968226169627,0.898148148148148,0.7099599599599599,0.3323159565376633,0.4704396811831801,0.0
0.2494370778083564,0.8115615615615615,0.7837837837837838,0.6541011912028882,0.561623384550988,1.0
0.5819364523392546,0.5883383383383383,0.6744244244244244,0.4905070024591451,0.4562934928580149,0.0
0.4856142106579936,0.4859859859859859,0.6836836836836836,0.5680171616931475,0.0452779182726686,0.8503845684287632
0.3555166374781087,0.4744744744744744,0.6378878878878879,0.6433594363151194,0.4644278563580236,0.4487399061687915
0.5461596197147862,0.2377377377377377,0.7429929929929929,0.2601025515810035,0.3799448872455832,0.4611455081361075
0.3615211408556418,0.6996996996996996,0.6929429429429429,0.5874130142839702,0.6411462057659103,1.0
0.2531898924193145,0.6871871871871871,0.7642642642642642,0.5304602612623611,0.5025027469173483,0.3219701065629524
0.5313985489116839,0.5190190190190189,0.7482482482482482,0.4838690548860247,0.4837626663411061,0.0
0.5206404803602703,0.5275275275275274,0.7530030030030029,0.5018155815616443,0.4951165913807838,0.4997715262396009
0.5206404803602703,0.5275275275275274,0.752002002002002,0.5017859322950277,0.495177633988524,0.4997558295690392
0.5266449837378034,0.5565565565565564,0.7717717717717717,0.9996494410241206,0.4840835760503689,0.5465144670980344
0.7713284963722794,0.647147147147147,0.5578078078078078,0.5151839126567487,0.5091720878315922,0.5475068454924394
0.0,1.0,0.1821821821821822,0.0,0.229596944381464,0.0
0.5203902927195397,0.5277777777777777,0.7522522522522521,0.5018155815616443,0.4951619373179622,0.4997261803024225
0.654741055791844,0.7362362362362361,1.0,0.0038003383504544,0.989362889582643,0.4594677084605054
0.5308981736302228,0.5450450450450449,0.7174674674674675,1.0,0.6613966548650958,0.47642185674172
0.5041280960720542,0.6559059059059058,0.7422422422422421,1.0,0.6181174459772921,0.5437518530791635
0.8556417312984741,0.3968968968968968,0.68993993993994,0.4946735964560406,0.4973594711966095,0.1390236670910581
0.302226670002502,0.61011011011011,0.9084084084084084,0.5487573469138601,0.9799012853829115,0.3361912900919127
0.5171378533900427,0.6076076076076075,0.7122122122122121,1.0,0.6163786036939498,0.4570103074803355
0.2982236677508132,0.5913413413413412,0.7327327327327327,0.557959084012069,0.7277499694786962,0.3917557598060589
0.182136602451839,0.4984984984984984,0.3731231231231231,0.8788461203062594,1.0,1.0
0.3375031273455092,0.4834834834834834,0.7174674674674675,0.5715576329420793,0.1069309520902733,0.7831470080401834
0.3467600700525395,0.628128128128128,0.76001001001001,0.446558068960706,0.4535622721802675,0.002289969827511
0.9954966224668504,0.5297797797797796,1.0,0.3709402305666498,0.3143537331914819,1.0
0.5206404803602703,0.5277777777777777,0.7525025025025025,0.5018469749027679,0.4952386765962642,0.4996494410241205
0.5203902927195397,0.5272772772772771,0.7527527527527527,0.5018923208399463,0.4951619373179622,0.4997261803024225
0.4663497623217414,0.8678678678678677,0.9379379379379378,0.0,1.0,0.7033015330414916
0.5233925444083064,0.7429929929929928,0.5813313313313313,0.0,0.1992430716640215,0.5806826307619861
0.5208906680010009,0.5277777777777777,0.7525025025025025,0.5018016289655894,0.4951933306590858,0.4996337443535588
0.6329747310482864,0.5635635635635634,0.5855855855855856,0.4731726459354343,0.0,0.8337042398451262
0.6649987490617966,0.7269769769769768,0.1388888888888889,1.0,0.9874862654132583,0.0
0.0,1.0,0.0,0.0,1.0,1.0
0.4921190893169879,0.7124624624624624,0.5558058058058057,1.0,0.7090395381690706,0.4194691037201109
0.7830873154866151,0.596096096096096,0.0,0.0273470882676108,0.7676718349407887,0.4129985872996494
0.5208906680010009,0.5275275275275274,0.7527527527527527,0.5018312782322061,0.4952090273296475,0.4997261803024225
0.7115336502376784,0.547047047047047,0.6871871871871871,0.4113207876240473,0.9830615483893472,0.3862619251094407
0.4208156117087817,0.5548048048048047,0.9211711711711712,0.5427908680258821,0.7830702687618816,0.4098557650382824
0.4073054791093321,0.959209209209209,0.8283283283283283,0.5744562847724854,0.4623210143537332,1.0
0.2719539654741056,0.6611611611611611,0.77002002002002,0.6002773078465912,0.5308718628459808,0.9952386765962642
0.4508381285964474,0.7955455455455454,0.6756756756756757,0.0,0.3121875926539582,0.4667160821110278
0.6332249186890169,0.4917417417417417,0.7727727727727727,0.4707152449552645,0.5215026945951131,1.0
0.4756067050287717,0.5710710710710709,0.7454954954954954,0.458658457889321,0.4278772869176971,0.0
0.4595946960220166,0.611111111111111,0.7847847847847848,0.4688839667230584,0.4111830057380051,0.0
0.4988741556167126,0.7254754754754753,0.5583083083083082,1.0,0.6741092139456197,0.5246612135270419
0.5203902927195397,0.5275275275275274,0.7530030030030029,0.5018609274988227,0.495177633988524,0.499694786961299
0.0,0.6956956956956956,0.642142142142142,0.2045834278040357,0.0,1.5696670561837767e-05
0.5203902927195397,0.5277777777777777,0.7525025025025025,0.5018609274988227,0.4951619373179622,0.4997558295690392
0.5203902927195397,0.5275275275275274,0.7532532532532532,0.5018766241693845,0.495177633988524,0.499694786961299
0.0,0.2489989989989989,1.0,0.8988977449116626,1.0,0.5189232083994628
0.5203902927195397,0.5275275275275274,0.7527527527527527,0.5019219701065629,0.4951462406474005,0.4996494410241205
0.5639229422066552,0.4754754754754754,0.5467967967967968,0.5385021888135061,0.0,0.8198632645586619
0.4408306229672255,0.6766766766766765,0.4937437437437437,1.0,0.8179099011109754,0.3795472382580184
0.5964473355016264,0.5750750750750749,0.787037037037037,0.3417461673962711,1.0,0.112761393166716
0.5201401050788093,0.5277777777777777,0.7525025025025025,0.5018016289655894,0.4952229799257024,0.4996790902907372
0.5206404803602703,0.5277777777777777,0.7532532532532532,0.5018016289655894,0.495177633988524,0.4997104836318607
0.6589942456842633,0.5955955955955955,0.556056056056056,0.4480073948759091,0.6054048868967682,0.5733278685665452
0.2664498373780336,0.5948448448448448,0.7867867867867867,0.5767916005371749,0.6606484469016516,0.4048188778624623
0.5469101826369779,0.5845845845845845,0.7349849849849849,0.4543854753475068,0.41463278511258,0.0
0.9987490617963476,0.3888888888888888,0.8963963963963963,0.0,1.0,0.2933864694699757
0.5323992994746061,0.5948448448448448,0.762012012012012,0.4808326211695763,0.4689746585974153,0.0
0.5334000500375283,0.4444444444444443,0.7094594594594594,0.8888414113050909,0.5413554947067338,0.4938503932888013
0.5173880410307732,0.4134134134134133,0.6616616616616616,0.2989099534332107,0.3534210021452116,0.4292359209585433
0.4908681511133351,0.6829329329329328,0.4954954954954955,0.4437501090046566,0.5465755097057746,0.4638174302806216
0.7368026019514637,0.6108608608608608,0.5590590590590591,0.512482341245618,0.4101906273436001,0.61498857631198
0.4851138353765325,0.5422922922922921,0.7162162162162162,0.3932068297957689,0.5422257878856585,0.4904163105847882
0.5206404803602703,0.5272772772772771,0.7530030030030029,0.5018923208399463,0.4951933306590858,0.4997401328984774
0.3172379284463348,0.5985985985985985,0.9446946946946946,0.6699426199487242,0.56377382841795,0.4514397335054153
0.6870152614460847,0.5775775775775774,0.5785785785785785,0.5267663114568254,0.3341315380993076,0.6684619006923975
0.6537403052289219,0.6388888888888888,0.5125125125125125,0.5168320630657341,0.0562045450581649,0.6297469347890542
1.0000000000000002,1.0,1.0,1.0,0.0,0.5623855451104871
0.5203902927195397,0.5275275275275274,0.7530030030030029,0.5018766241693845,0.4951462406474005,0.4996790902907372
0.6347260445334002,0.5285285285285284,0.581081081081081,0.4521582922022429,0.0,0.7189755306346687
0.4403302476857644,0.5855855855855855,0.7217217217217217,0.5885885205015958,0.5873066257390516,1.0
0.7187890918188643,0.4707207207207206,0.7587587587587588,0.4979698972740115,0.4927969722866561,0.94075727715088
0.7052789592194147,0.5065065065065064,1.0,0.0002755637720843,0.37651080454157,0.6242827493590526
0.4595946960220166,0.581081081081081,0.6091091091091091,1.0,0.6637162739592235,0.52411183005738
0.4891168376282213,0.87012012012012,0.7705205205205206,0.4575753876205591,0.4788182151141497,0.0
0.576182136602452,0.7114614614614614,0.7044544544544544,0.5707187331042782,0.6302649249175925,1.0
0.6347260445334002,0.4909909909909909,0.5175175175175175,0.4169663568027626,0.0,0.6931231142194394
0.5206404803602703,0.5275275275275274,0.7522522522522521,0.5018609274988227,0.4951462406474005,0.4997401328984774
0.5201401050788093,0.5275275275275274,0.7532532532532532,0.5018312782322061,0.495177633988524,0.499694786961299
0.0,1.0,0.1791791791791792,1.0,1.0,1.0
0.3747810858143608,0.5412912912912912,0.7152152152152151,0.5978826935486684,0.1681427350576417,0.6958403823011319
0.5484113084813611,0.4361861861861861,0.6534034034034033,0.9481591293580062,0.4612832900221497,0.4739958491026736
0.5013760320240181,0.5175175175175174,0.7444944944944945,0.6982663899401782,0.6032230496886827,0.4884629471371017
0.2989742306730049,0.7607607607607606,0.3671171171171171,0.9776880548337024,1.0,0.0
0.3760320240180136,0.595095095095095,0.7740240240240239,0.5370842562394266,0.4977257268430507,0.3896646144723302
0.7330497873405055,0.3353353353353352,0.8223223223223222,0.5200830179465267,0.462641924062996,0.2900901686520048
0.5203902927195397,0.5275275275275274,0.7527527527527527,0.5018923208399463,0.4951165913807838,0.4996790902907372
0.4493370027520642,0.5422922922922921,0.6101101101101101,0.486066588764672,0.8565795210771404,0.4287336275005668
0.4448336252189143,0.4619619619619619,0.867117117117117,0.4219561539668974,1.0,0.1863316880897151
0.5016262196647487,0.4894894894894894,0.6706706706706707,0.0,0.4001185970664667,0.5671311718436611
0.6242181636227172,0.2199699699699698,0.3303303303303303,0.4121143415246699,0.3081727331391597,0.4424211242304271
0.4776082061546161,0.4859859859859859,0.5405405405405406,0.3847201632453738,0.0,0.6023527565097581
0.5549161871403554,0.568068068068068,0.7387387387387387,0.5229816697769328,0.4931021853253571,0.4449099185517205
0.5206404803602703,0.5277777777777777,0.7527527527527527,0.5018609274988227,0.4952229799257024,0.4997715262396009
0.0,1.0,0.0,0.2470394335246001,0.103803826499468,0.0
0.5566675006254692,0.5603103103103102,0.69994994994995,0.4733086837469696,0.0,0.8009854020963776
0.5128846634976234,0.4702202202202201,0.6381381381381381,0.6315468196801367,0.3044508781415142,0.6411148124247867
0.5206404803602703,0.5275275275275274,0.7525025025025025,0.5018016289655894,0.4951933306590858,0.4997261803024225
0.4963722792094072,0.7189689689689689,0.6784284284284283,0.0,0.2973228456319654,0.4350960113016028
0.5339004253189894,0.6176176176176175,0.4717217217217217,1.0,1.0,0.4703175959676997
0.5146359769827372,0.6624124124124123,0.7557557557557557,1.0,0.6038177790955229,0.5056612658492771
0.5196397297973482,0.5943443443443442,0.730980980980981,0.5210893489369866,0.5220817273313916,0.4098854143048991
0.5203902927195397,0.5275275275275274,0.7532532532532532,0.5018609274988227,0.4951619373179622,0.499694786961299
1.0000000000000002,1.0,0.1286286286286286,1.0,0.5611036503479429,0.8115457732354325
0.6607455591693772,0.4587087087087086,0.7577577577577577,0.5150321781746516,0.4920644609937736,1.0
0.5564173129847387,0.5903403403403402,0.730980980980981,1.0,0.5447599281441303,0.4978949020702164
0.5203902927195397,0.5277777777777777,0.7525025025025025,0.5017702356244659,0.4951933306590858,0.4997558295690392
0.5476607455591695,0.5638138138138137,0.6901901901901901,0.0,0.4732947311509147,0.44931893890507
0.3304978734050539,0.6386386386386386,0.7910410410410409,0.5713745051188587,0.7546087168843854,0.4602612623611281
0.5201401050788093,0.5275275275275274,0.752002002002002,0.5019376667771247,0.4951462406474005,0.4998011755062176
0.7720790592944711,0.3283283283283282,0.7615115115115114,0.5062873885972409,0.4609937736540105,0.5358477074140607
0.5359019264448338,0.5733233233233233,0.7855355355355355,0.4016900081971502,1.0,0.2638104539825942
0.7543157368026021,0.7692692692692691,0.0713213213213213,0.0642325200132549,1.0,1.0
0.4998749061796348,0.5215215215215214,0.7735235235235235,0.3291120916685561,0.5408375045781956,0.5073094162582625
0.4635976982737054,0.4504504504504503,0.6571571571571571,0.5589218131398573,0.0,0.8614018870886164
0.5203902927195397,0.5272772772772771,0.7517517517517517,0.5019080175105081,0.495254373266826,0.4997854788356559
0.3397548161120841,0.5255255255255254,0.6253753753753754,0.6173238920766695,0.4112126550046218,0.5963252350140398
0.3690267700775582,0.4912412412412411,0.856106106106106,0.2981024469365331,1.0,0.3532989169297312
0.5208906680010009,0.5275275275275274,0.7525025025025025,0.5019376667771247,0.495177633988524,0.4997854788356559
0.4961220915686766,0.5805805805805805,0.8435935935935935,0.1735441338053961,0.4257878856584753,0.4113050909534855
0.2369276957718289,0.6534034034034033,0.6926926926926926,0.5151089174529536,0.4995727017458186,0.6437396445576155
0.7065298974230675,0.5710710710710709,0.5915915915915916,0.6038177790955229,0.0637284824807715,0.7319305160716466
0.5203902927195397,0.5275275275275274,0.7530030030030029,0.5018312782322061,0.4951462406474005,0.4997558295690392
0.5201401050788093,0.5275275275275274,0.7525025025025025,0.5017545389539041,0.495254373266826,0.4997715262396009
0.5206404803602703,0.5005005005005004,0.787037037037037,0.4359506078099656,1.0,0.3375202748661423
0.5203902927195397,0.5275275275275274,0.7525025025025025,0.5018155815616443,0.4951619373179622,0.4997401328984774
0.7488116087065301,0.4126626626626626,0.7722722722722721,0.5296510106911767,0.4593770165861485,0.9147077803163752
0.3755316487365525,1.0,0.4071571571571571,0.0,1.0,0.9099464569126392
0.3024768576432325,0.603103103103103,0.7137137137137137,0.510255158100354,0.5082564487154891,0.4403770689083838
0.5203902927195397,0.5275275275275274,0.7522522522522521,0.5018766241693845,0.4952386765962642,0.499694786961299
0.6484863647735803,0.5265265265265264,0.6446446446446445,0.5200062786682247,0.9929190575021364,0.2447041177599107
0.0152614460845634,0.2932932932932932,0.5222722722722722,0.2786752010045869,1.0,0.3956938800425554
0.3792844633475107,0.6248748748748748,0.7667667667667667,0.4621692798716361,0.4727296510106912,0.2785374191185447
0.5203902927195397,0.5277777777777777,0.7527527527527527,0.5018766241693845,0.495177633988524,0.499694786961299
0.005003752814611,0.925175175175175,0.8288288288288288,0.5853375656208033,0.4965816139665486,0.671561121091093
0.0,0.995995995995996,0.4847347347347347,0.0,0.3795175889914017,0.1310427821476533
0.4320740555416563,0.548048048048048,0.6704204204204204,0.5549540436367442,0.0,0.7493747492892897
0.6589942456842633,0.5773273273273272,0.6641641641641641,0.5046078448471318,0.0,0.8076250937440048
0.440580435326495,0.4824824824824824,0.8023023023023023,0.4090622111376598,1.0,0.2680066972461064
0.664748561421066,0.558058058058058,0.7347347347347346,0.451685648010883,0.4111062664597031,0.0
0.2224168126094571,0.6183683683683683,0.8380880880880881,0.6734673945270941,0.7376388719326089,0.3526431449151508
0.0,1.0,0.5930930930930931,0.0,0.0,0.7416519873729006
0.5989492119089319,0.4864864864864864,0.7222222222222222,0.508423879868148,0.4777508415159495,0.611540541011912
0.6257192894671004,0.5538038038038037,0.7417417417417417,0.4575439942794356,0.3893454488375744,0.0
0.6209657242932201,0.5585585585585585,0.7407407407407407,0.4940945637197621,0.5241414793239967,1.0
0.4886164623467602,0.7009509509509508,0.7264764764764764,1.0,0.5786839213771212,0.4634651272302352
0.425068801601201,0.5608108108108107,0.7442442442442442,0.6370703036433716,0.1157681776165478,0.6952596054903466
0.550162621966475,0.4774774774774774,0.8753753753753752,0.1957479463522681,1.0,0.3353070443169332
0.5806855141356019,0.4914914914914914,0.752002002002002,0.5324450180511712,1.0,0.3437623175262047
1.0000000000000002,1.0,0.6158658658658658,1.0,0.0,0.0
0.6407305479109333,0.5327827827827827,0.6729229229229229,0.3507508240752045,0.8759003784641679,0.4852119922563092
0.4255691768826621,0.6814314314314314,0.7142142142142142,0.5362593089976804,0.4100074995203795,0.0
0.5206404803602703,0.5277777777777777,0.7525025025025025,0.5018312782322061,0.495254373266826,0.4997558295690392
0.2144108081060796,0.6096096096096095,0.6876876876876876,0.5959589793675986,0.9540506130421892,0.3267610792333049
0.4168126094570929,0.4366866866866866,0.7382382382382382,0.560172314561278,0.0,0.9051851335089036
0.6084563422566927,0.6303803803803802,0.7302302302302301,0.5189389050700246,0.5191970280970403,1.0
0.5328996747560671,0.7234734734734733,0.5115115115115115,0.0,0.1714233392050508,0.5525576852643145
0.0,0.678178178178178,0.5618118118118118,0.0,0.1312729999825592,0.2988646074960323
0.4886164623467602,0.767017017017017,0.5232732732732732,0.0,0.3816226869211853,0.4697385632314212
0.5203902927195397,0.5275275275275274,0.7522522522522521,0.5018312782322061,0.4952386765962642,0.4997558295690392
0.7015261446084565,0.5685685685685685,0.0,0.9978478120585312,0.2044316933219387,0.699898843678602
0.5906930197648238,0.5140140140140139,0.7627627627627627,0.5434466400404625,1.0,0.3796396742068821
0.4846134600950714,0.4919919919919919,0.766016016016016,0.3212515478661248,0.4793832952543733,0.4848160873432513
0.2336752564423318,0.8343343343343341,0.7434934934934935,0.6902087657184715,0.5482236601147601,1.0
0.0475356517388042,1.0,0.4234234234234234,0.5610583044107644,0.8215724575753875,0.0
0.0,1.0,0.4564564564564564,0.0,0.2575841079930935,0.1962676805553133
0.7227920940705531,0.5312812812812812,0.80005005005005,0.4609780769834487,0.4854875560283935,0.0
0.5203902927195397,0.5275275275275274,0.7527527527527527,0.5018923208399463,0.4952229799257024,0.4997104836318607
0.4283212409306981,0.7607607607607606,0.821071071071071,0.0,0.0932120620192894,0.5075082407520449
0.0072554415811859,0.9496996996996996,0.8653653653653652,0.0,0.4264890036102342,0.7882431937492369
0.304978734050538,0.6388888888888888,0.6571571571571571,0.5192737673753423,0.5295760154873816,0.6516594868932801
0.4133099824868653,0.6123623623623623,0.8831331331331331,0.5045624989099534,1.0,0.2539825941364215
0.4150612959719791,0.7069569569569568,0.7735235235235235,0.5506496677538064,0.5125904738650435,1.0
0.4681010758068553,0.5795795795795795,0.7675175175175175,0.5629349285801489,0.5801646406334479,1.0
0.010507880910683,0.4224224224224223,0.4216716716716716,0.7717616896593822,1.0,0.6040479969304289
0.4595946960220166,0.6706706706706705,0.6311311311311311,0.0,0.1585276523013063,0.3793955037759213
0.714535901926445,0.4451951951951951,1.0,0.1809459860125224,0.4466034148978844,0.4081465720215568
0.6207155366524895,0.6093593593593593,0.7642642642642642,0.4680904128224358,0.4677398538465563,0.0
0.4961220915686766,0.7222222222222221,0.6564064064064064,1.0,0.5568620611472522,0.5361825697193784
0.490367775831874,0.4894894894894894,0.821071071071071,0.0308579102499258,0.4909813907250118,0.371078012452692
0.5111333500125095,0.4111611611611611,0.7897897897897898,0.8014283970211207,0.5325967525332682,0.5207544866316689
0.7878408806604955,0.7172172172172171,0.7665165165165164,0.8117132043880915,0.0020911453337286,1.0
0.5183887915936954,0.5573073073073073,0.7797797797797796,0.5164204614821145,0.5642621692798716,1.0
0.2016512384288217,0.7219719719719718,0.0,1.0,0.6068088668747929,0.404529361494323
0.336502376782587,0.6884384384384383,0.7527527527527527,0.5373423792664422,0.4953450651411828,0.5862985506740848
0.0312734550913185,1.0,0.271021021021021,0.0,0.5102865514414776,0.0
0.257943457593195,0.4847347347347346,0.5633133133133132,0.5746394125957061,0.2774229555086593,0.6046880722744475
0.5126344758568928,0.5175175175175174,0.7775275275275275,0.2934928580148944,0.4201719657463767,0.5566021940457296
0.7568176132099076,1.0,0.3646146146146146,0.0,1.0,0.50903430594555
0.5203902927195397,0.5277777777777777,0.7522522522522521,0.5018155815616443,0.4952090273296475,0.4997558295690392
0.5188891668751565,0.5310310310310309,0.8138138138138138,0.3532535709925528,1.0,0.0078431030573626
1.0000000000000002,0.9404404404404404,1.0,1.0,0.0,0.8739173657498649
0.4600950713034777,0.7009509509509508,0.7177177177177176,0.3437919667928214,0.2236758114306643,0.0
0.5391543657743308,0.5335335335335334,0.6191191191191191,0.4606432146781311,0.0,0.8214050264227287
0.5379034275706781,0.6436436436436435,0.4602102102102102,0.3485079442593787,0.5149554388963496,0.5018469749027679
0.5203902927195397,0.5277777777777777,0.7525025025025025,0.5018766241693845,0.495177633988524,0.4997261803024225
0.4886164623467602,0.6626626626626626,0.7127127127127126,1.0,0.6264035439593979,0.4649458464865619
1.0000000000000002,0.8178178178178177,1.0,0.8132863595932818,0.3368941521181785,0.725613478207789
0.5203902927195397,0.5277777777777777,0.7525025025025025,0.5019080175105081,0.4952386765962642,0.4997401328984774
0.3242431823867902,0.6589089089089089,0.8953953953953953,0.5772345954619181,0.9575596909499974,0.3311718436611612
0.4308231173380036,0.5618118118118117,0.7812812812812813,0.5485602664945847,1.0,0.2501683031899122
0.3705278959219416,0.5262762762762762,0.7089589589589589,0.4600484852712908,0.0,0.7061251896681027
0.6840130097573182,0.5217717717717717,0.6869369369369369,0.5529396375813175,1.0,0.3515286813052654
0.0,0.9874874874874872,0.2782782782782783,0.0,0.4624901895808989,0.0142072309329054
0.1205904428321242,0.9266766766766764,0.522022022022022,0.0,0.4566893977710727,0.1586950834539652
0.3107330497873406,0.6211211211211211,0.8103103103103102,0.6604810157489928,0.9306712942776916,0.40008894779985
0.7613209907430575,0.7655155155155153,0.8003003003003002,0.468303189912273,0.473202295202051,0.0
0.5206404803602703,0.5277777777777777,0.752002002002002,0.5017545389539041,0.4952090273296475,0.4996790902907372
0.5203902927195397,0.5277777777777777,0.7527527527527527,0.5018923208399463,0.4952090273296475,0.4997104836318607
0.6920190142606957,0.5885885885885884,0.5352852852852853,0.56377382841795,0.4409561016446622,0.591563911610304
0.0265198899174381,1.0,0.5225225225225225,0.0,0.3043741388632122,0.3505833929225456
0.5201401050788093,0.5275275275275274,0.752002002002002,0.5017859322950277,0.495254373266826,0.4997715262396009
0.5361521140855643,0.3586086086086085,0.6694194194194194,0.3175732947311509,0.3938469051397876,0.4784973054048869
0.5203902927195397,0.5272772772772771,0.7525025025025025,0.5017859322950277,0.4951462406474005,0.4997715262396009
0.5599199399549664,0.8378378378378377,0.3658658658658659,0.7144426809913319,0.5549086976995657,0.0
0.5203902927195397,0.5275275275275274,0.7527527527527527,0.5018312782322061,0.4952090273296475,0.4998325688473412
0.5201401050788093,0.5277777777777777,0.7527527527527527,0.5018766241693845,0.4951933306590858,0.4997715262396009
0.5286464848636478,0.5132632632632632,0.8445945945945945,0.0,0.519748155641209,0.4476097458883443
0.247935951963973,0.6636636636636636,0.7642642642642642,0.4712785810209812,0.45482847027225,0.0
0.5203902927195397,0.5277777777777777,0.7527527527527527,0.5018312782322061,0.4951933306590858,0.4997401328984774
0.3304978734050539,0.316066066066066,0.611111111111111,0.8613879344925615,0.0,0.2362034986134608
0.5206404803602703,0.5277777777777777,0.7525025025025025,0.5017859322950277,0.4952386765962642,0.4997261803024225
0.6367275456592446,0.3946446446446445,0.7404904904904904,0.5065926016359419,0.4828313305544413,0.39810419101104
0.4003002251688767,1.0,0.3918918918918919,1.0,0.3341629314404311,0.0001220852154804
0.5716787590693021,0.5490490490490489,0.4774774774774775,0.5705966478887978,0.6863177354936603,0.5023492683607443
0.5581686264698525,0.6398898898898898,0.611111111111111,0.0,0.329722517745958,0.4343478033381586
0.6422316737553166,0.6859359359359358,0.7785285285285285,0.4905994384080088,0.4845876135828522,1.0
0.5198899174380787,0.5287787787787787,0.7525025025025025,0.5018469749027679,0.4951322880513455,0.499694786961299
0.4090567925944459,0.4984984984984984,0.6549049049049048,0.6833109510438286,0.1384289376842178,0.5903273627849381
0.3224918689016763,0.5658158158158157,0.6694194194194194,0.5780281493625408,0.616744859340391,0.5071576817761655
0.7047785839379537,0.4249249249249248,0.7327327327327327,0.5196400230217835,0.4714931021853253,0.4436123271186145
0.4625969477107832,0.5157657657657657,0.7692692692692692,0.4288400160454855,0.4253605874042939,0.0
0.5906930197648238,0.8528528528528527,1.0,0.0,0.9523710692920802,0.0070198998901233
1.0000000000000002,0.5665665665665665,0.7575075075075075,0.8423426408776182,0.9491968536895896,0.0385632314212462
0.5206404803602703,0.5275275275275274,0.7522522522522521,0.5017545389539041,0.4952840225334426,0.4997401328984774
0.5206404803602703,0.5275275275275274,0.7525025025025025,0.5018766241693845,0.4952090273296475,0.4998168721767794
0.8441330998248688,0.7815315315315314,1.0,0.4125259431082896,0.6482271482637738,0.7220416136177337
0.4663497623217414,0.5160160160160159,0.7852852852852852,0.0308108202382406,0.4469993198109423,0.3777316566963741
0.5469101826369779,0.7167167167167166,0.4662162162162162,0.0,0.41617280290214,0.4552557685264314
0.0,0.0895895895895895,1.0,0.7151751922842143,1.0,0.2091930167256745
0.4906179634726046,0.7432432432432431,0.5553053053053053,0.8094860212428274,0.6146083680694839,0.4175767828801646
0.5121341005754317,0.3536036036036035,0.9952452452452452,0.2047369063606397,1.0,0.2354256413833999
0.6737553164873656,0.5628128128128127,0.5005005005005004,0.5580358232903709,0.0011144636098854,0.6874775450407241
0.4758568926695022,0.3643643643643642,0.825075075075075,0.0039520728325514,0.3033503671276837,0.5910145281406421
0.3274956217162873,1.0,0.2199699699699699,0.9282138932975216,1.0,1.0
0.5313985489116839,0.7817817817817816,0.6569069069069069,0.0,0.2893576573591224,0.4911331252071088
0.8103577683262448,0.4762262262262261,0.7790290290290289,0.5379841986849678,0.5113225316985541,0.0
0.4568426319739806,0.8095595595595595,0.0,1.0,0.0865427211050456,0.7354709873205784
1.0000000000000002,0.9329329329329328,0.0,1.5696670561837767e-05,0.9465109789490208,0.3049078256623123
0.5206404803602703,0.5275275275275274,0.752002002002002,0.5018609274988227,0.4952386765962642,0.499694786961299
0.4963722792094072,0.5045045045045045,0.5783283283283283,0.4995430524792019,0.904988053089628,0.4256344071018714
0.4353264948711535,0.5825825825825824,0.7655155155155156,0.0,0.3971885518949369,0.2876938102795751
0.3747810858143608,0.5795795795795795,0.69994994994995,0.6185290475609118,0.5953328566196348,0.6123497915830964
0.4686014510883163,0.7725225225225224,0.535035035035035,1.0,0.7040043950677572,0.6150339222491584
1.0000000000000002,0.7177177177177176,0.7394894894894894,0.0,1.0,0.9689450093307986
0.5366524893670254,0.5588088088088087,0.7892892892892892,0.1537209829603921,0.4065437675497497,0.4658457889321031
0.8626469852389294,0.3475975975975975,0.7647647647647646,0.5021661405375237,0.4956049322427054,0.1182709245338961
0.5203902927195397,0.5275275275275274,0.7525025025025025,0.5017702356244659,0.4951322880513455,0.4998168721767794
0.5336502376782588,0.6654154154154153,0.4389389389389389,0.7272912778833912,0.6523013063118056,0.5889094302108586
0.3194896172129098,0.6629129129129128,0.771021021021021,0.4809843556516734,0.4625198388475156,0.080225683241188
0.1826369777333,0.593093093093093,0.7177177177177176,0.5140397997802466,1.0,0.2871758201510368
0.4638478859144359,0.5525525525525524,0.7740240240240239,0.1524530407939027,0.5018766241693845,0.3971728552243752
0.3820365273955468,0.6158658658658658,0.6744244244244244,0.4410642342640877,0.4648708512827668,1.0
0.5206404803602703,0.5275275275275274,0.7525025025025025,0.5017859322950277,0.4952090273296475,0.4997104836318607
0.4911183387540657,0.7117117117117115,0.4954954954954955,1.0,0.7200742975739923,0.5283534192580707
0.5416562421816363,0.3088088088088087,0.596096096096096,0.8732302003941608,0.595775851544378,0.4534244902942254
0.3522641981486115,0.5197697697697696,0.3893893893893894,1.0,0.0,0.526797704797949
0.6114585939454592,0.6701701701701701,0.6979479479479479,0.5160245565690567,0.0,0.7224392626052984
0.4330748061045785,0.4882382382382381,0.7152152152152151,0.4286254948811413,0.9915150775241116,0.296667073617385
0.5088816612459346,0.4927427427427426,0.745995995995996,0.4588415857125416,0.5385335821546297,0.4525245478486841
0.6897673254941208,0.5945945945945945,0.6048548548548548,0.6433437396445576,0.1874461516996006,0.6154315712367232
0.0,1.0,0.0337837837837837,1.0,0.0010377243315835,0.9710204579939656
0.5806855141356019,0.6433933933933933,0.5397897897897898,0.938591136613356,0.9226433193226014,0.0
0.5258944208156119,0.4799799799799799,0.7472472472472472,0.4349128834783822,0.4913633430420147,0.5272860456598706
0.0,0.8093093093093092,0.7637637637637638,0.393587038038265,0.4717529692868479,0.0039520728325514
0.5201401050788093,0.5277777777777777,0.7527527527527527,0.5018766241693845,0.4952090273296475,0.4997401328984774
0.5206404803602703,0.5277777777777777,0.7527527527527527,0.5018469749027679,0.4951619373179622,0.4997261803024225
0.427320490367776,0.7750250250250249,0.5332832832832832,0.0,0.1971676230008546,0.5202661457697473
0.4868651488616464,0.8188188188188187,0.515015015015015,0.0,0.2219055758061984,0.5635610513281127
0.4293219914936203,0.4729729729729729,0.6834334334334333,0.605115370528629,0.0,0.8156059786874095
0.3327495621716288,0.5305305305305305,0.6476476476476476,0.628768508990704,0.2576451506008337,0.5717861067024783
0.4485864398298725,0.5145145145145145,0.6856856856856857,0.7316253030329456,0.0784694002127771,0.7833911784711443
0.503127345509132,0.2787787787787787,0.7342342342342342,0.2854195371226259,0.4460226380870991,0.5351291487172332
0.6800100075056293,0.5675675675675674,0.5613113113113113,0.5554720337652824,0.0007325112928824,0.6921010865584177
0.4878658994245685,0.5360360360360359,0.8273273273273272,0.0188778624622844,0.4130910232485131,0.351940282888885
0.5113835376532401,0.5090090090090089,0.7114614614614614,0.0,0.3972652911732389,0.4880809948200987
0.8243682762071556,0.4562062062062061,0.7334834834834835,0.5092174337687706,0.4968414810680712,0.5056159199120986
0.7115336502376784,0.5915915915915915,0.5873373373373373,0.6483178401381307,0.0841934527443012,0.6901791164518548
0.5208906680010009,0.5275275275275274,0.7525025025025025,0.5019080175105081,0.4952090273296475,0.4997715262396009
0.6362271703777835,0.642142142142142,0.7304804804804804,0.4615745504647958,0.5222491584840504,1.0
0.101826369777333,0.6764264264264264,0.755005005005005,0.4558051519960933,0.4743778014196766,0.2835586096238031
0.5201401050788093,0.5275275275275274,0.7527527527527527,0.5018312782322061,0.4952090273296475,0.4997401328984774
0.7668251188391295,0.5828328328328327,0.6166166166166166,0.5964176709629035,0.4830615483893472,0.6585433489718681
0.5068801601200902,0.652152152152152,0.7174674674674675,0.971508798855887,0.6081221549784607,0.5116591380783787
0.4783587690768077,0.7725225225225224,0.4857357357357357,0.9737970246088912,0.6363081430838725,0.6593979454802309
0.550162621966475,0.4014014014014013,0.7312312312312312,0.6676230008545965,0.4840068367720669,0.500076739278302
0.5203902927195397,0.5275275275275274,0.7522522522522521,0.5018016289655894,0.4951933306590858,0.4997401328984774
0.6039529647235428,0.5292792792792792,0.6634134134134133,0.4820691699949422,0.9399794199208188,0.5071733784467273
0.4080560420315238,0.5435435435435434,0.788038038038038,0.6777246803983465,1.0,0.2730435844219265
0.5203902927195397,0.5277777777777777,0.7527527527527527,0.5018609274988227,0.4952090273296475,0.4998168721767794
0.5201401050788093,0.5275275275275274,0.7525025025025025,0.5018312782322061,0.4951619373179622,0.4997854788356559
0.0007505629221917,0.7059559559559558,0.7827827827827827,0.5633465301637686,0.5122695641557807,0.8904285191063362
1.0000000000000002,0.6954454454454453,1.0,0.5416764044159966,0.4174093517275058,0.6686310759195633
0.4235676757568177,0.4942442442442442,0.7640140140140139,0.4973437745260478,0.4963060501944643,0.4490747684741092
0.7302977232924696,0.5710710710710709,0.6306306306306306,0.4331286952578614,0.7244990145979036,0.5329316148385859
0.5206404803602703,0.5277777777777777,0.7527527527527527,0.5017859322950277,0.4952386765962642,0.4997261803024225
0.5351513635226421,0.5022522522522521,0.6681681681681682,0.3965170832097947,0.0,0.8045869159530494
0.5206404803602703,0.5272772772772771,0.7527527527527527,0.5018155815616443,0.4951619373179622,0.4997558295690392
0.5203902927195397,0.5272772772772771,0.7525025025025025,0.5018016289655894,0.4951933306590858,0.4997104836318607
0.2466850137603203,0.6103603603603602,0.0207707707707708,1.0,0.0,0.4854718593578317
0.4888666499874907,0.7227227227227226,0.4927427427427427,0.0,0.3044508781415142,0.4486945602316131
0.5569176882661998,0.7617617617617616,0.6313813813813813,1.0,0.785328845248269,0.403003296300818
0.5446584938704029,0.4637137137137136,0.730980980980981,0.4973141252594311,0.5006714686851422,0.5989797164134851
0.5016262196647487,0.4944944944944944,0.7422422422422421,0.6549418351151961,0.5064548197498997,0.4879903029457418
0.560670502877158,0.5775775775775774,0.7374874874874874,0.496321746865026,0.4882344733767026,0.0
0.5206404803602703,0.5272772772772771,0.7527527527527527,0.5018609274988227,0.4952090273296475,0.4997261803024225
0.5203902927195397,0.5272772772772771,0.7517517517517517,0.5018469749027679,0.4952090273296475,0.4996494410241205
0.5201401050788093,0.5275275275275274,0.7522522522522521,0.5017859322950277,0.4952090273296475,0.499694786961299
0.894420815611709,0.5455455455455455,0.0,0.1362471004761323,0.7489927969722866,0.4204911313811326
0.7315486614961223,0.5758258258258258,0.581081081081081,0.6091895285766608,0.2086593299265745,0.7280394858468353
0.4393294971228422,0.8233233233233233,0.5873373373373373,0.0,0.4286725848928266,0.4439332368278773
0.3460095071303478,0.595095095095095,0.8716216216216215,0.5718471493102185,0.9150740359628164,0.2870519908610496
0.3224918689016763,0.833083083083083,0.776026026026026,0.0,0.3241676404415997,0.7496189197202504
0.5243932949712286,0.7349849849849849,0.4964964964964964,0.0577009609850532,0.3981355843521635,0.4298934370476306
0.5211408556417314,0.527027027027027,0.7527527527527527,0.5018312782322061,0.495177633988524,0.4997401328984774
0.453840380285214,0.7257257257257256,0.4214214214214214,1.0,0.8480806460051973,0.3676596264192406
0.510883162371779,0.7407407407407406,0.4894894894894894,1.0,0.7185325357099255,0.5703821267244537
0.5046284713535153,0.4557057057057056,0.7575075075075075,0.2339763154681968,0.4897291452290842,0.5201754538953904
0.4600950713034777,0.8388388388388387,0.5107607607607607,0.0,0.1604810157489928,0.5715262396009557
0.6162121591193397,0.5585585585585585,0.5925925925925926,0.3620890524443204,0.0,0.7444146013917714
0.9134350763072304,0.3035535535535535,0.7632632632632632,0.5156722535186703,0.4793832952543733,0.4104051485079442
0.5344008006004505,0.4887387387387386,0.987987987987988,0.0027155240071856,0.7709384864921429,0.6025672776741022
0.0,0.7279779779779778,0.7872872872872873,0.6020318468004953,0.5120864363325601,0.947473708076809
0.3855391543657744,0.5415415415415414,0.7777777777777777,0.5425170483283046,0.5138723686275878,0.41617280290214
0.5201401050788093,0.5275275275275274,0.752002002002002,0.5018469749027679,0.495177633988524,0.499694786961299
0.2914686014510884,0.6048548548548548,0.7935435435435434,0.564614472330258,1.0,0.2422013708425624
0.8311233425068802,0.7474974974974974,0.4011511511511511,0.0,0.9940474737080768,1.0
0.4450838128596449,0.7932932932932932,0.5663163163163163,0.9795821197481556,0.5854282574951601,0.5818877862462284
0.472104078058544,0.6769269269269268,0.7239739739739739,1.0,0.646762125678009,0.4996651376946823
0.3039779834876158,0.6243743743743743,0.6919419419419419,0.0,0.8558627064548197,0.4824807715785618
0.5864398298724044,0.5993493493493492,0.7497497497497497,0.5752655353436699,1.0,0.3667282906325758
0.5486614961220917,0.5245245245245245,0.7479979979979979,0.5103458499747109,0.5560824598426845,0.5217608176221288
0.5759319489617214,0.5050050050050049,0.7540040040040039,0.4920644609937736,0.4379650138653923,0.0
0.4085564173129848,0.7830330330330328,0.6551551551551551,0.0,0.1741231665416746,0.5493991663323857
0.5203902927195397,0.5272772772772771,0.7522522522522521,0.5018155815616443,0.4951933306590858,0.4997558295690392
0.208656492369277,0.6556556556556555,0.7474974974974975,0.481702914348501,0.959117149484626,0.3503392224915848
0.6112084063047287,0.552052052052052,0.6413913913913913,0.5030521303870101,0.0021521879414688,0.781741283987652
0.500375281461096,0.6979479479479478,0.4572072072072072,0.0002895163681392,0.3558487538587648,0.5181296544988402
0.6484863647735803,0.4724724724724723,0.7727727727727727,0.5155658649737517,0.4953921551528681,0.9926295411339972
0.370277708281211,0.9764764764764764,0.0995995995995996,1.0,0.034762893070792,0.0204492735929679
0.5206404803602703,0.4639639639639639,0.7947947947947948,0.0489108254704641,0.39656417322148,0.4568585729982385
0.3600200150112586,0.7922922922922921,0.1416416416416416,1.0,0.0861607687880426,0.1352250728151106
0.8586439829872407,0.4129129129129128,0.762012012012012,0.4971920400439507,0.482465074908,0.7955229607408828
0.4858643982987242,0.7442442442442441,0.4737237237237237,0.9941556063275024,0.6858590438983554,0.5581282592392347
0.4968726544908682,0.5095095095095095,0.72997997997998,0.0021207946003453,0.3980902384149851,0.4290841864764463
0.4961220915686766,0.7337337337337336,0.5357857857857857,1.0,0.6499363412804995,0.5336030835237281
0.4353264948711535,0.7587587587587585,0.793043043043043,0.0,0.3260285679404224,0.4206603066082983
0.5519139354515888,0.6278778778778777,0.8333333333333333,1.0,0.6958700315677486,0.4498683223747318
0.4413309982486866,0.523023023023023,0.8230730730730731,0.3742679247257443,1.0,0.2204405532204336
0.3930447835876909,0.7975475475475474,0.8425925925925926,0.7874949857857927,0.5721366656783577,1.0
0.4986239679759821,0.699199199199199,0.4837337337337337,0.6280220451017667,0.5007325112928824,0.549993895739226
0.5203902927195397,0.5272772772772771,0.7525025025025025,0.5018312782322061,0.4951322880513455,0.4997104836318607
0.5203902927195397,0.5277777777777777,0.7527527527527527,0.5018469749027679,0.4951322880513455,0.4997104836318607
0.5203902927195397,0.5277777777777777,0.7530030030030029,0.5018469749027679,0.495177633988524,0.4997558295690392
0.6662496872654493,0.5292792792792792,0.7089589589589589,0.3565812651516473,1.0,0.260758323595584
0.7575681761320991,0.4339339339339338,0.7755255255255256,0.4636796483945794,0.4828016812878246,1.0
0.732299224418314,0.6611611611611611,0.0913413413413414,0.8535901773723773,0.7587142682735406,0.809913319497009
0.5038779084313236,0.5032532532532532,0.73998998998999,0.6189266965484765,0.5324450180511712,0.4965362680293702
0.4886164623467602,0.7865365365365364,0.5838338338338338,0.0,0.4408200638331269,0.4988087971118126
0.4443332499374532,0.6951951951951951,0.7517517517517517,0.3318729616129201,0.4871043130962554,0.0
0.5203902927195397,0.5275275275275274,0.7522522522522521,0.5018923208399463,0.4952386765962642,0.4998482655179029
0.5018764073054792,0.5745745745745745,0.7284784784784785,0.0,0.3083105150252019,0.4643668137502834
0.4013009757317989,0.4947447447447446,0.6924424424424425,0.5707937283080733,0.0113085791024992,0.7683590002964926
0.0210157618213661,1.0,0.0447947947947948,1.0,0.9995273558086402,0.7789193714355478
0.0,1.0,0.0,0.0,0.3788757695728761,0.0372656399881403
0.6074555916937705,0.569069069069069,0.6291291291291291,0.5041508973263338,0.0,0.7270471074524303
0.9967475606705032,0.8943943943943942,0.001001001001001,0.8691856916127456,0.4901267942166489,1.0
0.2429321991493621,0.6106106106106105,0.0015015015015015,1.0,0.0,0.6144862828540035
0.5208906680010009,0.5275275275275274,0.7527527527527527,0.5018766241693845,0.495177633988524,0.4997104836318607
0.3102326745058795,0.6526526526526526,0.6839339339339339,0.4651132776392207,0.9089854718593576,0.2990930812564313
0.503627720790593,0.6706706706706705,0.6811811811811811,1.0,0.5510769660079878,0.5209829603920679
0.5201401050788093,0.5277777777777777,0.7525025025025025,0.5017545389539041,0.4952090273296475,0.499694786961299
0.5203902927195397,0.5277777777777777,0.7522522522522521,0.5018312782322061,0.4952090273296475,0.4996651376946823
0.6264698523892921,0.5402902902902902,0.5848348348348348,0.3533599595374714,0.0,0.8135305300242426
0.5146359769827372,0.4339339339339338,0.7404904904904904,0.0880844829691124,0.4203690461656522,0.4627797059490381
0.3915436577433075,1.0,0.0035035035035035,0.0,0.8456842876327677,0.6577794443378621
0.5929447085313987,0.5477977977977977,0.7052052052052051,0.4015225770444913,0.0,1.0
0.3274956217162873,0.7214714714714714,0.7182182182182182,0.0,0.7907302439960235,0.2929277778746708
0.5011258443832876,0.6108608608608608,0.9294294294294294,0.0,0.2697315869333938,0.6192458621832324
1.0000000000000002,1.0,0.0,0.9954671503566632,0.0,0.3673090674433611
0.3019764823617714,0.623123123123123,0.7940440440440439,0.5047613234037358,0.489591363343042,1.0
0.312734550913185,0.5648148148148147,0.6456456456456456,0.5537331914819401,0.7841533390306434,0.4264436576730558
0.0515386539904929,1.0,0.1774274274274274,0.0,0.0333903064338908,0.284641679892565
0.5201401050788093,0.5275275275275274,0.7525025025025025,0.5018469749027679,0.495177633988524,0.4997715262396009
0.5203902927195397,0.5275275275275274,0.752002002002002,0.5019080175105081,0.495177633988524,0.4996790902907372
0.427320490367776,0.5843343343343342,0.9404404404404404,0.4038735894797426,1.0,0.2545476742766451
0.0,0.8636136136136134,0.4356856856856856,1.0,1.0,0.6139979419920819
0.5203902927195397,0.5277777777777777,0.7525025025025025,0.5018016289655894,0.4952840225334426,0.4997401328984774
0.5206404803602703,0.5277777777777777,0.7527527527527527,0.5018312782322061,0.4951165913807838,0.4997261803024225
0.5321491118338756,0.5332832832832832,0.7705205205205206,0.5028393532971729,0.4928737115649581,0.5006714686851422
0.8131098323742809,0.7925425425425424,0.8473473473473473,1.0,1.0,0.0
0.1205904428321242,0.7389889889889889,0.0513013013013013,1.0,0.6170029823674067,0.0
0.5208906680010009,0.5277777777777777,0.7525025025025025,0.5018312782322061,0.4952386765962642,0.4996651376946823
0.3595196397297974,0.5452952952952952,0.8285785785785785,0.4903395713064862,1.0,0.2088424577497951
0.4610958218663999,0.6934434434434433,0.6919419419419419,1.0,0.7078047334182116,0.407520449273593
0.5196397297973482,0.528028028028028,0.7522522522522521,0.5018312782322061,0.4953154158745662,0.4996790902907372
0.6710032524393297,0.7337337337337336,0.7317317317317317,0.532002023126428,0.4845405235711669,1.0
0.4420815611708782,0.5310310310310309,0.7632632632632632,0.6508519803966025,0.4859445035491916,0.5069292080157665
0.1918939204403303,0.8098098098098097,0.7452452452452452,0.4428798158257321,0.4934998343129218,0.0998953555295882
0.6722541906429824,0.5513013013013012,0.6008508508508508,0.4976350349686939,0.0,0.7568672933707727
1.0000000000000002,1.0,0.0,1.0,0.6265099325043166,0.9689746585974152
0.5924443332499376,0.5060060060060059,0.6288788788788788,0.4022864816784973,0.0,0.8605019446430751
0.5849387040280212,0.5397897897897896,0.8861361361361361,0.3074402218462773,0.9994052705931598,0.3501403979978025
0.4936202151613711,0.5130130130130129,0.7792792792792792,0.404529361494323,1.0,0.2658405567085826
0.4560920690517889,0.7362362362362361,0.6418918918918919,1.0,0.8442506583881264,0.4084814343268744
0.8153615211408558,0.3315815815815814,0.7627627627627627,0.5090029126044264,0.4891344158222439,0.0569074070844306
0.597197898423818,0.4997497497497496,0.8380880880880881,0.430029474859166,1.0,0.3213282871444268
0.1305979484613461,0.5613113113113112,0.7067067067067067,0.5885571271604723,0.8678427542424612,0.4433210666759684
0.5206404803602703,0.5277777777777777,0.7522522522522521,0.5018312782322061,0.4952386765962642,0.4997401328984774
0.3677758318739055,0.4767267267267266,0.6033533533533533,0.6625407677415979,0.3995552610007499,0.4962920975984094
0.2601951463597699,0.7517517517517516,0.6959459459459459,0.670186790379685,0.7009208713396236,1.0
0.3982987240430324,0.7865365365365364,0.637137137137137,1.0,0.8208242496119433,0.4463435477963619
0.6882661996497375,0.5052552552552552,0.7319819819819819,0.5057083558609624,0.4778868793274848,1.0
0.5203902927195397,0.5277777777777777,0.7525025025025025,0.5018312782322061,0.4951619373179622,0.4997558295690392
0.4688516387290469,0.7392392392392391,0.515015015015015,0.3075483544657028,0.4744527966234717,0.5330240507874496
0.5091318488866652,0.4709709709709709,0.7424924924924925,0.5124369953084396,0.9444355302858538,0.2790868025882065
0.5203902927195397,0.5275275275275274,0.7522522522522521,0.5018312782322061,0.4951933306590858,0.4997558295690392
0.5206404803602703,0.5277777777777777,0.7530030030030029,0.5018609274988227,0.4952386765962642,0.4997261803024225
0.9662246685013762,0.2394894894894894,0.7482482482482482,0.5275912586985716,0.5296510106911767,0.3374121422467168
0.2959719789842383,1.0,0.0,0.0,0.9578352547220818,1.0
0.464348261195897,0.4539539539539539,0.6624124124124124,0.3395643301881856,0.4743324554824982,0.4650068890943021
0.5203902927195397,0.5277777777777777,0.7527527527527527,0.5017702356244659,0.4951165913807838,0.499694786961299
0.4893670252689518,0.7199699699699699,0.6856856856856857,0.4905226991297068,0.5278964717372726,0.0
0.4018013510132601,1.0,0.299049049049049,0.0,1.0,0.6706751312416066
1.0000000000000002,0.9396896896896896,1.0,0.5740150339222492,0.0141322357291103,0.9911645185482324
0.4635976982737054,0.6764264264264264,0.4121621621621621,1.0,1.0,0.3497287964141828
0.6567425569176885,0.5257757757757757,0.5893393393393394,0.5580515199609327,0.4296335699461081,0.625320473690636
0.5561671253440081,0.528028028028028,0.6846846846846846,0.6198423356645796,0.0,0.7998569858904372
0.0037528146109582,0.9416916916916916,0.0,0.0007011179517588,0.7962851213003819,0.1056037113905506
0.2286715036277208,0.3926426426426426,0.272022022022022,0.3907947747527774,0.0,0.0
0.4866149612209158,0.6771771771771771,0.571071071071071,0.0,0.2055008109946457,0.4659539215515287
0.198148611458594,0.991241241241241,0.0,0.0,0.4552854177930481,0.907122800286028
0.5051288466349764,0.679179179179179,0.5905905905905906,1.0,0.8233740865409771,0.4288853619826639
0.0,0.392142142142142,0.0825825825825826,0.7453459371784362,0.9653731447407432,0.2383870798960531
0.3967975981986491,0.4296796796796796,0.9429429429429428,0.0349006749568341,9.06918743569518e-05,0.5090656992866736
0.5203902927195397,0.5277777777777777,0.7527527527527527,0.5018155815616443,0.495254373266826,0.4997104836318607
0.5206404803602703,0.5272772772772771,0.7525025025025025,0.5018923208399463,0.495177633988524,0.4997261803024225
0.5141356017012761,0.5440440440440439,0.775025025025025,0.4490294225369308,0.4803442803076547,0.0
0.4548411308481362,0.7114614614614614,0.542042042042042,0.0,0.2989256501037724,0.3575718994715454
0.5161371028271204,0.6443943943943943,0.7625125125125125,0.9128625494881142,0.5127579050177024,0.501374330711408
0.3892919689767327,0.4732232232232231,0.3403403403403403,0.6738336501735354,1.0,1.0
0.5326494871153367,0.6168668668668668,0.7667667667667667,0.2146415054851143,0.426427961002494,0.4529971920400439
0.5201401050788093,0.5275275275275274,0.7527527527527527,0.5018609274988227,0.495177633988524,0.4998011755062176
0.3720290217663248,0.5965965965965965,0.8055555555555555,0.6255646441215968,1.0,0.3501403979978025
0.5048786589942458,0.7359859859859859,0.5252752752752753,0.7917993616687304,0.5691455778990878,0.5566632366534698
0.8643982987240433,0.8323323323323322,0.7502502502502502,0.5158867746830145,0.5030678270575719,1.0
0.2737052789592195,0.6016016016016015,0.7312312312312312,0.4341193295777595,1.0,0.2587439175401573
0.5206404803602703,0.5275275275275274,0.7530030030030029,0.5019219701065629,0.4951933306590858,0.4996790902907372
0.3860395296472355,0.6856856856856856,0.7302302302302301,0.478329874252228,0.4942619948724209,0.9926905837417376
0.5206404803602703,0.5272772772772771,0.7522522522522521,0.5018312782322061,0.495177633988524,0.4997104836318607
0.5211408556417314,0.5275275275275274,0.7522522522522521,0.5018155815616443,0.495177633988524,0.4996651376946823
0.6627470602952216,0.5978478478478477,0.6036036036036035,0.4908593055095314,0.0001377818860421,0.7715942585067234
0.5664248186139607,0.4849849849849849,0.6278778778778779,0.3980134991366831,0.0,0.9864328444111132
0.5078809106830124,0.4799799799799799,0.7404904904904904,0.6881333170553046,0.6014074681270384,0.4618187208957566
0.7307980985739306,0.6313813813813813,0.4124124124124124,0.371078012452692,0.0125904738650435,0.5447599281441303
0.4430823117338004,0.5050050050050049,0.6664164164164164,0.4803442803076547,0.0,0.8617227967978792
0.732799599699775,0.3128128128128127,0.7655155155155156,0.505586270645482,0.4805117114603136,0.3564120899244816
0.3340005003752815,0.8976476476476476,0.1471471471471471,1.0,1.0,1.0
0.7990993244933702,0.5450450450450449,0.7630130130130129,0.4559429338821354,0.4814883931841568,1.0
0.8023517638228673,0.5042542542542542,0.7412412412412412,0.4975269023492684,0.5230741057257966,1.0
0.5691768826619966,0.5427927927927927,0.8123123123123123,0.4720581823255489,0.5491236025603013,1.0
0.8088566424818615,0.8876376376376376,1.0,1.0,0.9921708495386924,0.2506566440518338
0.5206404803602703,0.5277777777777777,0.7525025025025025,0.5019533634476865,0.495100894710222,0.4997401328984774
0.3892919689767327,0.4857357357357356,0.6341341341341341,0.6928946404590404,0.0426687828104016,0.6520414392102831
0.4463347510632976,0.7262262262262261,0.8275775775775776,0.0,0.4918499398294295,0.3476219544098924
0.3124843632724544,0.5835835835835835,0.9149149149149148,0.582988297260059,0.7787972862200674,0.2403700926103563
0.5168876657493121,0.6298798798798798,0.7802802802802802,1.0,0.675085895669463,0.468151455430176
0.6629972479359522,0.4066566566566565,0.7572572572572571,0.5046845841254338,0.4963827894727662,0.4353558784031254
0.3742807105328998,0.6724224224224222,0.7169669669669669,0.3849503810802798,0.4544779112963706,9.06918743569518e-05
0.5101325994495873,0.7242242242242241,0.4672172172172172,0.9527076756719048,0.6754207579747806,0.6663864520292306
0.5048786589942458,0.4877377377377376,0.7640140140140139,0.9475190540139876,0.5948759090988367,0.509186040427647
0.5949462096572431,0.5150150150150149,0.551051051051051,0.3961054816261751,0.0,0.7431327066292273
0.7590693019764825,0.7122122122122121,0.7294794794794794,0.5656208033207178,0.6056804506688526,1.0
0.7823367525644235,0.4306806806806806,0.7832832832832832,0.5132008999424456,0.5133683310951044,0.4362558208486666
0.2431823867900926,0.6108608608608608,0.6541541541541541,0.4619390620367302,1.0,0.2514798472190732
0.5203902927195397,0.5277777777777777,0.7527527527527527,0.5018016289655894,0.495177633988524,0.4997715262396009
0.5331498623967977,0.5107607607607607,0.7657657657657657,0.9895617140764252,0.6075413781676753,0.4551022899698275
0.3922942206654992,0.7247247247247246,0.7917917917917918,0.0,0.4951619373179622,0.4349896227566842
0.6614961220915688,0.5310310310310309,0.7407407407407407,0.5060885641034585,0.4633447860892617,0.3818058147444059
1.0000000000000002,1.0,0.0032532532532533,0.9846626087866474,0.7333955386574115,1.0
0.4088066049537154,0.7262262262262261,0.601101101101101,0.0,0.277210178418822,0.587046758637529
0.0,0.8878878878878878,0.5798298298298298,0.0,0.4865095836894152,0.7432094459075291
0.5196397297973482,0.6586586586586586,0.7404904904904904,0.5394038753335543,0.5560667631721227,1.0
0.5116337252939707,0.6033533533533533,0.6446446446446445,1.0,0.6938556255123218,0.498078029893437
0.0,1.0,0.0763263263263263,0.2188987913563667,0.4046357500392417,0.0
0.4420815611708782,0.797047047047047,0.5495495495495495,0.0,0.2954305247920191,0.4054606972809878
0.5203902927195397,0.5275275275275274,0.7522522522522521,0.5018766241693845,0.495100894710222,0.4997261803024225
0.5198899174380787,0.5275275275275274,0.7532532532532532,0.5017859322950277,0.4951165913807838,0.4997261803024225
0.5203902927195397,0.5275275275275274,0.7527527527527527,0.5018312782322061,0.4951933306590858,0.4997104836318607
0.5206404803602703,0.5275275275275274,0.752002002002002,0.5019080175105081,0.4951619373179622,0.499694786961299
0.4733550162621968,0.512012012012012,0.6629129129129129,0.5033869926923278,0.0,0.8332158989832046
0.5201401050788093,0.5275275275275274,0.7525025025025025,0.5017859322950277,0.4952229799257024,0.4997104836318607
0.5203902927195397,0.5275275275275274,0.7525025025025025,0.5018312782322061,0.4952229799257024,0.4996790902907372
0.8096072054040533,0.6969469469469468,0.6919419419419419,0.3930376545686032,0.4115196121178296,0.0
0.5203902927195397,0.5275275275275274,0.7527527527527527,0.5017859322950277,0.4951619373179622,0.4997261803024225
0.8769076807605707,0.7012012012012011,0.0,1.0,0.0,0.0
0.5203902927195397,0.5275275275275274,0.7522522522522521,0.5018312782322061,0.4952229799257024,0.4996651376946823
0.4858643982987242,0.6811811811811811,0.7354854854854854,1.0,0.7269721122486352,0.4665486509583689
0.6925193895421567,0.5505505505505505,0.7517517517517517,0.5352215846660969,0.5245391283115615,1.0
0.6254691018263699,0.588088088088088,0.7812812812812813,0.4701955107522193,0.508118666829447,1.0
0.5203902927195397,0.5275275275275274,0.7522522522522521,0.5018469749027679,0.495254373266826,0.4997104836318607
0.6047035276457344,0.5240240240240239,0.6301301301301301,0.5117969199644209,0.9777037515042644,0.4227357552714652
0.5073805354015513,1.0,0.1661661661661662,0.0,1.0,0.3370162373336589
0.6054540905679261,0.5663163163163162,0.5452952952952953,0.4024085668939777,0.7229119067966583,0.6123637441791513
0.5296472354265701,0.4567067067067066,0.8010510510510509,0.3837748748626541,0.3155449360796694,0.5017702356244659
0.4318238679009258,0.5087587587587586,0.7489989989989989,0.5164501107487312,0.5330083541168879,0.2987721715471685
0.2919689767325495,0.9694694694694692,0.8455955955955955,0.0,0.0,1.0
0.6342256692519391,0.5272772772772771,0.7412412412412412,0.4644888989657638,0.5090029126044264,1.0
0.5208906680010009,0.5277777777777777,0.7532532532532532,0.5018609274988227,0.4951462406474005,0.4997854788356559
0.5303977983487617,0.5825825825825824,0.7995495495495495,0.4363325601269686,0.4681043654184906,1.0
0.651988991743808,0.4917417417417417,0.7755255255255256,0.5036172105272337,0.5213806093796327,1.0
0.0,0.9909909909909907,0.0,1.5696670561837767e-05,0.1858747405689171,0.0
0.4210657993495122,0.9216716716716716,0.824074074074074,0.0,0.1286324711791687,0.5732057833510648
0.3922942206654992,0.593093093093093,0.7742742742742742,0.5737848160873432,0.5745940666585276,0.9986117166925372
0.649236927695772,1.0,0.6909409409409408,1.0,0.6860892617332612,0.0
0.5664248186139607,0.61011011011011,1.0,0.8843696042694944,0.4290981390725011,0.4004081134346059
0.5574180635476609,0.4612112112112111,0.6328828828828829,0.5148647470219928,0.0,0.9796117690147724
0.7035276457343009,0.6809309309309308,0.7707707707707707,0.528018556952753,0.5184959101452814,1.0
0.5228921691268452,0.7682682682682681,0.6589089089089089,0.0,0.2280551825173971,0.4831068943265256
0.3902927195396548,0.6579079079079078,0.7159659659659658,0.4862811099290162,0.4310375499241328,0.0
0.1738804103077308,0.4729729729729729,0.7139639639639639,0.4873188342605996,0.5591502869002564,0.8001621989291383
0.5206404803602703,0.5275275275275274,0.7527527527527527,0.5018609274988227,0.4952229799257024,0.4997261803024225
0.6710032524393297,0.4186686686686686,0.7585085085085085,0.5013429373702845,0.4945375586445052,0.7823674067356158
0.5196397297973482,0.5277777777777777,0.7537537537537538,0.5017545389539041,0.4954218044194848,0.4997401328984774
0.5178884163122343,0.5110110110110109,0.6026026026026026,0.4991157542250204,0.0,0.7711669602525419
0.6815111333500127,0.4707207207207206,0.7705205205205206,0.4891047665556272,0.4835795385178855,0.8894971833196714
0.5183887915936954,0.6834334334334333,0.3390890890890891,0.4729267314299666,0.4382702269040933,0.7015783874287109
0.5206404803602703,0.5277777777777777,0.7522522522522521,0.5018312782322061,0.4952090273296475,0.4997558295690392
0.8183637728296225,0.8716216216216215,0.7439939939939939,0.3257233549017214,0.2688316444878526,0.0
0.4113084813610209,0.6734234234234233,0.9844844844844844,0.0,0.4658928789437885,0.444801785932295
0.5243932949712286,0.537037037037037,0.7695195195195195,0.5596543244327398,0.4756126061705356,0.4930254460470551
0.247935951963973,0.6266266266266265,0.4819819819819819,0.0,0.0,0.0
0.5201401050788093,0.5277777777777777,0.7527527527527527,0.5017859322950277,0.4952386765962642,0.4997261803024225
0.6039529647235428,0.3718718718718717,0.7510010010010009,0.770251321136439,0.3911767270697804,0.4156234194324781
0.158869151863898,0.6916916916916915,0.7374874874874874,0.5922964229031864,0.5135357622477632,0.7676107923330484
0.4530898173630224,1.0,1.0,0.0,0.6674398730313759,0.5449587526379127
0.0,0.352102102102102,0.2597597597597598,0.4731116033276941,0.0,0.005432792088878
0.6795096322241683,0.5362862862862862,0.7565065065065064,0.5252559429338821,0.4778572300608682,1.0
0.3360020015011259,1.0,0.4146646646646647,0.0,1.0,0.8504456110365035
0.5113835376532401,0.5435435435435434,0.7607607607607607,0.3057624221706751,0.4410781868601426,0.445565690566301
0.5203902927195397,0.5275275275275274,0.7525025025025025,0.5018766241693845,0.4952229799257024,0.4997558295690392
0.3845384038028522,0.586086086086086,0.8803803803803802,0.4492735929678916,1.0,0.2818790658736941
0.5206404803602703,0.5277777777777777,0.7527527527527527,0.5018155815616443,0.4951322880513455,0.4997715262396009
0.3347510632974732,0.518018018018018,0.6739239239239239,0.6444564591799362,0.0840713675288208,0.7049810767916005
0.0,1.0,0.3878878878878878,0.0,0.504288679212376,0.0
0.4503377533149864,0.4827327327327326,0.7932932932932932,0.4843434431518914,0.9544011720180686,0.3034584997471092
0.0,1.0,0.1656656656656657,0.541798489631477,0.5860700769136857,0.0
0.2409306980235177,0.5788288288288287,0.7632632632632632,0.4956502781798838,0.4926295411339972,0.5595775851544378
0.4295721791343508,0.5645645645645645,0.7597597597597596,0.4851823429896925,0.4630395730505607,0.0
0.3079809857393045,0.6288788788788788,0.0,0.8196033974571393,0.4769415909447652,0.1235955840033486
0.5208906680010009,0.5275275275275274,0.7525025025025025,0.5018312782322061,0.4951462406474005,0.4997261803024225
0.3540155116337254,0.7157157157157156,0.0,1.0,0.4930707919842336,0.5139630605019446
0.2391793845384039,0.5625625625625624,0.7017017017017017,0.6318066867816593,0.4915918168024138,0.5181750004360186
0.9191893920440332,0.5763263263263262,0.75,0.4895774107469871,0.489896576381743,0.0019237141810698
0.5206404803602703,0.5275275275275274,0.7525025025025025,0.5018469749027679,0.4952090273296475,0.4997261803024225
0.5201401050788093,0.5275275275275274,0.7525025025025025,0.5018016289655894,0.4952090273296475,0.499694786961299
0.5336502376782588,0.5513013013013012,0.7057057057057057,1.0,0.5646755149379982,0.5076006767009087
0.3202401801351014,0.5825825825825824,0.7502502502502502,0.6417705844393673,0.7241188063554075,0.3580305910668504
0.5203902927195397,0.5277777777777777,0.7522522522522521,0.5018016289655894,0.4952229799257024,0.4997261803024225
0.4473355016262198,0.839089089089089,0.0,1.0,0.0458586950834539,1.0
0.5206404803602703,0.5277777777777777,0.7522522522522521,0.5019080175105081,0.4952229799257024,0.4997558295690392
0.4155616712534402,0.4689689689689689,0.6581581581581581,0.5550604321816628,0.0,0.6598705896715907
0.4213159869902428,1.0,0.0,0.4023771735528542,0.1531715994907302,0.3017022167186982
0.5201401050788093,0.5275275275275274,0.7530030030030029,0.5018469749027679,0.4952229799257024,0.4996790902907372
0.3502626970227672,0.5012512512512511,0.7562562562562563,0.5000156966705618,0.4981076791600537,0.7867014318851702
0.4380785589191895,0.4512012012012011,0.8408408408408408,0.4414287458360221,1.0,0.1332717093674242
0.7137853390042533,0.4376876876876876,0.7777777777777777,0.500915639116103,0.5140711931213702,0.9542023475242862
0.5128846634976234,0.7322322322322321,0.4204204204204204,0.5497043793710867,0.5868636308143084,0.5973472626750614
0.5313985489116839,0.7032032032032031,0.7515015015015014,0.0,0.1937038910302247,0.6198580323351414
0.4763572679509633,0.7650150150150149,0.4904904904904905,0.9986570626297157,0.7166245181994175,0.5431117777351449
0.4921190893169879,0.4294294294294293,0.6944444444444444,0.1979454802309155,1.0,0.2127631372412229
0.646985238929197,0.8673673673673672,0.5778278278278278,0.6210788844899454,0.5294835795385179,1.0
0.0642982236677509,0.7972972972972971,0.247997997997998,1.0,1.0,0.9835795385178854
0.8556417312984741,0.3856356356356356,0.725975975975976,0.4781170971623907,0.4424525175715507,0.0
0.7885914435826872,0.5745745745745745,0.7690190190190189,0.5207387899611071,0.4875787013621221,0.0
0.5293970477858395,0.7484984984984984,0.5327827827827828,1.0,0.6558871234979158,0.523196190941277
0.5416562421816363,0.5645645645645645,0.577077077077077,0.3254634878001988,0.0,0.7609728447599281
0.1923942957217914,1.0,0.3581081081081081,1.0,0.6814796728116226,0.0
0.5203902927195397,0.5277777777777777,0.7527527527527527,0.5019219701065629,0.4951462406474005,0.4997261803024225
0.5201401050788093,0.528028028028028,0.7530030030030029,0.5018609274988227,0.495177633988524,0.4997401328984774
0.4921190893169879,0.7317317317317316,0.532032032032032,0.1395590979646651,0.5420130107958212,0.4802378917627361
0.0705529146860145,0.7640140140140139,0.0,1.0,0.120192894640459,1.0
0.5789342006504881,0.5503003003003002,0.7557557557557557,0.5295899680834365,0.5222491584840504,1.0
0.9877408056042034,1.0,0.9436936936936936,1.0,0.0,0.3245478486840958
0.5206404803602703,0.5645645645645645,0.8506006006006005,0.0011598095470639,0.4129985872996494,0.4762247763224445
0.4050537903427572,0.5362862862862862,0.7507507507507507,0.5576538709733679,0.4466330641645011,0.5056002232415369
0.5766825118839131,0.6551551551551551,0.4669669669669669,0.0,0.1852486178209533,0.5573347053386121
0.5504128096072055,0.6801801801801801,0.4464464464464464,0.2773322636343024,0.4704100319165635,0.5313445070373406
0.5203902927195397,0.5277777777777777,0.7525025025025025,0.5018469749027679,0.4951619373179622,0.4997715262396009
0.4455841881411059,0.3253253253253252,0.7007007007007007,0.3186424124038579,0.5499625023981024,0.5220206847236514
0.988491368526395,0.7472472472472471,0.6971971971971972,0.386614228159827,0.4168896175244606,0.0
0.4545909432074057,0.7372372372372371,0.6651651651651651,1.0,0.6031620070809425,0.536060484503898
0.5334000500375283,0.559059059059059,0.7680180180180181,1.0,0.6312416066414357,0.4722709594153862
0.3087315486614962,0.6844344344344343,0.7910410410410409,0.5352669306032753,0.5240211381830232,1.0
0.5384038028521393,0.7044544544544543,0.4019019019019019,1.0,0.8756248146920836,0.3554354082006383
0.7558168626469854,0.7394894894894893,0.7092092092092092,0.4935905261872787,0.4942323456058042,0.0
0.5073805354015513,0.6418918918918918,0.6431431431431431,1.0,0.4960775764340652,0.5465912063763364
0.560170127595697,0.7279779779779778,0.4126626626626626,1.0,0.7277342728081344,0.4434135026248321
0.1686264698523893,0.543043043043043,0.544044044044044,0.6504386347384761,0.3973716797181575,0.6028567940422415
0.0,1.0,0.0,7.67392783019849e-05,0.3044351814709524,0.9015068803739296
0.4991243432574432,0.5585585585585585,0.7815315315315314,1.0,0.6456023161309451,0.5534733243804175
0.5203902927195397,0.5277777777777777,0.7530030030030029,0.5018016289655894,0.4951462406474005,0.4997261803024225
0.1113335001250939,0.6846846846846846,0.6093593593593594,0.4589479742574602,0.5371452988471668,0.0
0.4878658994245685,0.6293793793793793,0.7224724724724725,1.0,0.7006017057048677,0.4824354256413834
1.0000000000000002,0.618118118118118,0.301051051051051,1.0,0.0,0.0
0.6672504378283715,0.5833333333333333,0.7104604604604604,0.5139473638313828,0.5385632314212463,0.0
0.1708781586189642,0.7227227227227226,0.7472472472472472,0.4093674241763608,0.4781310497584456,0.0020597519926051
0.6517388041030775,1.0,0.9637137137137136,0.0,1.0,1.0
0.443332499374531,0.7314814814814814,0.7277277277277276,1.0,0.8163524425763469,0.4994192231892146
0.4906179634726046,0.4792292292292291,0.78003003003003,0.3869037445279662,0.4415211817848858,0.5144060554266878
1.0000000000000002,0.4024024024024023,0.7112112112112111,0.5089732633378098,0.5399375621326543,0.0
0.5193895421566176,0.6809309309309308,0.4552052052052052,0.164905732772904,0.4532727558121283,0.4893628895826429
0.6765073805354017,0.5760760760760759,1.0,0.5924481573852834,0.4846486561905924,0.6535535518077332
0.184888666499875,0.9106606606606604,0.0302802802802803,1.0,0.0,0.4256954497096116
0.4701025769326996,0.7222222222222221,0.5242742742742742,0.7258576486387498,0.6121038770776288,0.4875473080209986
0.5201401050788093,0.5272772772772771,0.7525025025025025,0.5018312782322061,0.495177633988524,0.4997558295690392
0.8731548661496125,0.5500500500500499,0.7327327327327327,0.5157943387341507,0.4669306032753719,0.023501403979978
0.513635226419815,0.6418918918918918,0.6383883883883883,0.4551633325775677,0.274920208591311,0.0
0.2694520890668002,0.6386386386386386,0.8173173173173172,0.5442262413450303,0.5396166524233915,0.3332315956537663
0.5203902927195397,0.5275275275275274,0.752002002002002,0.5018469749027679,0.4951322880513455,0.499694786961299
0.5201401050788093,0.528028028028028,0.7527527527527527,0.5018766241693845,0.4951322880513455,0.4997104836318607
0.4140605454090569,0.6468968968968968,0.6091091091091091,0.4011877147391737,0.5030521303870101,0.0
0.4991243432574432,0.7027027027027026,0.7057057057057057,0.0,0.4578962973298219,0.4535012295725273
0.3029772329246936,0.8653653653653652,0.0225225225225225,1.0,0.0,0.7307864031951445
0.4988741556167126,0.5237737737737737,0.7587587587587588,0.4767724157175994,0.4788496084552732,1.0
0.6072054040530399,0.4734734734734734,0.5993493493493494,0.537434815215306,0.0,0.7743551284510874
0.5203902927195397,0.5275275275275274,0.752002002002002,0.5017545389539041,0.4952386765962642,0.4997401328984774
0.5203902927195397,0.5275275275275274,0.7525025025025025,0.5018609274988227,0.4952090273296475,0.4996494410241205
0.751563672754566,0.417167167167167,0.7727727727727727,0.4965659172959868,0.4688682700524966,0.4826325060606589
0.5021265949462098,0.6921921921921921,0.492992992992993,1.0,0.6509897622826447,0.5914261297242618
0.3697773329997499,0.5608108108108107,0.8693693693693694,0.379105987407782,1.0,0.1526518652876851
0.2854640980735553,0.7494994994994993,0.6789289289289289,0.4551947259186912,0.4741475835847707,1.0
0.6710032524393297,0.4799799799799799,0.7492492492492492,0.5088511781223294,0.5004429949247432,1.0
0.3897923442581937,0.638138138138138,0.7297297297297297,0.4208277377609571,0.4956502781798838,0.0034026893628896
0.6339754816112085,0.5705705705705705,0.6889389389389389,0.4698449517763399,0.215663533146136,0.6469452535012296
0.8596447335501628,1.0,0.0,0.0,0.9998936114550814,0.3290196557196924
0.3660245183887917,0.5700700700700699,0.75,0.4641226433193226,0.4961386190418054,0.4928423182238345
0.5228921691268452,0.5295295295295295,0.7630130130130129,0.1994105028166803,0.4153635523309555,0.5063641278755429
0.5674255691768828,0.583083083083083,0.7494994994994995,0.4900954008755254,0.4791530774194673,0.0
0.5541656242181637,0.4537037037037036,0.612112112112112,0.4388806529814953,0.0,0.9407729738214416
1.0000000000000002,1.0,1.0,1.0,0.0,0.2664056368488061
0.6895171378533902,0.9329329329329328,0.6281281281281281,0.3413345658126515,0.4598793100441251,0.0
0.4788591443582688,0.4954954954954954,0.812062062062062,0.3735040200917383,0.0,0.7611559725831487
0.513635226419815,0.4974974974974974,0.7735235235235235,0.3880932033416467,0.3762352407694856,0.5530146327851125
0.5203902927195397,0.5277777777777777,0.7522522522522521,0.5018609274988227,0.4952386765962642,0.499694786961299
0.5016262196647487,0.4296796796796796,0.864114114114114,0.2418961578038613,0.4413066606205417,0.5495055548773043
0.5208906680010009,0.5277777777777777,0.7532532532532532,0.5017702356244659,0.4951462406474005,0.4997261803024225
0.4956217162872155,0.6889389389389389,0.4476976976976977,0.5518705199086105,0.5018469749027679,0.5102394614297923
0.5206404803602703,0.5275275275275274,0.7525025025025025,0.5018312782322061,0.4952386765962642,0.4997715262396009
0.7190392794595949,0.4604604604604603,0.7547547547547546,0.5001063885449186,0.5094459075291696,0.2404921778258367
0.0,0.9902402402402402,0.0,0.8494532326420985,0.3693531227654045,0.0084692258053263
0.2561921441080811,0.6118618618618618,0.7287287287287287,0.4737516786717128,1.0,0.2964542965275477
0.1120840630472855,0.8903903903903903,0.0,0.0,0.0,0.3897117044840156
0.177132849637228,0.6488988988988988,0.8308308308308308,1.0,1.0,0.4321659661300731
0.4645984488366276,0.7069569569569568,0.4997497497497497,0.0,0.2090866281807559,0.5776758463121544
0.5206404803602703,0.5275275275275274,0.7525025025025025,0.5018766241693845,0.4951619373179622,0.4997104836318607
0.1055791843882913,0.3668668668668667,0.57007007007007,0.1661736749393934,0.0,0.7887629279522821
0.4555916937703279,0.7359859859859859,0.544044044044044,0.8648220171965746,0.5954252925684985,0.6040776461970455
0.3284963722792094,0.6023523523523522,0.825075075075075,0.537206341454907,0.4908279121684078,0.0023353157646894
0.4335751813860397,0.6356356356356355,0.9967467467467468,0.0,0.5087447895774108,0.2425222805518251
0.5203902927195397,0.5275275275275274,0.7527527527527527,0.5017859322950277,0.495254373266826,0.499694786961299
0.5876907680760571,0.5422922922922921,0.7757757757757757,0.4135026248321328,1.0,0.4562481469208365
0.4530898173630224,0.584084084084084,0.7262262262262262,0.566140537523763,0.5748225404189267,1.0
0.0277708281210909,0.9867367367367366,0.1984484484484485,0.073800512757905,0.2435896541500253,0.0
0.2559419564673506,0.5805805805805805,0.8113113113113113,0.0006400753440187,0.0,1.0
0.4575931948961722,0.7422422422422421,0.542042042042042,0.0,0.2648342257181227,0.5152763486056124
0.5203902927195397,0.5277777777777777,0.7527527527527527,0.5018312782322061,0.4951933306590858,0.4997558295690392
0.5203902927195397,0.5275275275275274,0.7522522522522521,0.5018312782322061,0.4951462406474005,0.4997261803024225
0.0,1.0,0.0,0.0011144636098854,0.7789943666393429,0.0
0.3507630723042283,0.8050550550550549,0.7347347347347346,1.0,1.0,0.3921220154525001
0.3927945959469603,0.4964964964964964,0.6791791791791791,0.5265238851003715,0.0,0.7610338873676683
0.3687765824368277,0.5437937937937937,0.736986986986987,0.6202242879815826,0.5990407590212253,0.4158379405968223
0.510883162371779,0.4281781781781781,0.7832832832832832,0.0049287545563946,0.522739243420479,0.3789525088511781
0.6680010007505631,0.5560560560560559,0.7044544544544544,0.5739069013028236,0.1362314038055705,0.7911278929835883
0.8236177132849638,0.8063063063063062,0.7354854854854854,0.4908732581055863,0.5171826220416136,1.0
0.6532399299474607,0.5983483483483483,0.5668168168168168,0.5677886879327485,0.2956293492858015,0.6352407694856724
1.0000000000000002,1.0,1.0,1.0,0.0001377818860421,0.3331862497165879
0.5206404803602703,0.5275275275275274,0.7527527527527527,0.5018312782322061,0.4952090273296475,0.4996790902907372
0.7468101075806857,0.5535535535535534,0.7037037037037036,0.4911645185482324,0.5232868828156338,0.1841498508816297
1.0000000000000002,0.2329829829829829,0.7474974974974975,0.5072030277133439,0.5241275267279418,0.5494288155990024
0.9992494370778086,0.617117117117117,0.0307807807807807,0.0,0.0,9.06918743569518e-05
0.5206404803602703,0.528028028028028,0.7527527527527527,0.5018312782322061,0.4951462406474005,0.4997104836318607
0.4580935701776333,0.5155155155155154,0.7885385385385384,0.3257076582311596,1.0,0.1377731656696374
0.5481611208406306,0.502002002002002,0.7532532532532532,0.2123829289987268,0.4331129985872997,0.458124771090221
0.5203902927195397,0.5272772772772771,0.7522522522522521,0.5018155815616443,0.495254373266826,0.4997715262396009
0.3537653239929949,0.5472972972972971,0.8023023023023023,0.5533669358354989,0.5200062786682247,0.3660411252768718
0.4698523892919691,0.5300300300300299,0.7652652652652652,0.5306730383521984,0.5080733208922685,0.906528070879188
0.5201401050788093,0.5277777777777777,0.7527527527527527,0.5019080175105081,0.4952090273296475,0.4996790902907372
0.4323242431823869,0.5795795795795795,0.7472472472472472,0.4415368784554476,0.3714285714285714,0.0
0.5206404803602703,0.5277777777777777,0.7530030030030029,0.5018609274988227,0.495177633988524,0.4997715262396009
0.5681761320990745,0.6771771771771771,0.7129629629629629,0.4104347977745609,0.4022097424001953,0.0
0.1998999249437079,0.6611611611611611,0.7915415415415414,0.5916563475591677,0.5224340303817779,0.9279993721331776
0.5008756567425571,0.7317317317317316,0.6766766766766766,1.0,0.6765509182552278,0.3672009348239357
0.6634976232174132,0.617117117117117,0.7617617617617617,0.5379074594066658,0.5220817273313916,1.0
0.4425819364523394,0.8653653653653652,0.1889389389389389,0.0,1.0,0.2271848893384725
0.6549912434325746,0.5277777777777777,0.5890890890890891,0.4304567731133474,0.9989326264017998,0.420689955874915
0.2581936452339255,0.6974474474474474,0.7852852852852852,0.5560981565132462,0.4186912464900501,0.4070321084116713
0.5038779084313236,0.7254754754754753,0.6541541541541541,0.0,0.2533111254512793,0.4376458482306364
0.0,1.0,0.2677677677677678,0.1609379632697909,0.7634598950067146,0.0
0.4933700275206406,0.7352352352352352,0.5055055055055054,1.0,0.772616286167745,0.5162826795960723
0.8446334751063299,0.9659659659659658,0.7202202202202201,0.4389730889303591,0.4110766171930865,0.0
0.4445834375781837,0.5808308308308308,0.6008508508508508,0.5302614367685787,0.5327955770270506,0.582758079425153
0.6057042782086566,0.7077077077077076,0.5262762762762763,1.0,0.7056839388178663,0.4012034114097354
0.0452839629722292,0.6839339339339339,0.7807807807807807,0.5624151943771037,0.537434815215306,0.9870903605002006
0.5203902927195397,0.5275275275275274,0.7522522522522521,0.5018609274988227,0.495254373266826,0.4997104836318607
0.349261946459845,0.4937437437437436,0.6146146146146145,0.6129445209899367,0.1681880809948201,0.7113452046671433
0.4968726544908682,0.6448948948948947,0.7747747747747746,1.0,0.6177825836719745,0.506119957444582
0.002752064048036,0.5658158158158157,0.2457457457457457,1.0,1.0,0.3825836719744667
0.5626720040030024,0.6238738738738737,0.7457457457457457,0.5093691682508676,0.5051118823796152,1.0
0.0537903427570678,1.0,0.3761261261261261,1.0,0.0,0.0
0.495371528646485,0.6811811811811811,0.5553053053053053,0.0,0.1404136944730279,0.526720965519647
0.5699274455841883,0.4999999999999999,0.6791791791791791,1.0,0.649203829987617,0.5014493259152031
0.5206404803602703,0.5275275275275274,0.752002002002002,0.5018016289655894,0.4951322880513455,0.4997104836318607
0.4918689016762573,0.6146146146146145,0.7262262262262262,1.0,0.5664300538919023,0.4313113696217102
0.6217162872154117,0.4764764764764764,0.7502502502502502,0.5164658074192929,0.5120096970542581,1.0
0.5439079309482113,0.4534534534534534,0.6691691691691691,0.4503566632366534,0.0,1.0
0.4691018263697775,0.6819319319319318,0.4146646646646647,0.6138444634354779,0.5667038735894797,0.555198214067705
0.5206404803602703,0.5277777777777777,0.7530030030030029,0.5018469749027679,0.4951933306590858,0.4997715262396009
0.5203902927195397,0.5277777777777777,0.7525025025025025,0.5018923208399463,0.4951933306590858,0.4998168721767794
0.1763822867150363,1.0,0.6103603603603603,1.0,1.0,0.0
0.5243932949712286,0.7284784784784784,0.5397897897897898,1.0,0.6081971501822558,0.5909988314700804
0.5203902927195397,0.5287787787787787,0.7537537537537538,0.5021207946003453,0.4948881176203847,0.4997558295690392
0.4245684263197399,0.6251251251251251,0.7439939939939939,0.5079808849434048,0.5248443413502625,1.0
0.4390793094821117,0.5032532532532532,0.7647647647647646,0.3957392259797339,1.0,0.1681270383870799
0.495371528646485,0.7672672672672671,0.571071071071071,1.0,0.5680921568969426,0.6449308474458029
1.0000000000000002,0.4024024024024023,0.7207207207207207,0.5211207422781101,0.5564330188185639,0.144458203254443
0.4543407555666751,0.5538038038038037,0.7890390390390389,0.5674067356157455,0.9973141252594312,0.2418054659295045
0.2852139104328247,0.6451451451451451,0.7972972972972973,0.6025969269407189,0.999923260721698,0.2911732389207667
0.0,0.7822822822822821,0.5252752752752753,0.0,0.0,0.2345256989378586
0.4933700275206406,0.7487487487487486,0.534034034034034,0.0,0.4251164169733331,0.4915604234612902
0.409557167875907,0.5648148148148147,0.7672672672672671,0.4969025236758114,0.449929364982472,0.0011598095470639
1.0000000000000002,1.0,1.0,0.8052897779793153,0.0130788147269652,0.9857003331182308
0.0135101325994496,0.777027027027027,0.6876876876876876,0.0,0.4331286952578614,0.467692763834871
0.5206404803602703,0.5275275275275274,0.7530030030030029,0.5018155815616443,0.4952090273296475,0.4998011755062176
0.5206404803602703,0.5272772772772771,0.752002002002002,0.5018155815616443,0.4951933306590858,0.4997401328984774
0.3382536902677009,0.5618118118118117,0.8508508508508508,0.5327502310898722,1.0,0.340832272354675
0.4460845634225671,0.4629629629629629,0.539039039039039,0.5233025794861956,0.0,0.7646650504909569
0.6772579434575934,0.4782282282282281,0.694944944944945,0.5126968624099622,0.999161100162199,0.4525698937858625
0.6772579434575934,0.61011011011011,0.7167167167167167,0.5210596996703699,0.5293614943230375,1.0
0.3975481611208407,0.527027027027027,0.8085585585585585,0.6354082006383313,0.6996250239810244,0.3922144514013638
0.6422316737553166,0.6056056056056055,0.5302802802802803,0.4839754434309433,0.36143328042974,0.620880059996163
0.9942456842631976,1.0,0.0095095095095095,0.0,1.0,0.0785775328322025
0.4065549161871404,0.5215215215215214,0.7642642642642642,0.5146345291870869,0.4974065612082948,0.3126288435041945
0.5206404803602703,0.5272772772772771,0.7522522522522521,0.5018016289655894,0.4952997192040044,0.4997401328984774
0.4530898173630224,0.5422922922922921,0.6974474474474475,0.5585398608228543,0.0,0.7213561923365366
0.5203902927195397,0.5275275275275274,0.7525025025025025,0.5018923208399463,0.495254373266826,0.4998325688473412
0.4663497623217414,0.6609109109109108,0.7432432432432432,1.0,0.723386295062525,0.5400439506775729
0.5171378533900427,0.624124124124124,0.4036536536536536,0.4687915307741946,0.4528594101540018,0.5903884053926783
0.5206404803602703,0.5277777777777777,0.7530030030030029,0.5018609274988227,0.4952090273296475,0.4998168721767794
0.2264198148611459,0.607107107107107,0.767017017017017,0.5168477597362959,0.5205260128712699,0.9996947869612988
0.531898924193145,0.3936436436436435,0.8033033033033032,0.1273802256832412,0.5121631756108621,0.5040602054519769
0.184888666499875,0.9274274274274272,0.2767767767767768,1.0,0.2273069745539529,0.0
0.3352514385789343,0.4934934934934934,0.6596596596596596,0.5517030887559516,0.0,0.7406753056490574
0.5206404803602703,0.5275275275275274,0.7525025025025025,0.5018766241693845,0.4952090273296475,0.4997104836318607
0.9894921190893172,0.2109609609609609,0.7785285285285285,0.5111707972164571,0.4946596438599857,0.2078814726965136
0.4846134600950714,0.4824824824824824,0.6539039039039038,0.5657882344733767,0.0,0.7719448174826029
0.3134851138353766,0.6103603603603602,0.7725225225225225,0.457118440099761,0.470669899018086,0.9157455046479586
0.5208906680010009,0.7545045045045045,0.5105105105105104,1.0,0.7135880844829692,0.5488637354587788
0.5203902927195397,0.5275275275275274,0.7525025025025025,0.5018923208399463,0.4951462406474005,0.4997715262396009
0.4495871903927947,0.6033533533533533,0.7647647647647646,0.3990355267977048,0.476880548337025,0.012253867485219
0.4275706780085065,0.6183683683683683,0.8295795795795795,0.4149519507473359,0.7157856183616164,0.4074908000069763
0.4728546409807357,0.4867367367367367,0.8125625625625625,0.1366743987303137,0.3658126515164728,0.4641069466487608
0.3955466599949964,0.7422422422422421,0.7179679679679679,0.3537419118544744,0.2805361285034097,0.0
0.3615211408556418,0.5948448448448448,0.6704204204204204,0.4773531925283848,0.7147932399672114,0.4895774107469871
0.1811358518889168,1.0,0.8588588588588588,0.0,0.0,1.0
0.5203902927195397,0.5277777777777777,0.7525025025025025,0.5019080175105081,0.4952090273296475,0.4997715262396009
0.5203902927195397,0.5275275275275274,0.7527527527527527,0.5018469749027679,0.495177633988524,0.4997401328984774
0.0,1.0,0.1178678678678679,0.0,0.4334478608926173,0.9602316130945112
0.2206654991243433,0.7409909909909909,0.7262262262262262,0.6087779269930411,0.6039869543226887,0.8456232450250274
0.5201401050788093,0.5275275275275274,0.7525025025025025,0.5018766241693845,0.4952090273296475,0.4997558295690392
0.5203902927195397,0.5277777777777777,0.7525025025025025,0.5018016289655894,0.4951322880513455,0.4998011755062176
0.4843632724543409,0.4787287287287286,0.7312312312312312,0.4301986500863317,0.0,0.8761131555540052
0.5206404803602703,0.5277777777777777,0.7530030030030029,0.5018312782322061,0.4951462406474005,0.4997104836318607
0.3947960970728047,0.4639639639639639,0.6781781781781782,0.6473865043514659,0.3616007115823988,0.616744859340391
0.1260945709281962,0.6046046046046045,0.8455955955955955,0.4718436611612048,1.0,0.1929399863962188
0.5206404803602703,0.5275275275275274,0.7530030030030029,0.5018923208399463,0.4951933306590858,0.4997261803024225
0.6162121591193397,0.559059059059059,0.0,1.0,0.0192127247676021,0.6497671660533337
0.524143107330498,0.7852852852852852,0.5990990990990991,1.0,0.6757259710134818,0.4778118841236897
0.4741055791843884,0.5065065065065064,0.7474974974974975,0.0,0.403231770061217,0.3857282383103406
0.0062546910182637,0.9216716716716716,0.1076076076076076,0.0,0.2336257564923173,0.0
0.5206404803602703,0.5267767767767767,0.7525025025025025,0.5017859322950277,0.4952386765962642,0.4997401328984774
0.5216412309231925,0.5055055055055054,0.7755255255255256,0.7309852276889268,0.5715262396009557,0.4691281371540192
0.5228921691268452,0.5325325325325324,0.8573573573573573,0.1528349931109057,0.5110644086715385,0.5007028620262658
0.0,0.7900400400400399,0.9952452452452452,0.0023510124352512,0.0095993860857736,0.5854143048991053
0.4773580185138855,0.7252252252252251,0.4632132132132132,0.630906744336118,0.5668102621343983,0.5191359854893001
0.2837127845884414,0.6606606606606605,0.7329829829829829,0.5256832411880635,0.4927812756160943,0.7366011476010255
0.5203902927195397,0.5277777777777777,0.7527527527527527,0.5019080175105081,0.4952090273296475,0.4997715262396009
0.2406805103827872,0.5197697697697696,0.1451451451451451,1.0,0.3242129863787781,0.4290231438687061
0.5201401050788093,0.5277777777777777,0.7525025025025025,0.5018155815616443,0.4952090273296475,0.4998011755062176
0.2847135351513636,0.5775775775775774,0.7537537537537538,0.5021661405375237,0.4928126689572178,0.4281528506897815
0.3832874655991995,0.5002502502502502,0.725975975975976,0.5159635139613165,0.5232275842824006,0.8815006017057049
0.0755566675006255,1.0,0.4869869869869869,0.0,0.0,1.0
0.5203902927195397,0.5277777777777777,0.7522522522522521,0.5018312782322061,0.4952090273296475,0.4997261803024225
0.5113835376532401,0.7915415415415414,0.5538038038038038,1.0,0.7379597816418717,0.4202626576207335
1.0000000000000002,0.828078078078078,1.0,1.0,0.3312014929277779,0.4491358110818494
0.5203902927195397,0.528028028028028,0.7527527527527527,0.5017859322950277,0.4952386765962642,0.4996790902907372
0.3032274205654242,0.5595595595595595,0.80005005005005,0.5846364476690444,0.9662748312607914,0.4074140607286743
0.4435826870152616,0.5823323323323323,0.8165665665665665,0.5011912028881874,0.8257233549017213,0.2611856218497654
0.5203902927195397,0.5277777777777777,0.7525025025025025,0.5018609274988227,0.4951933306590858,0.4997558295690392
0.5316487365524144,0.8628628628628627,0.0,0.989348936986588,0.746291225561156,0.0137956293492858
0.7438078558919191,0.609109109109109,0.5540540540540541,0.4834121073652266,0.999007621605595,0.4752934405357797
1.0000000000000002,0.623123123123123,1.0,0.4540959589793676,0.0269808326211696,0.840602054519769
0.5566675006254692,0.4687187187187186,0.6288788788788788,0.5185726494235834,0.0,0.9464656330118424
0.6835126344758571,0.5467967967967967,0.5585585585585585,0.3794094563719762,0.0,0.6696984495177634
0.430072554415812,0.5092592592592592,0.8068068068068068,0.3924272284912011,1.0,0.353925039677695
0.6955216412309233,0.4709709709709709,0.7622622622622621,0.5138723686275878,0.4850288644330885,0.0477510159234003
0.5203902927195397,0.5272772772772771,0.7525025025025025,0.5018469749027679,0.495254373266826,0.4996790902907372
0.0,0.8158158158158156,0.5673173173173173,0.0,0.0,0.2306486213091023
0.4816112084063048,0.5137637637637636,0.8788788788788788,0.5036468597938504,0.9022864816784972,0.2968048555034271
0.6037027770828123,0.7550050050050049,0.9727227227227226,0.0,0.6563597676892756,0.8692013882833074
0.5203902927195397,0.5275275275275274,0.7522522522522521,0.5018469749027679,0.4951462406474005,0.4998011755062176
0.4093069802351765,0.6776776776776776,0.2367367367367367,0.9762840748556778,1.0,0.0
0.6069552164123093,0.5405405405405405,0.0,0.6882100563336065,0.8364215079268187,0.7584700978425798
0.4528396297222918,0.641141141141141,0.72997997997998,0.4415211817848858,0.3774717895948515,0.0
0.6627470602952216,0.5748248248248247,0.7652652652652652,0.3407101871391946,1.0,0.4783595235188447
0.2984738553915437,1.0,0.0,0.0,0.9505711844009976,1.0
0.4778583937953466,0.6366366366366365,0.7492492492492492,1.0,0.5720006278668225,0.5432181662800635
0.8611458593945461,0.5152652652652652,0.7642642642642642,0.5053717494811378,0.4652667561958247,0.435690740708443
0.8111083312484365,0.587087087087087,0.7575075075075075,0.4704710745243037,0.546315642604252,1.0
0.8088566424818615,0.3536036036036035,0.7565065065065064,0.5053107068733976,0.4911645185482324,0.781650592113295
0.0,0.4446946946946946,0.7935435435435434,0.7496939149240456,0.5673753422746219,0.6184837016237333
0.5203902927195397,0.5272772772772771,0.7522522522522521,0.5018155815616443,0.4952997192040044,0.4996790902907372
0.5203902927195397,0.5275275275275274,0.7525025025025025,0.5018469749027679,0.4951933306590858,0.4997261803024225
0.3775331498623969,0.6751751751751751,0.6921921921921921,0.609937736540105,0.5965083628372604,0.6845004098575092
0.5206404803602703,0.5277777777777777,0.7530030030030029,0.5017859322950277,0.4951933306590858,0.4997715262396009
0.4528396297222918,0.8008008008008007,0.7139639639639639,0.5134293737028446,0.4731569492648726,0.0
0.4375781836377284,0.4854854854854854,0.7102102102102101,0.4427123846730732,0.0,0.9091529030120168
0.3302476857643233,0.5145145145145145,0.5608108108108107,0.534215253675637,0.2142595531681113,0.6734830911976559
0.5336502376782588,0.7269769769769768,0.4912412412412412,0.9853654708129131,0.6312869525786141,0.4899890123306067
0.5203902927195397,0.5272772772772771,0.7525025025025025,0.5018469749027679,0.4951933306590858,0.499694786961299
0.5203902927195397,0.5272772772772771,0.7522522522522521,0.5017859322950277,0.495177633988524,0.4997401328984774
0.4678508881661247,0.7167167167167166,0.6361361361361361,0.0,0.3440064879571655,0.5242496119434222
0.5201401050788093,0.5277777777777777,0.7525025025025025,0.5018766241693845,0.4952386765962642,0.4997558295690392
0.1633725293970478,0.5633133133133132,0.033033033033033,1.0,0.5598827981931388,0.3101260965868462
0.3217413059794847,0.6298798798798798,0.7947947947947948,0.4429251617629105,1.0,0.3010917906412962
0.6502376782586942,0.5978478478478477,0.4872372372372372,0.5397544343094337,0.2619652231543331,0.7758811936445924
0.3985489116837629,0.4947447447447446,0.6796796796796796,0.7536477318311038,0.0766084727139543,0.702799239583515
0.3057292969727296,0.6216216216216215,0.7592592592592592,0.3859724087413014,0.3243647208608752,0.0
0.0047535651738804,1.0,0.0,0.0,1.0,1.0
0.3712784588441332,0.6033533533533533,0.7602602602602602,0.4963531402061496,0.4883862078587997,0.2517554109911575
0.3207405554165625,0.5663163163163162,0.8846346346346345,0.4052618727872055,0.9954218044194848,0.225003052130387
0.2091568676507381,0.7585085085085084,0.7662662662662663,0.4862654132584544,0.4964141828138898,0.4816872176779392
0.5326494871153367,0.7362362362362361,0.542042042042042,1.0,0.7326019847567888,0.2941346774334199
0.0,0.1724224224224223,0.9286786786786786,0.6709960409508694,1.0,0.5215794338734151
0.005003752814611,0.8528528528528527,0.3480980980980981,0.0,0.0,0.0
0.2406805103827872,0.7505005005005003,0.0,1.0,0.6297765840556708,0.4770636761602456
0.5203902927195397,0.5277777777777777,0.7522522522522521,0.5018469749027679,0.4952090273296475,0.4997401328984774
0.0,0.4722222222222221,1.0,0.8792577218898792,0.9929957967804384,0.5471248931754364
0.6059544658493872,0.5798298298298298,0.7557557557557557,0.5167099778502537,0.5053107068733976,1.0
0.6179634726044535,0.547047047047047,0.5225225225225225,0.6241449674730104,0.0,0.7294591624954218
0.4613460095071304,0.7004504504504503,0.4486986986986987,0.1590770357709681,0.4305945549993896,0.6145455813872369
0.4806104578433827,0.573073073073073,0.7645145145145145,0.1049618919720251,0.5034026893628896,0.4327153495997349
0.5201401050788093,0.5275275275275274,0.7525025025025025,0.5018609274988227,0.4951165913807838,0.4997558295690392
0.3139854891168377,0.5925925925925924,0.755005005005005,0.5312991611001622,0.4685787536843574,0.9560807157681775
1.0000000000000002,0.7860360360360359,0.3268268268268268,0.0333903064338908,0.767870659434571,1.0
0.5496622466850138,0.8100600600600599,0.6206206206206206,0.5299562237298777,0.5028079599560493,1.0
0.5288966725043784,0.7244744744744743,0.4562062062062062,0.0007482079634442,0.3957845719169123,0.5631947956816715
0.5203902927195397,0.5275275275275274,0.7527527527527527,0.5018609274988227,0.4951322880513455,0.4998168721767794
0.49311983987991,0.4549549549549548,0.767017017017017,0.6815703646859794,0.5152606519350507,0.5068053787257791
0.2596947710783088,0.5543043043043042,0.7019519519519519,0.5674363848823621,1.0,0.2733331007900658
0.5203902927195397,0.5272772772772771,0.7522522522522521,0.5018923208399463,0.4952090273296475,0.4997261803024225
0.7703277458093571,0.4454454454454453,0.8751251251251251,0.3554354082006383,0.0,0.999909308125643
0.4208156117087817,0.592092092092092,0.7505005005005004,0.4699216910546419,0.4318468004953171,0.0
0.5203902927195397,0.5275275275275274,0.7530030030030029,0.5017702356244659,0.4952386765962642,0.4997715262396009
0.3164873655241432,1.0,0.5407907907907907,0.0,0.0158100354047124,1.0
0.3677758318739055,0.5367867867867867,0.6744244244244244,0.5696182220904477,0.4910110399916284,0.4906761776863108
0.4971228421315988,0.7675175175175174,0.5225225225225225,0.0,0.3188412368976403,0.5914418263948236
0.2677007755816863,0.8335835835835834,0.0,0.0,0.7176325932643842,0.8142316479760014
0.5203902927195397,0.5272772772772771,0.7525025025025025,0.5018923208399463,0.4952229799257024,0.4997558295690392
0.6712534400800603,0.5805805805805805,0.527027027027027,0.4443901843486754,0.0,0.6576887524635052
0.7277958468851641,0.7945445445445444,0.0,1.0,0.2983152240263704,1.0
0.5211408556417314,0.7289789789789789,0.6098598598598598,1.0,0.6331949700891222,0.5477353192528385
1.0000000000000002,0.8150650650650649,0.4074074074074074,0.9334792542337408,0.5547255698763451,0.0
0.6497373029772331,0.3893893893893893,0.7530030030030029,0.4965205713588084,0.5087901355145892,0.850719430734081
0.1088316237177884,0.351101101101101,0.2612612612612612,0.2318694734639064,0.7708460505432791,0.2467342204858991
0.0,1.0,0.2364864864864865,0.0,0.3831487521146903,0.0
0.2912184138103578,0.6118618618618618,0.7407407407407407,0.6059856637075536,0.6504543314090379,0.4733400770880932
0.5201401050788093,0.5275275275275274,0.7522522522522521,0.5018766241693845,0.495177633988524,0.4996651376946823
0.7718288716537405,0.5685685685685685,0.555055055055055,0.5903587561260617,0.2405532204335769,0.638795193330659
1.0000000000000002,0.4647147147147146,1.0,0.5903744527966235,0.0005040375324834,0.7074995203795106
0.5879409557167877,0.638138138138138,0.5753253253253253,0.0,0.2316723930446309,0.5078587997279244
0.7127845884413312,0.5513013013013012,0.6193693693693694,0.5035701205155484,0.9638941695589236,0.4426356453947713
0.5171378533900427,0.4969969969969969,0.7452452452452452,0.9930568393881788,0.6357587596142107,0.5086837469696706
0.193144858643983,0.6473973973973972,0.0005005005005005,1.0,0.0,0.783420827737761
0.7618213660245186,0.4141641641641641,0.7522522522522521,0.5054624413554947,0.4939410851631581,0.1702024870502468
0.4120590442832125,0.7259759759759759,0.8330830830830831,0.8144618658109074,0.6098923906029265,1.0
0.3965474105579185,0.8118118118118117,0.6614114114114114,0.6145612780577986,0.5395102638784729,1.0
0.0332749562171629,0.8083083083083082,0.4094094094094094,0.0,0.5755254024451925,0.8186720616704746
0.7050287715786842,0.7207207207207206,1.0,0.0,0.7510839423060153,0.9871967490451192
0.5499124343257444,0.6706706706706705,0.6541541541541541,0.0,0.2932190383173169,0.4623367110242949
0.1035776832624469,0.6976976976976976,0.0,0.7566074262692501,0.4934841376423601,0.2593700402881211
0.6970227670753066,0.5197697697697696,0.6058558558558558,0.5201754538953904,0.6615797826883164,0.5462249507298952
0.5889417062797099,0.6026026026026025,0.0065065065065065,1.0,0.001374330711408,0.8440361372237821
0.373029772329247,0.6203703703703702,0.7152152152152151,0.5141304916546034,0.4827563353506461,0.8508886059612466
0.4378283712784589,0.5688188188188187,0.694944944944945,0.0,0.3345745330240508,0.4588572823831034
0.1341005754315737,0.9879879879879878,0.2562562562562562,1.0,0.0491706925719866,0.1376057345169786
0.4728546409807357,0.5260260260260259,0.5983483483483483,0.6492648725953573,0.0,0.8247309765073163
0.638729046785089,0.6308808808808808,0.6413913913913913,1.0,0.0,0.5704431693321939
0.5203902927195397,0.5275275275275274,0.7522522522522521,0.5018016289655894,0.4951933306590858,0.4996651376946823
0.7370527895921943,0.5390390390390389,0.7257257257257257,0.4703629419048781,0.505204318328479,1.0
0.323242431823868,0.5015015015015014,0.9224224224224224,0.419073198807053,1.0,0.2235833754818005
0.7465599199399551,0.4136636636636636,0.7747747747747746,0.499236095365994,0.4986413659591537,0.6142560650190976
0.3027270452839631,0.5643143143143142,0.7577577577577577,0.5681845928458064,0.5497654219788269,0.4920034183860334
0.4468351263447587,0.5698198198198198,0.7625125125125125,0.4414897884437623,0.4756893454488375,0.2187313602037079
0.5078809106830124,0.5738238238238237,0.7642642642642642,0.6106092052252472,0.4821441651987372,0.4656940544500061
0.5306479859894923,0.5352852852852852,0.7217217217217217,0.4936515687950189,0.5151228700490085,0.426276226520397
0.1270953214911184,0.92017017017017,0.015015015015015,1.0,0.0,0.2871758201510368
0.291718789091819,0.584084084084084,0.7174674674674675,0.4444355302858538,0.4549209062211137,0.0617908157036468
0.0783087315486615,1.0,0.1781781781781782,0.0,0.0,0.0
0.5233925444083064,0.417167167167167,0.6961961961961962,0.4606571672741859,0.4648098086750266,0.5216247798105935
0.4080560420315238,0.8028028028028027,0.6333833833833833,0.0,0.1911854474423147,0.4701205155484242
0.5016262196647487,0.5663163163163162,0.0,0.4284580637284825,0.8200463923818826,0.0
0.5206404803602703,0.5275275275275274,0.7527527527527527,0.5018609274988227,0.4951165913807838,0.4997104836318607
0.3930447835876909,0.5345345345345345,0.7059559559559558,0.6355442384498666,0.3236322095679927,0.6203917191342414
0.5288966725043784,0.7812812812812812,0.5733233233233233,0.0,0.4299387829848091,0.5003976489875648
0.6659994996247187,0.5713213213213212,0.6709209209209209,0.2969112440483458,0.0,0.8729860299632
0.2336752564423318,0.5122622622622621,0.6566566566566566,0.6418176744510525,0.1479986745033747,0.6134782077890367
0.5203902927195397,0.5272772772772771,0.752002002002002,0.5018016289655894,0.4952090273296475,0.4997261803024225
0.2842131598699025,0.4727227227227226,0.0,0.4024696095017179,0.2677014842074053,0.4716308840713675
0.9071803852889668,0.6844344344344343,0.0,0.7264837713867136,0.0952875106824563,0.5812791042433333
0.696772579434576,0.5175175175175174,0.756006006006006,0.5133386818284877,0.5255472033765283,1.0
0.5206404803602703,0.5277777777777777,0.7530030030030029,0.5018609274988227,0.4951933306590858,0.4996790902907372
0.5093820365273957,0.7852852852852852,0.561061061061061,1.0,0.6622965973106371,0.4459458988087971
0.1438578934200651,0.6468968968968968,0.725975975975976,0.6513699705251408,0.6232136316863457,0.902912604426461
0.4888666499874907,0.7057057057057056,0.4872372372372372,1.0,0.7700071507054781,0.4951933306590858
0.3967975981986491,0.6811811811811811,0.0412912912912913,0.0,1.0,1.0
0.5203902927195397,0.5275275275275274,0.7525025025025025,0.5018312782322061,0.4951619373179622,0.4996790902907372
0.5143857893420066,0.6801801801801801,0.5117617617617617,0.1925283848125992,0.4744527966234717,0.4515635627954026
0.4886164623467602,0.7267267267267266,0.6554054054054054,0.0,0.3328967333484486,0.4866159722343338
0.5208906680010009,0.5265265265265264,0.7525025025025025,0.5018469749027679,0.4951165913807838,0.4997854788356559
0.4030522892169128,0.5528028028028027,0.809059059059059,0.6178575788757695,1.0,0.2308631424734464
0.0,0.6116116116116115,1.0,0.0039991628442367,0.0,0.4718890070983832
0.4190642982236678,0.5973473473473473,0.7762762762762763,0.490660481015749,0.5311020806808867,0.0935172750579905
0.5203902927195397,0.5275275275275274,0.7527527527527527,0.5018155815616443,0.4952229799257024,0.4997401328984774
0.5451588691518641,0.4359359359359358,0.7187187187187187,0.4529814953694822,0.4268709559272372,0.5523292115039155
0.1426069552164123,0.5150150150150149,0.6206206206206206,0.5863909866229485,0.3959223538029545,0.5149240455552261
0.4928696522391795,0.7757757757757757,0.5508008008008007,0.0,0.3016115248443414,0.5097057746306922
0.5203902927195397,0.5277777777777777,0.7527527527527527,0.5018766241693845,0.4952090273296475,0.4997261803024225
0.42006504878659,0.7815315315315314,0.6138638638638638,0.0,0.2371958770078658,0.418462772729651
0.9261946459844884,0.4774774774774774,0.6721721721721721,1.0,0.0,0.3472103528262728
0.5206404803602703,0.5272772772772771,0.752002002002002,0.5017859322950277,0.4951619373179622,0.4997104836318607
0.4761070803102328,0.7174674674674674,0.4614614614614614,0.970134468144479,0.6236880199522123,0.4909970873955735
0.451088316237178,0.4619619619619619,0.6106106106106106,0.5424560057205644,0.0,0.8952508851178123
0.3032274205654242,1.0,0.6116116116116116,0.0,0.0,0.6712698606484468
0.1531148361270954,1.0,0.0,1.0,1.0,1.0
0.5261446084563424,0.4632132132132131,0.994244244244244,0.0018469749027679,0.9304271238467308,0.4405445000610426
0.0,0.9794794794794792,0.0267767767767768,0.0,0.0265535343669882,0.0
0.5203902927195397,0.5275275275275274,0.7522522522522521,0.5017545389539041,0.4952683258628809,0.4997854788356559
0.5206404803602703,0.5277777777777777,0.7525025025025025,0.5017702356244659,0.4952386765962642,0.4997558295690392
0.6875156367275458,0.5545545545545545,0.586086086086086,0.5367162565184784,0.0685665451628093,0.6872176779392015
0.4325744308231175,0.8048048048048047,0.6116116116116116,0.0,0.2748748626541326,0.4763922074751033
0.3465098824118089,0.642142142142142,0.7585085085085085,0.5048834086192162,0.5046845841254338,0.4015539703856149
1.0000000000000002,0.4499499499499498,1.0,0.9633901320264402,0.0,0.6769625198388475
0.5206404803602703,0.5275275275275274,0.7527527527527527,0.5018155815616443,0.495177633988524,0.4997558295690392
1.0000000000000002,0.5082582582582582,0.273023023023023,1.0,0.0,0.0619582468563057
1.0000000000000002,1.0,1.0,1.0,0.0,0.4095191586584579
0.6052039029271955,0.4587087087087086,0.7204704704704704,0.4782688316444878,0.5017545389539041,0.838619041805466
0.6790092569427072,0.4827327327327326,0.4374374374374374,1.0,0.0,0.1861346076704396
0.4691018263697775,0.5533033033033032,0.0,0.7963932539198075,0.9796117690147724,0.96285644522734
0.5449086815111335,1.0,0.2522522522522522,1.0,0.0,0.5586776427088965
0.6297222917187892,0.5855855855855855,0.5605605605605606,0.5005947294068402,0.0825592549313706,0.6740324746673177
0.5206404803602703,0.5277777777777777,0.7522522522522521,0.5018312782322061,0.4952997192040044,0.4997104836318607
0.633725293970478,0.7032032032032031,0.7675175175175175,0.5750667108498875,0.596463016900082,1.0
0.7315486614961223,0.4356856856856856,0.7394894894894894,0.5045781955805152,0.486677014842074,0.2624675166123097
0.4660995746810109,1.0,0.0,0.0,0.7380818668573521,1.0
0.4948711533650239,0.6128628628628627,0.3756256256256256,0.5258820656818459,0.469677520623681,0.6051310671991907
0.4948711533650239,0.7214714714714714,0.4889889889889889,0.5020301027259885,0.5241275267279418,0.4819924307166402
0.4633475106329748,0.7545045045045045,0.5825825825825826,2.9649266616693648e-05,0.4293126602368453,0.4603066082983065
0.5334000500375283,0.7019519519519518,0.7364864864864864,0.4514554301759771,0.5171076268378185,0.0
0.5203902927195397,0.5275275275275274,0.752002002002002,0.5017859322950277,0.4952386765962642,0.4997715262396009
0.5203902927195397,0.5275275275275274,0.7522522522522521,0.5018312782322061,0.4951322880513455,0.4997401328984774
0.5206404803602703,0.5277777777777777,0.7522522522522521,0.5018155815616443,0.4951619373179622,0.4997558295690392
0.5203902927195397,0.5275275275275274,0.7525025025025025,0.5018155815616443,0.495177633988524,0.4996790902907372
0.4711033274956218,0.4687187187187186,0.6821821821821821,0.4852276889268709,0.0,0.8428309817395399
0.5323992994746061,0.6779279279279278,0.6991991991991992,1.0,0.7158170117027399,0.3816540802623088
0.5233925444083064,0.6136136136136136,0.3511011011011011,0.6269232781624431,0.5121788722814239,0.5709018609274988
1.0000000000000002,0.0242742742742742,0.8135635635635635,0.5309032561871043,0.5278354291295324,0.038669619966165
0.5741806354766076,0.4694694694694694,0.752002002002002,0.513779932678724,0.4872124457156809,0.6047037689450093
1.0000000000000002,0.767017017017017,0.0,1.0,0.0,0.6354849399166332
0.581185889417063,0.9989989989989988,0.7234734734734735,0.8296911244048346,0.566063798245461,1.0
0.5203902927195397,0.5275275275275274,0.752002002002002,0.5017859322950277,0.495254373266826,0.4997558295690392
0.4435826870152616,0.7647647647647646,0.4847347347347347,0.0,0.2967438128956869,0.567680555313323
0.5201401050788093,0.5275275275275274,0.752002002002002,0.5017859322950277,0.4952840225334426,0.4997261803024225
0.6817613209907432,1.0,0.0990990990990991,0.0,1.0,0.6889879135636674
0.5203902927195397,0.5275275275275274,0.7525025025025025,0.5018155815616443,0.4951619373179622,0.4997104836318607
1.0000000000000002,0.5938438438438437,0.6921921921921921,0.4858991576120132,0.5460557755027294,0.0
0.5098824118088567,0.4974974974974974,0.6751751751751751,0.4120829481835464,0.0,0.9288557127160472
0.8854140605454093,0.4992492492492492,0.6831831831831832,0.51401015051363,0.3903221305614175,0.7807646022638086
0.6114585939454592,0.4987487487487486,0.7695195195195195,0.4794582904581683,0.4786804332281075,0.0
1.0000000000000002,0.6108608608608608,1.0,0.8235868636308143,0.0,0.9371261140275912
0.5243932949712286,0.4707207207207206,0.961961961961962,0.1368575265535344,1.0,0.2250640947381272
0.3304978734050539,0.4469469469469468,0.9271771771771772,0.0,0.1701414444425066,0.6186057868392137
0.539654741055792,0.7414914914914914,0.5027527527527528,1.0,0.6561783839405619,0.4403299788966984
0.5203902927195397,0.5275275275275274,0.7522522522522521,0.5018469749027679,0.4952090273296475,0.4997104836318607
0.5138854140605456,0.6258758758758758,0.7847847847847848,1.0,0.6835254722081727,0.4241397352494899
0.0,0.2312312312312311,0.0,0.3811657394003872,1.0,0.5067303835219841
0.0,1.0,0.7092092092092092,1.0,1.0,0.0
0.7823367525644235,0.7687687687687687,1.0,0.0,0.7286656085947991,1.0
0.7207905929447087,0.557057057057057,0.512012012012012,0.4550272947660324,0.2756230706175767,0.6657760259518286
0.6292219164373282,0.6001001001001001,0.7692692692692692,0.526720965519647,0.522662504142177,1.0
0.5208906680010009,0.5275275275275274,0.7527527527527527,0.5018469749027679,0.4951933306590858,0.499694786961299
0.5206404803602703,0.5277777777777777,0.7517517517517517,0.5018016289655894,0.4952386765962642,0.4997558295690392
0.5203902927195397,0.5277777777777777,0.7527527527527527,0.5017859322950277,0.4953154158745662,0.4996337443535588
0.4648486364773581,0.762012012012012,0.566066066066066,1.0,0.7451157193435304,0.4600781345379074
0.0790592944708531,0.7785285285285284,0.0,0.8300120341140973,1.0,0.8988837923156077
0.3227420565424069,0.6871871871871871,0.6456456456456456,0.4817639569562412,0.4724540872386068,0.9268413066606204
0.5201401050788093,0.5277777777777777,0.7522522522522521,0.5018469749027679,0.4952386765962642,0.4996337443535588
0.6845133850387792,0.4369369369369368,0.7637637637637638,0.4573155205190365,0.5341681636639517,1.0
0.4368276207155367,0.7742742742742741,0.7224724724724725,1.0,0.6893227758689852,0.5627971466941067
0.5203902927195397,0.5272772772772771,0.7525025025025025,0.5018469749027679,0.495254373266826,0.4997261803024225
0.5954465849387042,0.4909909909909909,0.7192192192192192,0.4683188865828348,1.0,0.4051083942306015
0.1348511383537654,0.6476476476476476,0.0475475475475475,1.0,0.4743934980902384,0.2477562481469208
0.4205654240680511,0.7224724724724724,0.7337337337337337,0.0,0.2219352250728151,0.5400596473481347
0.3350012509382037,0.2982982982982982,0.9086586586586586,0.6639150984530059,0.0,0.5426844794809634
0.5203902927195397,0.5275275275275274,0.7522522522522521,0.5018923208399463,0.4952229799257024,0.4997261803024225
0.5228921691268452,0.998248248248248,1.0,0.0381202364965032,0.9943840800879014,1.0
0.6992744558418815,0.6664164164164164,0.6784284284284283,0.361661754190139,0.2726005894971833,0.5229363238397544
0.6192144108081062,0.5417917917917917,0.5392892892892893,0.4480527408130875,0.0,0.7479864659818267
0.1178383787840881,0.6961961961961961,0.6759259259259258,0.6468074716151874,0.8082808657585852,0.3605786839213771
0.484863647735802,0.6694194194194193,0.4702202202202202,0.3931143938469051,0.4718593578317666,0.4935591328461552
0.7668251188391295,0.6168668668668668,0.5640640640640641,0.5436908104714233,0.2116190243647209,0.6145769747283604
0.641481110833125,0.5668168168168167,0.6001001001001001,0.6090831400317421,0.0030067844498317,0.7896314770566999
0.2889667250437829,0.646146146146146,0.7444944944944945,0.5026562254739523,0.4829691124404834,0.3640424158920069
0.5203902927195397,0.5277777777777777,0.7527527527527527,0.5018609274988227,0.4951933306590858,0.4997558295690392
0.510883162371779,0.5843343343343342,0.7322322322322322,0.5569684496921709,0.5781345379074594,1.0
0.4718538904178135,0.7560060060060059,0.4874874874874875,0.0,0.3493921900343583,0.4329909133718193
0.6304728546409809,0.4249249249249248,1.0,0.694985785792769,0.4461604199731412,0.6582538326037288
0.3422566925193896,0.582082082082082,0.847097097097097,0.4548895128799902,0.6877513647383016,0.4296789158832865
0.2181636227170378,0.7052052052052051,0.0,0.953607618117446,0.9991000575544586,0.744292516176291
0.7152864648486367,0.9049049049049048,0.7234734734734735,0.578394405008982,0.6510194115492614,1.0
0.5121341005754317,0.4724724724724723,0.6976976976976976,0.5137642360081622,0.4322880513455535,0.4774456284772485
0.5206404803602703,0.528028028028028,0.7530030030030029,0.5018923208399463,0.4951165913807838,0.4997715262396009
0.1038278709031774,1.0,0.5487987987987988,0.0,0.390062263459895,1.0
0.5206404803602703,0.5275275275275274,0.7527527527527527,0.5019080175105081,0.4951462406474005,0.4997261803024225
0.5206404803602703,0.5277777777777777,0.7530030030030029,0.5018469749027679,0.4951462406474005,0.4997854788356559
0.5691768826619966,0.5497997997997996,0.756006006006006,0.4499450616530338,0.4036747649859602,0.0
0.9984988741556168,0.6669169169169168,0.7477477477477477,0.5368854317456442,0.5323979280394858,0.0
0.5203902927195397,0.5277777777777777,0.7530030030030029,0.5018766241693845,0.4952840225334426,0.4996790902907372
0.3124843632724544,0.5658158158158157,0.9754754754754754,0.578699618047683,0.9982751103127124,0.3104923522332874
0.5206404803602703,0.5275275275275274,0.7530030030030029,0.5018923208399463,0.495177633988524,0.499694786961299
0.8496372279209409,0.4677177177177176,0.7667667667667667,0.5248129480091389,0.508957566667248,0.0
0.4851138353765325,0.3923923923923923,0.7457457457457457,0.5840713675288208,0.4760712977658405,0.5315136822645063
0.5456592444333251,0.7339839839839839,0.5635635635635635,0.0,0.2759439803268395,0.5053717494811378
0.6747560670502879,0.4384384384384384,0.7647647647647646,0.5053717494811378,0.4468929312660237,0.004822366011476
0.4688516387290469,0.4569569569569569,0.730980980980981,0.3701309799954654,1.0,0.3802344036137224
0.5203902927195397,0.5275275275275274,0.752002002002002,0.5018469749027679,0.4952840225334426,0.4996790902907372
0.0768076057042783,1.0,0.1871871871871872,0.0,0.1726738406264715,0.3328199940701467
0.5203902927195397,0.5272772772772771,0.7525025025025025,0.5018155815616443,0.4951619373179622,0.4997104836318607
1.0000000000000002,0.7107107107107106,1.0,0.9990233182761568,1.0,0.0
0.5201401050788093,0.5277777777777777,0.7530030030030029,0.5018155815616443,0.4952840225334426,0.4997401328984774
0.4906179634726046,0.4461961961961961,0.6328828828828829,0.4590561068768858,0.0,0.8432879292603379
0.5206404803602703,0.5067567567567567,0.6766766766766766,0.4687147914958927,1.0,0.2703577096813576
0.2141606204653491,1.0,0.5105105105105104,0.1844097179831522,0.0840103249210806,0.0
0.3097322992244184,0.3375875875875875,0.019019019019019,0.532002023126428,1.0,1.0
0.6599949962471856,0.6168668668668668,0.7477477477477477,0.5333292638261506,0.5210143537331915,1.0
0.5989492119089319,0.6656656656656655,0.7322322322322322,0.4744684932940335,0.3312782322060799,0.0
0.5429071803852891,0.6981981981981981,0.5805805805805806,1.0,0.5702146955717948,0.4965048746882466
0.2351763822867151,0.7680180180180178,0.8283283283283283,0.755234839632349,0.6498439053316357,0.9957427141287476
0.6654991243432576,0.7595095095095095,0.7084584584584583,0.4803756736487782,0.5225247222561348,1.0
0.4801100825619215,0.6616616616616615,0.4359359359359359,0.8472556987634512,0.6150967089314056,0.5341542110678968
1.0000000000000002,0.2597597597597597,0.7805305305305306,0.5793239967211399,0.5284144618658109,0.0018923208399462
0.5201401050788093,0.5275275275275274,0.752002002002002,0.5018469749027679,0.495254373266826,0.4997401328984774
0.6329747310482864,0.5352852852852852,0.6989489489489489,0.4961386190418054,0.4820238240577637,0.000151734482097
0.5201401050788093,0.5275275275275274,0.7517517517517517,0.5018609274988227,0.4951462406474005,0.4997261803024225
0.4828621466099576,0.7692692692692691,0.6601601601601601,0.0,0.2442314735685508,0.6090064007534401
0.49311983987991,0.5978478478478477,0.7632632632632632,0.4934370476306748,0.4690060519385388,0.0
0.5739304478358771,0.2782782782782782,1.0,0.9079634441983362,0.7245757538762055,0.319099359924656
0.5203902927195397,0.5275275275275274,0.7525025025025025,0.5018609274988227,0.4951933306590858,0.4997104836318607
0.4478358769076809,0.8458458458458458,0.551051051051051,0.0,0.2038666131817151,0.4007743690810471
0.5359019264448338,0.4076576576576576,0.8335835835835835,0.4817936062228578,0.459422362523327,0.4421473045328496
0.5203902927195397,0.5277777777777777,0.7525025025025025,0.5018469749027679,0.4951165913807838,0.4997104836318607
0.5201401050788093,0.5275275275275274,0.7522522522522521,0.5017248896872875,0.495254373266826,0.4997401328984774
0.4801100825619215,0.7459959959959959,0.5202702702702703,0.938376615449012,0.6201615012993356,0.6285557319008668
0.4315736802601952,0.7600100100100099,0.6211211211211211,0.0,0.3501560946683643,0.4473969687985071
0.5203902927195397,0.5275275275275274,0.7527527527527527,0.5018609274988227,0.4951933306590858,0.4997401328984774
0.5206404803602703,0.5275275275275274,0.7522522522522521,0.5018312782322061,0.4952090273296475,0.4996494410241205
0.8216162121591195,1.0,0.7982982982982982,0.0,1.0,1.0
0.1198398799099325,0.8153153153153152,0.7627627627627627,0.6245426164605752,0.5250117725029213,1.0
0.1661245934450839,0.5623123123123122,0.6191191191191191,0.6014981600013952,0.3514379894309085,0.6054048868967682
0.4075556667500626,0.5545545545545545,0.7367367367367367,0.5104836318607531,0.5139787571725064,0.011629488811762
0.5201401050788093,0.5277777777777777,0.7522522522522521,0.5018016289655894,0.4952840225334426,0.4997104836318607
0.5183887915936954,0.5618118118118117,0.7615115115115114,0.5036311631232886,0.4545686031707274,0.4494113748539338
0.4658493870402803,0.5525525525525524,0.8193193193193192,0.3262570417008215,0.965388841411305,0.3035038456842876
0.5206404803602703,0.5277777777777777,0.7522522522522521,0.5018469749027679,0.4952229799257024,0.4996494410241205
0.5203902927195397,0.5277777777777777,0.7525025025025025,0.5018609274988227,0.4951933306590858,0.4997401328984774
0.5206404803602703,0.5275275275275274,0.7527527527527527,0.5017702356244659,0.4952683258628809,0.499694786961299
0.5203902927195397,0.5275275275275274,0.7527527527527527,0.5017702356244659,0.4952090273296475,0.4997715262396009
0.6820115086314738,0.8095595595595595,0.8731231231231231,0.5550150862444844,0.4948427716832063,1.0
0.4781085814360772,0.7710210210210209,0.5553053053053053,0.0008999424455413,0.4246891187191517,0.5087901355145892
0.464348261195897,0.7272272272272271,0.7012012012012012,1.0,0.4984582381359331,0.5351448453877949
0.4333249937453091,0.694194194194194,0.7167167167167167,1.0,0.6199940701466766,0.5247379528053439
0.5394045534150614,0.5272772772772771,0.8225725725725725,0.2760050229345798,1.0,0.2373947015016481
0.5766825118839131,0.5913413413413412,0.7429929929929929,0.5719395852590823,0.6096168268308422,1.0
0.5596697523142358,0.5155155155155154,0.5743243243243243,0.5834905907180354,0.0,0.8505066536442436
0.4103077307980987,0.562062062062062,0.6974474474474475,0.6656992866735267,0.1856148734673945,0.6638087099080873
0.4701025769326996,0.5332832832832832,0.744994994994995,0.592402811448105,0.4748957915482149,0.5005947294068402
0.0,1.0,0.5495495495495495,0.0,0.9460383347576607,1.0
0.5201401050788093,0.5275275275275274,0.7522522522522521,0.5018609274988227,0.495177633988524,0.499694786961299
0.417312984738554,0.5205205205205204,0.7099599599599599,0.5645987756596962,0.0193801559202609,0.7899366900954009
0.4781085814360772,0.7059559559559558,0.4186686686686686,0.7544255890611646,0.6231839824197289,0.5302317875019621
0.6952714535901928,0.6233733733733733,0.5998498498498498,0.5145281406421682,0.6888047857404468,0.6027050595601444
0.4988741556167126,0.7530030030030028,1.0,0.0,0.5843312346303434,0.8621047491148821
0.4851138353765325,0.7239739739739739,0.5037537537537538,0.0207858799727924,0.3651272302352756,0.5096133386818285
0.498123592694521,0.589089089089089,0.7292292292292292,1.0,0.648975356227218,0.4399497706542024
0.3627720790592945,0.598098098098098,0.7665165165165164,0.4370197254826726,0.4725604757835254,0.1562394265483021
0.6287215411558671,0.5205205205205204,0.545045045045045,0.4909046514467098,0.0,0.7386922929347541
0.5644233174881162,0.6133633633633633,0.7379879879879879,0.56575858520676,0.6119364459249699,1.0
0.4858643982987242,0.604104104104104,0.730980980980981,1.0,0.539967211399271,0.5954392451645534
0.3880410307730799,0.4997497497497496,0.7510010010010009,0.4603676509060467,1.0,0.2104435181470952
0.5966975231423569,0.6488988988988988,0.7257257257257257,0.4715384481225038,0.4174250483980676,0.0
0.3244933700275207,0.8235735735735734,0.7890390390390389,0.6992134223974048,0.5700158710780124,1.0
0.6392294220665501,0.5773273273273272,0.5535535535535535,0.498078029893437,0.0308265169088023,0.7033486230531768
0.5203902927195397,0.5272772772772771,0.7522522522522521,0.5018155815616443,0.4952229799257024,0.4997401328984774
0.625969477107831,0.8583583583583583,0.8425925925925926,0.5468964194150374,0.5333903064338908,1.0
0.500375281461096,0.6458958958958958,0.3968968968968969,0.5471248931754364,0.5499014597903622,0.6291365087116522
0.0250187640730548,1.0,0.1348848848848849,0.0,0.4953764584823064,0.0
0.3587690768076058,0.5205205205205204,0.8733733733733733,0.393968990355268,1.0,0.2512513734586741
0.5961971478608958,0.5575575575575574,0.8245745745745745,0.4161117602943998,1.0,0.1979158309642988
0.4423317488116088,0.5405405405405405,0.7607607607607607,0.0012522454959276,0.4956973681915691,0.4440553220433577
0.3087315486614962,0.8581081081081079,0.7007007007007007,0.2953537855137171,0.4609937736540105,0.0
0.2541906429822368,0.6206206206206205,0.7407407407407407,0.6009644732022952,0.5153984338210928,0.8370929766119608
0.0945709281961472,0.5315315315315314,0.7715215215215214,0.4463138985297452,0.8892983588258889,0.2305265360936219
0.5201401050788093,0.5277777777777777,0.752002002002002,0.5018469749027679,0.4952090273296475,0.4997104836318607
0.4753565173880412,0.6976976976976976,0.4499499499499499,0.3408165756841132,0.4813663079686764,0.4839614908348885
0.5203902927195397,0.5277777777777777,0.7527527527527527,0.5018312782322061,0.495177633988524,0.4997261803024225
0.4883662747060296,0.512012012012012,0.7865365365365364,0.550527582538326,0.5081500601705705,1.0
0.0290217663247436,0.7765265265265264,0.7464964964964964,0.4157158553813419,0.4804367162565184,0.2022341594432914
1.0000000000000002,1.0,1.0,1.0,0.0,0.0462249507298952
0.5203902927195397,0.5277777777777777,0.7522522522522521,0.5018469749027679,0.4952683258628809,0.4997401328984774
0.1901426069552164,0.6804304304304303,0.7404904904904904,0.5272250030521304,0.5249053839580027,0.5744266355058688
0.425068801601201,0.6706706706706705,0.6806806806806807,0.0,0.2669550203184679,0.3968833388562359
0.5051288466349764,1.0,0.1308808808808809,0.0,1.0,1.0
0.4891168376282213,0.7755255255255254,0.555055055055055,0.0002755637720843,0.434532675235886,0.4854422100912151
0.4460845634225671,0.8193193193193191,0.6176176176176176,0.6892320839946282,0.5578840888082739,1.0
0.4891168376282213,0.5415415415415414,0.8038038038038038,0.1411619024364721,0.6068088668747929,0.3339641069466488
0.962471853890418,1.0,0.0,0.7167169541482812,0.0775241118300573,0.0054170954183162
0.4583437578183639,0.7074574574574574,0.7302302302302301,0.5130945113975269,0.4603833475766085,0.0
0.4938704028021017,0.6559059059059058,0.4544544544544544,1.0,0.6903151542633901,0.5698484399253536
0.5203902927195397,0.5272772772772771,0.7525025025025025,0.5018469749027679,0.4951933306590858,0.4997715262396009
0.5211408556417314,0.528028028028028,0.7527527527527527,0.5019219701065629,0.4952229799257024,0.4997558295690392
0.7107830873154868,0.8506006006006004,1.0,0.0,1.0,0.7561033887367669
0.5203902927195397,0.5275275275275274,0.7517517517517517,0.5018609274988227,0.495177633988524,0.4997558295690392
0.5206404803602703,0.5275275275275274,0.7525025025025025,0.5019080175105081,0.4952229799257024,0.4997715262396009
0.500375281461096,0.5563063063063062,0.0,0.5347942864119155,0.5520083017946527,0.5164361581526763
0.3297473104828622,0.5965965965965965,0.9171671671671672,0.5589218131398573,0.7301916737883043,0.5348396323490939
0.3122341756317239,0.6964464464464464,0.7297297297297297,0.4722413101487696,0.4830615483893472,0.9607496032230496
0.5206404803602703,0.5275275275275274,0.7525025025025025,0.5018155815616443,0.4952229799257024,0.4997401328984774
0.5206404803602703,0.5277777777777777,0.7525025025025025,0.5019080175105081,0.4952090273296475,0.4997104836318607
0.4658493870402803,0.559059059059059,0.755005005005005,0.5569370563510473,0.5599141915342624,0.9998482655179028
0.3377533149862398,0.5635635635635634,0.7412412412412412,0.5598531489265222,0.5868322374731848,0.8854387219422013
0.5201401050788093,0.5277777777777777,0.7517517517517517,0.5018312782322061,0.4952090273296475,0.4997104836318607
0.5201401050788093,0.528028028028028,0.7527527527527527,0.5017859322950277,0.4951619373179622,0.4998011755062176
0.5208906680010009,0.5277777777777777,0.7530030030030029,0.5017405863578492,0.4950851980396603,0.4997401328984774
0.505879409557168,0.7204704704704703,0.6488988988988988,1.0,0.5558539860822854,0.5123149100929592
0.5203902927195397,0.5277777777777777,0.7530030030030029,0.5018469749027679,0.4952229799257024,0.4997558295690392
1.0000000000000002,0.6056056056056055,1.0,0.8052740813087536,0.0,0.6577184017301219
0.9554665999499627,0.694194194194194,0.0117617617617618,0.9699513403212584,0.6885902645761027,0.0
0.5203902927195397,0.5277777777777777,0.7525025025025025,0.5018312782322061,0.4952386765962642,0.4997558295690392
0.513635226419815,0.5347847847847846,0.6879379379379379,0.5000610426077402,0.0,0.6827162216369883
0.3825369026770079,0.5843343343343342,0.7297297297297297,0.5139020178942044,0.5106528070879188,0.5184191708669794
0.505379034275707,0.4049049049049048,0.757007007007007,0.0079355390062264,0.2943317578526955,0.4460836806948393
1.0000000000000002,0.2352352352352352,0.8375875875875876,0.6313183459197377,0.5683973699356436,0.0793553900622635
0.521391043282462,0.4857357357357356,0.8093093093093093,0.0719081919179587,0.5036311631232886,0.3655998744266355
0.4658493870402803,0.5352852852852852,0.7382382382382382,0.6082128468528175,0.0,0.870682107539634
0.5203902927195397,0.5275275275275274,0.7525025025025025,0.5018312782322061,0.4952386765962642,0.4996494410241205
0.4723542656992746,0.4674674674674673,0.73998998998999,0.4235746551092663,1.0,0.3216491968536896
0.5206404803602703,0.5275275275275274,0.7527527527527527,0.5018609274988227,0.4951619373179622,0.4997261803024225
0.2834625969477109,0.5953453453453452,0.8118118118118118,0.5883739993372517,0.9997401328984774,0.2552644888989657
0.3537653239929949,0.4874874874874874,0.7680180180180181,0.5548616076878804,0.4961996616495456,0.0
0.3985489116837629,0.664164164164164,0.7527527527527527,0.3931300905174669,0.3630971275092872,0.0
0.4500875656742558,0.4697197197197196,0.6241241241241241,0.5912273052304795,0.0,0.8455778990878491
0.7122842131598701,0.5145145145145145,0.7590090090090089,0.4914697315869334,0.5367772991262186,1.0
0.461596197147861,0.596096096096096,0.7935435435435434,0.395877007865776,0.9287632767671834,0.2583776618937161
0.5203902927195397,0.5275275275275274,0.7527527527527527,0.5019080175105081,0.4951462406474005,0.4997715262396009
0.6627470602952216,0.592092092092092,0.5548048048048048,0.5241275267279418,0.070900116852992,0.8437762701222595
0.5233925444083064,0.6759259259259258,0.3696196196196196,0.6722011964351117,0.5717564574358617,0.6367964839457941
0.5061295971978985,0.7027027027027026,0.4374374374374374,1.0,0.8073198807053037,0.5141461883251652
0.6612459344508383,0.6994494494494493,0.0,0.0,1.0,1.0
0.5208906680010009,0.5272772772772771,0.7527527527527527,0.5018609274988227,0.495177633988524,0.4997715262396009
0.4883662747060296,0.7299799799799799,0.4722222222222222,0.693993407398364,0.57778397893158,0.6127613931667161
0.4753565173880412,0.4964964964964964,0.7562562562562563,0.5017545389539041,0.5037689450093308,0.5929835882588904
0.0,0.9874874874874872,0.8728728728728729,1.0,1.0,1.0
0.6740055041280962,0.7642642642642641,0.841091091091091,0.0,1.0,0.9994052705931598
0.0515386539904929,1.0,0.3388388388388388,1.0,0.8132863595932818,0.0
0.4801100825619215,0.6911911911911911,0.4184184184184184,0.5695728761532692,0.5760137433071141,0.534215253675637
0.3234926194645985,0.5157657657657657,0.7284784784784785,0.4577899087849033,0.4727453476812529,0.4570417008214591
0.0,0.9014014014014012,0.0,0.7889600083715577,0.176993913179971,0.1178575788757695
0.516387290467851,0.6894394394394393,0.4381881881881881,0.463939515496102,0.4926905837417374,0.535755271465197
0.5206404803602703,0.5275275275275274,0.7530030030030029,0.5018766241693845,0.4951619373179622,0.4997261803024225
0.9942456842631976,0.4399399399399398,0.0,0.3580148943962886,0.3030608507595445,0.3911453337286569
0.5206404803602703,0.5277777777777777,0.7522522522522521,0.5019080175105081,0.4951165913807838,0.4997715262396009
0.3842882161621217,0.5335335335335334,0.694944944944945,0.723081082023824,0.0671015225770444,0.6494009104068925
0.6467350512884665,0.5553053053053052,0.4782282282282282,0.6039259117149485,0.2950956624867014,0.5658039311439385
0.6184638478859146,0.4446946946946946,0.7645145145145145,0.4986570626297155,0.5063937771421595,0.9080087901355144
0.6189642231673756,0.4917417417417417,0.761011011011011,0.5240054415124614,0.4836562777961875,0.4863107591956328
0.5766825118839131,0.379129129129129,0.7762762762762763,0.5221131206725151,0.4841585712541639,0.4081605246176116
0.0,0.8460960960960959,0.6393893893893894,0.0,0.0,0.4283970211207423
0.5834375781836378,0.4727227227227226,0.7742742742742742,0.3863997069954829,1.0,0.3628372604077646
0.4003002251688767,0.6509009009009008,0.7525025025025025,0.4837940596822296,0.4432757207387899,0.0
0.4911183387540657,0.4907407407407406,0.7590090090090089,0.3963810453982594,0.5056002232415369,0.4952840225334426
0.5211408556417314,0.5272772772772771,0.7527527527527527,0.5018609274988227,0.4951933306590858,0.4997715262396009
0.495371528646485,0.7602602602602602,0.7202202202202201,0.0,0.2138165582433681,0.5644452971030922
0.4993745308981737,0.7605105105105103,0.5037537537537538,0.0,0.348110295271814,0.4281824999563981
0.5206404803602703,0.5272772772772771,0.7525025025025025,0.5018312782322061,0.4952386765962642,0.4997261803024225
0.4035526644983739,0.985235235235235,0.9476976976976976,0.0,0.1072065158623576,0.5559760712977658
0.4558418814110584,1.0,0.3255755755755756,1.0,0.0216404764811553,0.0
0.4933700275206406,0.7922922922922921,0.7112112112112111,0.0,0.460032788600729,0.3975548075413782
0.4180635476607456,0.5535535535535534,0.7004504504504504,0.6166070774543488,0.1796640912499782,0.728145874391754
0.7370527895921943,0.5462962962962962,0.526026026026026,0.5275912586985716,0.7880443692554546,0.4703018992971379
0.740555416562422,0.4299299299299298,0.777027027027027,0.4847550447355111,0.4742557162041962,0.0
0.2689517137853391,0.5748248248248247,0.7855355355355355,0.4821302126026824,0.4112283516751835,0.0152449552644888
0.0,1.0,0.5277777777777778,1.0,1.0,1.0
0.9179384538403804,0.4612112112112111,0.7967967967967968,0.5232415368784554,0.3461429792280726,0.0001988244937823
0.5203902927195397,0.5275275275275274,0.7517517517517517,0.5018155815616443,0.4951933306590858,0.4997401328984774
0.0908181135851889,1.0,0.0,0.0,0.7130700943544308,1.0
0.5176382286715038,0.6656656656656655,0.5447947947947948,1.0,0.7489614036311631,0.5440727627884263
0.8011008256192146,0.8508508508508508,1.0,0.0323072361651289,0.959513054397684,0.8315067059664789
0.7915936952714537,0.9557057057057056,0.6601601601601601,0.3383277813628198,0.2908226799448872,0.0
0.485364023017263,0.573073073073073,0.6844344344344344,0.0,0.4040253239618396,0.4520205103162007
0.7970978233675259,0.6719219219219218,0.894144144144144,0.0,0.2512513734586741,1.0
0.6980235176382288,0.5117617617617617,0.7992992992992993,0.5609972618030242,1.0,0.5409142438564976
0.8168626469852391,1.0,0.994244244244244,1.0,0.0,0.5388684444599473
0.5203902927195397,0.5275275275275274,0.7525025025025025,0.5018469749027679,0.4952090273296475,0.499694786961299
0.7015261446084565,0.5410410410410409,0.7525025025025025,0.5228456319653976,0.4936358721244571,1.0
0.6217162872154117,0.5332832832832832,0.8733733733733733,0.3836370929766119,0.8183668486317736,0.4403003296300818
0.7680760570427823,0.4256756756756756,0.7537537537537538,0.5112771857613757,0.5488044369255455,0.9975129497532136
0.4545909432074057,0.5340340340340339,0.5212712712712713,0.391970280970403,0.4687915307741946,0.0
0.4453340005003754,0.7722722722722721,0.5485485485485485,0.0,0.1338664387742644,0.6048868967682299
0.4956217162872155,0.7032032032032031,0.4677177177177177,0.2429042328688281,0.407825662312294,0.5771264628424926
0.904428321240931,0.3263263263263263,0.7595095095095095,0.5245391283115615,0.49647522542163,0.003816035021016
1.0000000000000002,0.8866366366366365,1.0,1.0,0.0,0.3493764933637965
0.5201401050788093,0.5275275275275274,0.7525025025025025,0.5018923208399463,0.4952229799257024,0.4996494410241205
0.4736052039029273,0.5337837837837837,0.798048048048048,0.1206655388318189,0.4498072797669916,0.4081605246176116
0.5206404803602703,0.528028028028028,0.7525025025025025,0.5017545389539041,0.495177633988524,0.4997854788356559
0.3017262947210408,0.5788288288288287,0.803053053053053,0.6212009697054258,0.9080087901355144,0.3645778467656138
0.5203902927195397,0.5275275275275274,0.7525025025025025,0.5019219701065629,0.4951619373179622,0.4997558295690392
0.5038779084313236,0.6871871871871871,0.4684684684684684,0.3333833301358634,0.4969025236758114,0.4745905785095139
0.4978734050537904,0.7259759759759759,0.5107607607607607,0.0,0.3996912988122852,0.3472103528262728
0.5206404803602703,0.5277777777777777,0.7525025025025025,0.5018469749027679,0.4951619373179622,0.4997401328984774
0.498123592694521,0.7089589589589589,0.6849349349349348,1.0,0.620283586514816,0.4475487032806041
0.5589191893920442,0.7587587587587585,0.6961961961961962,0.0,0.3468440971798315,0.5422414845562202
0.4941205904428322,0.6739239239239239,0.4542042042042042,0.0069745539529449,0.3343146659225282,0.5532448506200185
0.7082812109081813,0.6211211211211211,0.5818318318318318,0.5872141897901878,0.1316846015661789,0.6667980536128504
0.4928696522391795,0.7409909909909909,0.5037537537537538,0.99647522542163,0.5336187801942899,0.6780159408409927
0.4911183387540657,0.3998998998998998,0.7174674674674675,0.5145734865793467,0.0,0.9425135601792908
0.5208906680010009,0.5272772772772771,0.7527527527527527,0.5017702356244659,0.4952229799257024,0.4998011755062176
0.0860645484113085,0.9006506506506505,0.29004004004004,0.0,0.1501805117114603,0.4911331252071088
0.6787590693019766,0.6293793793793793,0.5690690690690691,0.5684130666062054,0.6656399881402933,0.4916214660690304
0.5436577433074807,0.348098098098098,0.6473973973973973,0.0433699007621606,0.2740970054240716,0.403765456860317
0.4093069802351765,0.5115115115115114,0.6153653653653653,0.4625512321886391,1.0,0.4134258855538308
0.5936952714535904,0.4992492492492492,0.7505005005005004,0.4838237089488463,0.4866613181715123,1.0
0.4843632724543409,0.8003003003003002,0.555055055055055,1.0,0.6532622913650872,0.6989535552958822
0.4846134600950714,0.5340340340340339,0.766016016016016,1.0,0.6526065193505066,0.5082093587038038
0.4818613960470354,0.7272272272272271,0.4617117117117117,0.8290963949979943,0.7414235136125016,0.4789246036590683
0.6162121591193397,0.5225225225225224,0.7412412412412412,0.5311020806808867,0.4903709646476097,1.0
0.4948711533650239,0.6206206206206205,0.7129629629629629,1.0,0.6800913895041596,0.4407886704920034
0.4063047285464099,0.4491991991991991,0.8408408408408408,0.3789839021923016,1.0,0.164905732772904
0.5203902927195397,0.5275275275275274,0.7522522522522521,0.5018469749027679,0.4952229799257024,0.4996494410241205
0.6945208906680012,0.5893393393393392,0.5475475475475475,0.5857805605455465,0.2945148856759161,0.5725953572736627
0.8428821616212161,0.4296796796796796,0.7422422422422421,0.5014196766485864,0.500915639116103,0.3889181505833929
0.5864398298724044,0.7382382382382381,0.6529029029029029,0.0,0.2121684078343827,0.527941817674451
0.4398298724043034,0.7700200200200199,0.6819319319319319,1.0,0.5124526919790013,0.5083628372604078
0.7295471603702779,0.34009009009009,0.7442442442442442,0.5049897971641348,0.469295568306678,0.0010830702687618
0.5201401050788093,0.5277777777777777,0.7522522522522521,0.5017702356244659,0.4952683258628809,0.4997261803024225
0.5206404803602703,0.5275275275275274,0.752002002002002,0.5018469749027679,0.495100894710222,0.4996790902907372
0.5203902927195397,0.5277777777777777,0.7525025025025025,0.5018609274988227,0.4952090273296475,0.4997715262396009
0.5203902927195397,0.5277777777777777,0.7532532532532532,0.5018469749027679,0.4951619373179622,0.4998168721767794
0.5439079309482113,0.4972472472472471,0.8148148148148147,0.9871810523745574,0.8471336135479708,0.4250693269616478
0.498123592694521,0.8138138138138137,0.6283783783783783,0.0,0.2231560772276191,0.5318956345815093
0.341506129597198,0.5818318318318317,0.7277277277277276,0.573572038997506,0.7025847184191709,0.3871932608961055
0.5316487365524144,0.4481981981981981,0.7562562562562563,0.2997505973455186,1.0,0.2664056368488061
0.5203902927195397,0.5272772772772771,0.7527527527527527,0.5018016289655894,0.495177633988524,0.4997104836318607
0.6434826119589694,0.7392392392392391,0.0,0.0,1.0,0.3760992029579504
0.5203902927195397,0.5275275275275274,0.7527527527527527,0.5018469749027679,0.4951933306590858,0.4997261803024225
0.5131348511383539,0.7022022022022021,0.6208708708708708,0.0,0.3965781258175349,0.5259884542267645
0.5071303477608208,0.7855355355355353,0.6861861861861861,0.0,0.2817412839876519,0.345272686049148
0.2129096822616963,0.6098598598598598,0.7717717717717717,0.59837103441059,0.5584788182151141,0.8940614263041318
0.8088566424818615,0.6759259259259258,0.3043043043043043,0.7966513769468231,0.4064216823342693,1.0
0.4393294971228422,0.5938438438438437,0.7647647647647646,0.5704588660027556,0.5794007359994419,0.971294277691543
0.3234926194645985,0.5492992992992992,0.848098098098098,0.4461447233025795,1.0,0.3190854073286011
0.4630973229922443,0.4789789789789789,0.7625125125125125,0.0,0.4880356488829203,0.5236077925248966
0.5559169377032775,0.7845345345345344,0.5275275275275275,1.0,0.6926661666986413,0.5330850933951898
0.4991243432574432,0.6794294294294293,0.6806806806806807,1.0,0.6548650958368941,0.3372604077646197
0.722291718789092,0.897147147147147,0.7502502502502502,0.417775607373947,0.3996459528751068,0.0
0.6682511883912936,0.5250250250250249,0.7457457457457457,0.5042729825418142,0.5015714111306835,0.5715105429303939
0.5203902927195397,0.5275275275275274,0.7522522522522521,0.5018016289655894,0.4952090273296475,0.4997401328984774
0.3787840880660497,0.589089089089089,0.7027027027027026,0.6694089331496241,0.7081395957235292,0.440132898477423
0.6522391793845386,0.4942442442442442,0.761011011011011,0.4239566074262693,0.3479585607897169,0.0030067844498317
0.0,0.9717217217217216,0.3085585585585585,0.6733767026527373,0.7237508066344595,0.9993599246559812
0.8506379784838631,1.0,0.0,1.0,0.0366098679735598,1.0
0.5203902927195397,0.5275275275275274,0.7525025025025025,0.5018312782322061,0.495177633988524,0.499694786961299
0.5328996747560671,0.4777277277277276,0.7032032032032032,0.100521478277552,0.4154856375464359,0.3904895617140764
0.5316487365524144,0.6416416416416415,0.7214714714714714,1.0,0.636658702059752,0.4647627186633413
0.5206404803602703,0.5275275275275274,0.7527527527527527,0.5018155815616443,0.4951462406474005,0.499694786961299
0.461596197147861,0.9917417417417416,0.3646146146146146,1.0,0.0,0.7565306869909483
0.9169377032774584,0.928178178178178,0.0072572572572572,1.0,0.0,0.0
0.5006254691018265,0.8906406406406405,0.5713213213213213,0.6536599403526518,0.5077977571201842,1.0
0.5479109331999,0.4859859859859859,0.7772772772772771,0.4232380487294417,1.0,0.3489648917801768
0.5524143107330499,0.4992492492492492,0.7865365365365364,0.4461290266320177,1.0,0.3310951043828593
0.4560920690517889,0.8023023023023022,0.5995995995995995,0.0,0.3300120341140974,0.5035858171861102
0.263447585689267,0.5945945945945945,0.92017017017017,0.041570015871078,0.0,0.5035858171861102
0.5206404803602703,0.5277777777777777,0.7527527527527527,0.5019080175105081,0.4952229799257024,0.4997401328984774
0.5203902927195397,0.5275275275275274,0.752002002002002,0.5018609274988227,0.4951462406474005,0.4997558295690392
0.5208906680010009,0.5275275275275274,0.7532532532532532,0.5018923208399463,0.495177633988524,0.4997261803024225
0.4916187140355267,0.7444944944944943,0.5535535535535535,0.9873188342605996,0.7774683014458378,0.3889024539128312
0.5203902927195397,0.5275275275275274,0.7525025025025025,0.5018469749027679,0.4952090273296475,0.4997854788356559
0.1438578934200651,0.8688688688688688,0.5908408408408408,1.0,0.0,0.9517449465441165
0.47485614210658,0.7014514514514514,0.7422422422422421,0.0,0.3478661248408532,0.4495334600694142
0.3470102576932701,1.0,0.0688188188188188,0.0,0.9419327833685054,0.0039991628442367
0.526895171378534,0.2459959959959959,0.5435435435435435,0.1293946317386679,0.3078221741632803,0.4149066048101575
0.4635976982737054,0.5538038038038037,0.7877877877877877,0.0,0.3791513333449605,0.3970821633500183
0.5203902927195397,0.5275275275275274,0.7532532532532532,0.5018016289655894,0.4951933306590858,0.4997558295690392
0.4756067050287717,0.7304804804804803,0.4987487487487487,0.8882013359610723,0.6392381882554022,0.5015103685229433
0.5809357017763324,0.6233733733733733,0.8288288288288288,0.3043880914592671,0.4780700071507054,0.4978338594624762
0.5206404803602703,0.5275275275275274,0.7527527527527527,0.5018312782322061,0.4951322880513455,0.4997558295690392
0.2441831373530149,0.7482482482482481,0.6639139139139139,0.0,1.0,0.6732842667038735
0.4583437578183639,0.608108108108108,0.8408408408408408,0.5386556673701101,0.5345954619181331,1.0
0.5203902927195397,0.5277777777777777,0.7527527527527527,0.5018155815616443,0.4952090273296475,0.4996651376946823
0.3314986239679761,0.5450450450450449,0.7409909909909909,0.5920069065350472,0.0001063885449186,0.7250640947381272
0.3792844633475107,0.6043543543543543,0.1338838838838839,0.8589758794495701,0.8248687583933585,0.0
0.9642231673755318,1.0,0.904154154154154,1.0,0.0,0.0020440553220434
0.472104078058544,0.4914914914914914,0.6366366366366366,0.5449430559673509,0.0,0.6872019812686398
0.6772579434575934,0.3088088088088087,0.5485485485485485,0.542867607304184,1.0,0.969510089471022
0.5206404803602703,0.5272772772772771,0.7517517517517517,0.5017405863578492,0.4952229799257024,0.499694786961299
0.3680260195146361,0.4904904904904904,0.519019019019019,0.5178558348012627,0.7647871357064373,0.0080733208922685
0.5206404803602703,0.5275275275275274,0.7525025025025025,0.5018155815616443,0.4951462406474005,0.4997558295690392
0.3782837127845885,0.87012012012012,0.0,0.8075326577951409,0.4374313270662923,0.0
0.5201401050788093,0.5275275275275274,0.7522522522522521,0.5018016289655894,0.495177633988524,0.4997558295690392
0.5201401050788093,0.5277777777777777,0.7517517517517517,0.5018312782322061,0.4952386765962642,0.4997558295690392
0.5203902927195397,0.5277777777777777,0.7527527527527527,0.5018312782322061,0.4951933306590858,0.4997261803024225
0.5203902927195397,0.5277777777777777,0.7522522522522521,0.5017859322950277,0.4952090273296475,0.4997715262396009
0.4455841881411059,0.6183683683683683,0.509009009009009,0.0,0.4500374976018975,0.8400073251129287
0.5201401050788093,0.5275275275275274,0.752002002002002,0.5018016289655894,0.4952090273296475,0.499694786961299
0.3269952464348262,0.5855855855855855,0.7137137137137137,0.6187889146624344,0.5118126166349827,0.5618518583113871
0.430572929697273,0.8643643643643643,0.7575075075075075,0.315803059106685,0.4508450040985751,0.0
0.0,1.0,0.0,0.0,0.0,0.0300783089453581
0.5446584938704029,0.6884384384384383,0.66991991991992,0.0,0.2863055269721122,0.7401119695833406
0.4936202151613711,0.7542542542542541,0.5257757757757757,0.6317613408444809,0.5806372848248077,0.5638052217590735
0.3577683262446836,0.579079079079079,0.8283283283283283,0.4198807053037305,0.0,0.6845928458063728
0.6992744558418815,0.7289789789789789,1.0,0.1270593159739784,0.7285435233793187,0.761597223433385
0.0,1.0,0.2742742742742743,0.0,0.1966635854683712,0.0
0.4245684263197399,0.618118118118118,0.6744244244244244,0.0,0.7254913929923086,0.7469940875874217
0.3329997498123593,0.552052052052052,0.75,0.5735109963897658,0.5945236060484504,0.5410973716797182
0.0,0.6609109109109108,0.0,0.7516019324345535,0.9162041962432634,0.6652126898861119
0.2351763822867151,0.9717217217217216,0.777027027027027,0.3231892146432495,0.4398887280464622,0.0
0.474355766825119,0.7187187187187186,0.4687187187187187,0.8925807070478051,0.6786874095261349,0.4904006139142264
0.5669251938954217,0.5605605605605605,0.7472472472472472,0.5113853183808013,0.5416921010865584,1.0
0.0,0.857107107107107,0.4309309309309309,0.0,0.0,0.3710623157821302
0.5201401050788093,0.5277777777777777,0.7525025025025025,0.5018469749027679,0.4951462406474005,0.4997104836318607
0.5203902927195397,0.5272772772772771,0.7522522522522521,0.5018312782322061,0.4951619373179622,0.4997715262396009
0.5206404803602703,0.5277777777777777,0.7530030030030029,0.5018609274988227,0.4951462406474005,0.4997261803024225
0.4836127095321492,0.4802302302302301,0.7112112112112111,0.2866107400108132,1.0,0.2878001988244938
0.5206404803602703,0.5277777777777777,0.7525025025025025,0.5018155815616443,0.4952229799257024,0.4997715262396009
0.602201651238429,0.6516516516516515,0.0,0.0,1.0,1.0
0.5203902927195397,0.5277777777777777,0.7522522522522521,0.5018312782322061,0.4951462406474005,0.4997715262396009
0.6202151613710284,0.335085085085085,0.4767267267267267,0.8723145612780578,0.0,0.4894239321903831
0.5203902927195397,0.5277777777777777,0.7527527527527527,0.5018469749027679,0.4951462406474005,0.499694786961299
0.4691018263697775,0.507007007007007,0.7157157157157157,0.5085163158170117,0.0,0.8184435879100755
0.6672504378283715,0.5027527527527527,0.757007007007007,0.5044247170239112,0.4681043654184906,0.231504961891972
0.5203902927195397,0.5275275275275274,0.7522522522522521,0.5018469749027679,0.4951933306590858,0.4997261803024225
0.5669251938954217,0.512012012012012,0.7802802802802802,0.5195493311474266,0.4969932155501683,1.0
0.7773329997498126,0.4822322322322321,0.7334834834834835,0.5159774665573713,0.5115056595217747,1.0
0.609957468101076,0.4862362362362361,0.6809309309309308,0.4421316078622879,1.0,0.4770636761602456
0.5206404803602703,0.5275275275275274,0.752002002002002,0.5018923208399463,0.4951933306590858,0.4997401328984774
0.5203902927195397,0.5275275275275274,0.752002002002002,0.5018766241693845,0.495254373266826,0.499694786961299
0.5146359769827372,0.7194694694694693,0.5708208208208208,1.0,0.5460261262361128,0.5687043270488515
0.5203902927195397,0.5277777777777777,0.7525025025025025,0.5017702356244659,0.4951322880513455,0.499694786961299
0.5203902927195397,0.5275275275275274,0.7522522522522521,0.5018155815616443,0.4951933306590858,0.4997715262396009
0.6054540905679261,0.6211211211211211,0.5447947947947948,0.546315642604252,0.0,0.7191586584578893
0.1608706529897423,1.0,0.1951951951951951,1.0,0.0,0.0175035317508764
0.8188641481110834,0.7667667667667666,0.9832332332332332,0.0,1.0,1.0
0.4906179634726046,1.0,0.0,0.9936672654655806,0.7158623576399183,0.0
0.5203902927195397,0.5275275275275274,0.7525025025025025,0.5018155815616443,0.495177633988524,0.4996790902907372
0.4758568926695022,0.6836836836836836,0.4809809809809809,0.0,0.2712280028602822,0.4481591293580061
0.5196397297973482,0.5277777777777777,0.7530030030030029,0.5018312782322061,0.495177633988524,0.4997715262396009
0.6982737052789594,0.4852352352352351,0.7487487487487487,0.4893471929120812,0.4888448994541047,0.7991401712681165
0.5739304478358771,0.5518018018018017,0.7835335335335334,0.5576538709733679,0.6001098766939323,0.4129828906290876
0.5258944208156119,0.7009509509509508,0.4882382382382382,1.0,0.7270174581858136,0.5057537017981408
0.4723542656992746,0.9614614614614614,0.042042042042042,0.0,0.3154368034602438,0.1449604967124196
0.991743807855892,0.2637637637637637,0.7712712712712713,0.5214713012539895,0.5246455168564801,9.06918743569518e-05
0.4493370027520642,0.7580080080080078,0.6906906906906907,1.0,0.6570469330449797,0.4149833440884594
0.6710032524393297,0.5873373373373372,0.6581581581581581,0.4260617053560528,0.7034707082686572,0.5769136857526553
0.4958719039279461,0.6989489489489489,0.4049049049049049,0.6372848248077158,0.5855660393812023,0.5263250606065891
0.2119089316987741,1.0,0.064064064064064,0.0,0.0044107644278563,1.0
0.5101325994495873,0.6301301301301301,0.7910410410410409,0.0,0.3516211172541291,0.4750649667753806
0.5143857893420066,0.7419919919919918,0.5,0.0,0.3607304184034742,0.4341193295777595
1.0000000000000002,1.0,0.5625625625625625,1.0,0.0,0.0
0.2244183137353015,0.5050050050050049,0.5690690690690691,0.5291016272215149,0.0853218689502415,0.5446378429286499
0.5201401050788093,0.5277777777777777,0.7522522522522521,0.5018155815616443,0.4952229799257024,0.4997401328984774
0.5589191893920442,0.5758258258258258,0.7387387387387387,1.0,0.5910441774072588,0.5456755672602334
0.6172129096822618,0.4767267267267266,0.767017017017017,0.5259431082895861,0.4836859270628041,0.8660882152885572
0.7020265198899176,0.4619619619619619,0.7595095095095095,0.5101330728848736,0.5138113260198476,1.0
0.4630973229922443,0.4679679679679679,0.7567567567567567,0.3512845108743045,1.0,0.15411688787345
0.0065048786589942,1.0,0.7377377377377377,1.0,1.0,0.1115701902785287
0.5243932949712286,0.4717217217217216,0.7289789789789789,0.2271238467307323,1.0,0.0087744388440274
0.5211408556417314,0.5275275275275274,0.7525025025025025,0.5019080175105081,0.4952229799257024,0.4997715262396009
0.3262446835126346,0.5005005005005004,0.6481481481481481,0.5820255681322706,0.0,0.7815128102272528
0.5201401050788093,0.5277777777777777,0.7522522522522521,0.5019080175105081,0.495100894710222,0.4997261803024225
0.0,1.0,0.0,1.0,0.4467394527094197,0.2629105115370529
0.4590943207405555,0.5197697697697696,0.7775275275275275,0.2905314195022411,1.0,0.1929399863962188
0.049286965223918,0.3618618618618617,0.314064064064064,0.7615675741667685,1.0,1.0
0.3094821115836879,0.6336336336336336,0.7575075075075075,0.476727069780421,0.4398573347053386,0.1603432338629506
0.4400800600450339,0.5700700700700699,0.5885885885885885,0.5517187854265134,1.0,0.4756283028410973
0.5206404803602703,0.5277777777777777,0.7525025025025025,0.5018155815616443,0.495177633988524,0.4997558295690392
0.4318238679009258,1.0,0.0,0.0,1.0,0.5182517397143206
0.3224918689016763,1.0,0.6736736736736736,0.0,0.269640895059037,1.0
0.0,0.7022022022022021,1.0,0.0068524687374645,0.8650801402235904,1.0
1.0000000000000002,1.0,0.0,0.983457453302405,0.0,0.4869525786141584
0.4753565173880412,0.5105105105105104,0.847097097097097,0.3470586183441757,1.0,0.0
0.2672004003002253,0.7102102102102101,0.7159659659659658,0.6013150321781746,0.5566178907162914,0.8319340042206602
0.5376532399299476,0.5267767767767767,0.7647647647647646,0.4849067792176081,0.5094459075291696,1.0
0.5276457343007257,0.5610610610610609,0.7444944944944945,0.4537140066623646,0.4623820569614734,0.4156391161030399
0.5198899174380787,0.5277777777777777,0.7522522522522521,0.5018155815616443,0.4952229799257024,0.4996651376946823
0.2769577182887166,0.4006506506506506,0.0570570570570571,0.3397945480230915,0.1701710937091232,0.30722744475644
0.1318488866649988,0.6611611611611611,0.5728228228228228,0.5565097580968659,0.9866927115126358,0.3345134904163106
0.4103077307980987,0.8415915915915915,0.4034034034034034,1.0,0.0,0.5549540436367442
0.7297973480110085,0.5355355355355355,0.7935435435435434,0.4523867659626419,0.9112597450163072,0.6081064583078989
0.4490868151113336,0.6516516516516515,0.6689189189189189,1.0,0.4863421525367564,0.5851840870641993
0.5183887915936954,0.6579079079079078,0.48998998998999,1.0,0.6443500706350176,0.5946160419973141
0.5203902927195397,0.5275275275275274,0.7525025025025025,0.5018312782322061,0.4952229799257024,0.4997715262396009
0.4655991993995498,0.3636136136136135,0.7147147147147146,0.1937178436262797,0.3798228020301027,0.3806163559307254
0.5636727545659246,0.4974974974974974,0.8093093093093093,0.3918638924254844,1.0,0.2926679107731482
0.5206404803602703,0.5277777777777777,0.7532532532532532,0.5018016289655894,0.4951933306590858,0.4997104836318607
0.5106329747310484,0.7815315315315314,0.5928428428428428,0.0,0.3474248739906169,0.5428972565708007
0.8729046785088819,0.6549049049049048,0.804054054054054,0.4710047613234037,0.4994192231892146,1.0
0.5051288466349764,0.7394894894894893,0.6048548548548548,0.0,0.3108743045502904,0.5164204614821145
0.4958719039279461,0.5425425425425424,0.8516016016016015,0.5485131764828993,0.4996790902907372,0.0
0.6972729547160372,0.6799299299299298,0.5227727727727728,0.4236810436541849,0.3220921917784327,0.7250937440047439
0.1243432574430823,0.5025025025025024,0.0,0.1154769171739016,0.4974065612082948,0.1700647051642046
0.0640480360270203,0.8055555555555554,0.1551551551551551,0.0742278110120864,0.4998011755062176,0.0
0.5211408556417314,0.5292792792792792,0.7522522522522521,0.5018016289655894,0.4951462406474005,0.4995883984163803
0.5208906680010009,0.5277777777777777,0.7527527527527527,0.5018312782322061,0.4952090273296475,0.499694786961299
0.0465349011758819,0.5588088088088087,0.0,0.0784101016795437,0.94075727715088,0.92873188342606
0.4978734050537904,0.6003503503503502,0.6163663663663663,0.0,0.454599996511851,0.464549941573504
0.4983737803352516,0.4844844844844844,0.8025525525525525,0.156712070739662,0.4650679317020423,0.4482515653068699
0.0,1.0,0.3088088088088088,0.0,0.0,0.141175855032527
0.4861145859394547,0.7184684684684683,0.4992492492492492,0.0,0.2067827057571899,0.4444355302858538
0.7865899424568428,0.5467967967967967,0.7592592592592592,0.4178819959188656,0.8296754277342728,0.5696949613687496
0.4183137353014762,0.5092592592592592,0.6804304304304304,0.620956799274465,0.0,0.9584142874583602
0.5366524893670254,0.558058058058058,0.7132132132132132,0.0,0.4193016725674521,0.4307009435443082
1.0000000000000002,0.6701701701701701,0.7142142142142142,1.0,0.8440047438826586,0.9507682648202732
0.5619214410808108,0.523023023023023,0.7477477477477477,0.0686886303782898,0.4106789682055217,0.3757939899192494
0.5203902927195397,0.5275275275275274,0.7525025025025025,0.5018155815616443,0.4952386765962642,0.499694786961299
0.4578433825369028,0.5225225225225224,0.7092092092092092,0.554587787990303,0.0,0.8415630395730506
0.5391543657743308,0.6311311311311311,0.3916416416416416,0.7911732389207666,0.6870641993825977,0.5146955717948271
0.4991243432574432,0.7222222222222221,0.4489489489489489,0.0,0.3485218968554336,0.5245548249821232
0.7002752064048038,0.583083083083083,0.5843343343343343,0.4906761776863108,0.7679003087011878,0.473584247519054
0.5206404803602703,0.5277777777777777,0.7525025025025025,0.5018155815616443,0.4951619373179622,0.4997854788356559
0.6244683512634477,0.5177677677677677,0.6426426426426426,0.4781467464290074,0.8545197690845352,0.4171808779671068
0.5201401050788093,0.5277777777777777,0.7530030030030029,0.5018312782322061,0.4951619373179622,0.4996790902907372
0.5203902927195397,0.5275275275275274,0.752002002002002,0.5018766241693845,0.4952090273296475,0.4997401328984774
0.4030522892169128,1.0,0.4924924924924925,1.0,0.0343216422205557,0.0
0.2514385789342007,0.709209209209209,0.7304804804804804,0.4554092470830354,0.5020144060554267,0.486982227880775
0.3420065048786591,0.3651151151151151,0.7697697697697696,0.3584735859915935,0.0,0.5737848160873432
1.0000000000000002,0.3040540540540539,0.7765265265265264,0.5125294312573033,0.5021975338786473,0.0966618413938643
0.4686014510883163,0.7667667667667666,0.4937437437437437,0.0,0.3124614123515357,0.5389294870676875
0.2679509632224169,0.5835835835835835,0.8838838838838838,0.5404869456023161,0.9565376632889756,0.2747074315014738
0.6812609457092821,0.5525525525525524,0.6493993993993994,0.6135392503967769,0.6344158222439262,0.5642168233426932
0.4996247185389043,0.7247247247247246,0.5452952952952953,0.0,0.3784641679892565,0.4776897989082093
0.5969477107830875,0.4384384384384384,0.7867867867867867,0.4932539198074542,0.467464290074472,0.0
0.714535901926445,0.6218718718718718,0.7142142142142142,0.4880966914906605,0.5072030277133439,1.0
0.4158118588941707,0.5427927927927927,0.8135635635635635,0.4952229799257024,0.989744841899646,0.3139735249489858
0.4403302476857644,0.5715715715715715,0.797047047047047,0.2363866264366814,0.5611803896262448,0.4279540261959991
0.7583187390542909,0.6288788788788788,0.4459459459459459,0.0383958002685874,1.0,1.0
0.5203902927195397,0.5275275275275274,0.7525025025025025,0.5018155815616443,0.495177633988524,0.4997715262396009
0.4198148611458595,0.563063063063063,0.6959459459459459,0.445717425048398,0.4801158065472557,0.0154280830877095
0.4846134600950714,0.4974974974974974,0.7682682682682682,0.4647487660672864,0.0,0.6585886949090465
0.5208906680010009,0.5275275275275274,0.7525025025025025,0.5017702356244659,0.4952229799257024,0.4997558295690392
0.5206404803602703,0.5275275275275274,0.752002002002002,0.5017702356244659,0.4951619373179622,0.4997558295690392
0.4766074555916939,0.8173173173173172,0.5165165165165165,0.0,0.2851596700211033,0.4914836841829883
0.1698774080560421,0.5528028028028027,0.6176176176176176,0.5746708059368296,0.0477963618605787,0.5317264593543436
0.6662496872654493,0.6126126126126126,0.5930930930930931,0.6175837591781921,0.1594118980762858,0.6439698623925214
0.5576682511883915,0.6001001001001001,0.7464964964964964,0.5351605420583567,0.4841742679247257,0.0
0.5829372029021768,0.4869869869869869,0.7572572572572571,0.5274238275459128,0.5354657550970577,1.0
0.409557167875907,0.5322822822822821,0.6779279279279279,0.6771003017248897,0.152882083122591,0.7185482323804873
0.0,1.0,0.3078078078078078,0.0,0.0540680537872578,1.0
0.3545158869151865,0.7775275275275274,0.0,1.0,0.5662922720058601,1.0
0.5206404803602703,0.5272772772772771,0.7527527527527527,0.5018923208399463,0.4952229799257024,0.4997261803024225
0.0,0.8013013013013012,0.6751751751751751,0.0,0.0,0.4423600816226869
0.7042782086564925,0.3596096096096095,0.83008008008008,0.5102865514414776,0.4664265657428885,0.4290684898058845
0.5349011758819116,0.5888388388388387,0.7389889889889889,0.9925684985262572,0.579156565568481,0.5010377243315834
0.5203902927195397,0.5275275275275274,0.7517517517517517,0.5018766241693845,0.495254373266826,0.4997558295690392
0.5206404803602703,0.5275275275275274,0.7525025025025025,0.5018155815616443,0.4952229799257024,0.4996651376946823
0.6682511883912936,0.5487987987987987,0.6166166166166166,0.5240054415124614,0.2979489683799292,0.694985785792769
0.4160620465349013,0.6048548548548548,0.9249249249249248,0.0948148664910965,0.5812320142316479,0.2713029980640773
0.2244183137353015,0.5753253253253252,0.6771771771771771,0.4571027434291993,1.0,0.2451628093552156
0.8088566424818615,0.5555555555555555,0.7069569569569569,0.5955927237211573,0.6807018155815616,1.0
0.5208906680010009,0.5272772772772771,0.7525025025025025,0.5018609274988227,0.4951322880513455,0.4998011755062176
0.4600950713034777,0.7597597597597596,0.5748248248248248,0.0,0.3719779548982332,0.4665033050211905
0.5206404803602703,0.5277777777777777,0.7522522522522521,0.5018312782322061,0.4951619373179622,0.4996023510124353
1.0000000000000002,0.7925425425425424,0.0,1.0,0.0006400753440187,0.5325200132549662
0.5208906680010009,0.5282782782782782,0.7537537537537538,0.5019533634476865,0.4946892931266023,0.4998168721767794
0.5911933950462849,0.6899399399399399,0.8703703703703703,0.0,1.0,0.4901267942166489
0.8358769076807608,0.5455455455455455,0.7665165165165164,0.500151734482097,0.4443587910075518,1.0
0.5604203152364274,0.7352352352352352,0.7510010010010009,0.5284755044735511,0.4805117114603136,1.0
0.5203902927195397,0.5275275275275274,0.7527527527527527,0.5018312782322061,0.4952090273296475,0.499694786961299
0.5001250938203654,0.5040040040040039,0.8048048048048048,0.0413711913772956,0.4977257268430507,0.4352494898582068
0.469352014010508,0.7244744744744743,0.5948448448448448,0.0,0.3476376510804542,0.5011912028881874
0.4385789342006506,0.512012012012012,0.8438438438438438,0.592251076966008,1.0,0.3390463400596473
0.3945459094320742,0.4689689689689689,0.7144644644644644,0.5070512932312469,0.0,0.7756230706175767
0.5629221916437329,0.8548548548548547,0.6644144144144144,0.4235432617681427,0.4715244955264489,0.0
0.4793595196397299,0.4431931931931931,0.7352352352352352,0.5415089732633378,0.0,0.8420984704466574
0.4155616712534402,0.5005005005005004,0.6986986986986987,0.6538727174424891,0.0,0.7490852329211504
0.3437578183637729,1.0,0.2802802802802803,1.0,1.0,1.0
0.291718789091819,0.5653153153153152,0.6811811811811811,0.5433402514955439,0.4794582904581683,0.5121474789403003
0.5203902927195397,0.6126126126126126,0.7164664664664664,1.0,0.6423356645795908,0.5100423810105168
0.3732799599699776,0.4537037037037036,0.8506006006006005,0.478711826569231,1.0,0.2689240804367163
0.5201401050788093,0.5275275275275274,0.7527527527527527,0.5018155815616443,0.4952229799257024,0.4997854788356559
0.3239929947460597,0.633133133133133,0.7852852852852852,0.4931178819959189,0.5113992709768561,1.0
0.5509131848886666,0.7662662662662661,0.5377877877877878,1.0,0.685646266808518,0.43675985838115
0.6172129096822618,0.5085085085085084,0.7712712712712713,0.4163419781293057,1.0,0.4503427106405985
0.4996247185389043,0.7097097097097096,0.4897397397397397,0.2196923452569893,0.3606397265291173,0.564842946090657
0.5258944208156119,0.5500500500500499,0.7615115115115114,0.8202138235345413,0.559028201684776,0.4516996006069379
0.4533400050037529,0.548048048048048,0.7452452452452452,0.043096081064583,0.5498718105237456,0.3833318799379109
0.630973229922442,0.5578078078078077,0.7512512512512513,0.5160088598984949,0.3462493677729912,0.0
1.0000000000000002,0.4882382382382381,0.975975975975976,1.0,1.0,0.4430768962450075
0.4560920690517889,0.4727227227227226,0.7169669669669669,0.0,0.4346390637808047,0.4697228665608595
0.1038278709031774,0.6786786786786786,0.6123623623623623,0.5764096482201719,0.986296806599578,0.2989099534332107
0.495371528646485,0.5808308308308308,0.7907907907907907,0.394274203393969,0.4890733732145037,0.4746516211172541
0.5138854140605456,0.4867367367367367,0.8063063063063063,0.0425780909360448,0.4342257181226782,0.471294277691543
0.5491618714035528,0.5305305305305305,0.7227227227227226,0.3460505432792089,1.0,0.3074262692502224
0.7398048536402303,0.4554554554554554,0.7477477477477477,0.4860212428274936,0.5024574009801699,0.6475853288452482
0.5934450838128598,0.7710210210210209,0.7730230230230231,0.5071733784467273,0.4772921499206446,1.0
0.9957468101075808,0.9459459459459458,0.0,0.916936707536146,0.5153216945427909,0.0
0.4726044533400051,0.7682682682682681,0.7107107107107107,1.0,0.6285557319008668,0.5747771944817482
0.5203902927195397,0.5275275275275274,0.7525025025025025,0.5017702356244659,0.4951933306590858,0.499694786961299
0.4751063297473106,0.7307307307307306,0.5145145145145145,0.0,0.3747405689171041,0.4411706228090064
0.490367775831874,0.6826826826826826,0.7037037037037036,1.0,0.6786560161850115,0.5083924865270244
0.5286464848636478,0.6318818818818818,0.3766266266266266,0.4218654620925406,0.4823743830336432,0.5545267453825627
0.4418313735301477,0.5893393393393392,0.7695195195195195,0.4579119940003837,0.4503427106405985,0.0
0.5206404803602703,0.5277777777777777,0.7530030030030029,0.5018609274988227,0.495177633988524,0.4997401328984774
0.6532399299474607,0.595095095095095,0.7294794794794794,0.4298620437065071,0.0,0.5747771944817482
0.4886164623467602,0.5332832832832832,0.7489989989989989,0.5240664841202016,0.453530878839144,0.5110033660637983
0.5206404803602703,0.5277777777777777,0.7530030030030029,0.5018016289655894,0.495254373266826,0.4997715262396009
0.5208906680010009,0.5272772772772771,0.7527527527527527,0.5018766241693845,0.4952229799257024,0.4996790902907372
0.0140105078809107,0.7600100100100099,0.7482482482482482,0.624710047613234,0.526110539442245,0.9999843033294382
0.3587690768076058,0.6974474474474474,0.7337337337337337,0.5355581910459215,0.5062716919266791,0.3954497096115946
0.5183887915936954,0.4824824824824824,0.6884384384384383,0.3924115318206393,0.0,0.9183406875141706
0.5208906680010009,0.527027027027027,0.7525025025025025,0.5018312782322061,0.4951322880513455,0.4996651376946823
0.8914185639229424,0.4384384384384384,0.777027027027027,0.5267366621902088,0.4825104208451785,0.4741475835847707
0.7155366524893672,0.4479479479479478,0.7780280280280281,0.505204318328479,0.4891640650888606,0.9953154158745662
0.4968726544908682,0.7625125125125124,0.562062062062062,1.0,0.805075256814971,0.5277290405846138
0.7873405053790344,0.4424424424424423,0.7587587587587588,0.4752620471946561,0.4963827894727662,0.9690060519385388
0.5203902927195397,0.5275275275275274,0.752002002002002,0.5018312782322061,0.4951462406474005,0.4997715262396009
0.6870152614460847,0.5553053053053052,0.5415415415415415,0.5472469783909168,0.2714268273540646,0.6847149310218532
0.5206404803602703,0.5277777777777777,0.7527527527527527,0.5018609274988227,0.4951619373179622,0.4997401328984774
0.5203902927195397,0.528028028028028,0.7527527527527527,0.5018016289655894,0.4952090273296475,0.4997261803024225
0.5203902927195397,0.5275275275275274,0.7522522522522521,0.5018155815616443,0.4951933306590858,0.4997401328984774
0.5203902927195397,0.5275275275275274,0.7525025025025025,0.5017859322950277,0.4952683258628809,0.4997401328984774
0.6672504378283715,0.4732232232232231,0.7857857857857857,0.5195789804140433,0.5106057170762335,1.0
0.4923692769577184,0.7022022022022021,0.4754754754754755,0.0406386800844131,0.3792577218898791,0.5811099290161675
0.5206404803602703,0.5277777777777777,0.7522522522522521,0.5018312782322061,0.495177633988524,0.499694786961299
0.0360270202651989,1.0,0.0583083083083083,0.0,0.0,1.0
0.7985989492119091,0.3098098098098097,0.7577577577577577,0.5110644086715385,0.4450913023004342,0.3614036311631233
0.5203902927195397,0.5275275275275274,0.7522522522522521,0.5018609274988227,0.4952229799257024,0.4997558295690392
0.5203902927195397,0.5275275275275274,0.7525025025025025,0.5018766241693845,0.495177633988524,0.4997558295690392
0.4668501376032025,0.772022022022022,0.5247747747747747,0.0,0.3621047491148822,0.4830755009854021
0.5206404803602703,0.5275275275275274,0.7532532532532532,0.5017702356244659,0.4951462406474005,0.4997401328984774
0.5203902927195397,0.5275275275275274,0.7527527527527527,0.5017702356244659,0.4951462406474005,0.4996651376946823
0.5198899174380787,0.5277777777777777,0.752002002002002,0.5018155815616443,0.4951462406474005,0.4997261803024225
0.5541656242181637,0.4459459459459459,0.7129629629629629,0.5448209707518705,0.0,0.8794094563719762
0.4500875656742558,0.4659659659659659,0.6901901901901901,0.7175262047194656,0.0,0.8246402846329595
0.0320240180135101,1.0,0.0145145145145145,1.0,0.0034340827040131,0.6973350541535135
0.4741055791843884,0.8043043043043042,0.6183683683683683,0.0,0.3661632104923522,0.5210753963409317
0.0280210157618214,1.0,0.0910910910910911,0.0,0.1710256902174861,0.7999790711059176
0.0472854640980736,1.0,0.1846846846846847,0.0,0.857130648621309,0.5511083593491114
0.4430823117338004,0.4039039039039038,0.7597597597597596,0.5556708582590648,0.5419816174546976,0.6328583637092977
0.485364023017263,0.3013013013013012,0.7522522522522521,0.1792664422624134,0.1777403770689083,0.4763311648673631
0.5206404803602703,0.5275275275275274,0.7530030030030029,0.5018312782322061,0.4952090273296475,0.499694786961299
0.4686014510883163,0.5307807807807807,0.771021021021021,0.5418298829726006,0.5671625651847847,1.0
0.651988991743808,0.2907907907907907,0.6241241241241241,0.9215445523832776,0.0031585189319287,0.6359418874374313
0.9974981235926949,1.0,1.0,0.0,1.0,0.652805343844289
0.5208906680010009,0.5275275275275274,0.7525025025025025,0.5017702356244659,0.4952386765962642,0.4997715262396009
0.5361521140855643,0.4314314314314313,0.7727727727727727,0.6911244048345745,0.5438128956869037,0.5101627221514903
0.5203902927195397,0.5275275275275274,0.7522522522522521,0.5018609274988227,0.4952090273296475,0.499694786961299
0.536902677007756,0.7267267267267266,0.8045545545545545,0.0,0.4853811674834749,0.3824929801001099
0.5203902927195397,0.5275275275275274,0.7527527527527527,0.5018016289655894,0.4952090273296475,0.4996023510124353
0.4593445083812861,0.5027527527527527,0.744994994994995,0.5858572998238485,0.0,0.8052740813087536
0.3720290217663248,0.5578078078078077,0.7835335335335334,0.6988454226764567,0.4268709559272372,0.5052200149990408
0.3052289216912686,0.5422922922922921,0.8668668668668669,0.6571690182604601,0.9259849660777508,0.2264070321084116
0.3197398048536403,0.7182182182182181,0.7765265265265264,0.3741301428397021,0.2131921795699112,0.0
0.4788591443582688,0.5090090090090089,0.7975475475475475,0.5118126166349827,0.4867380574498142,0.5038613809581945
0.5203902927195397,0.5272772772772771,0.752002002002002,0.5018766241693845,0.495254373266826,0.499694786961299
0.4928696522391795,0.7187187187187186,0.0858358358358358,0.778293248687584,1.0,0.8840643912307934
0.5283962972229174,0.5613113113113112,0.7547547547547546,0.4562638435913982,0.4453511694019568,0.0
0.2957217913435077,0.8536036036036034,0.0,0.804693304497968,0.2748295167169541,0.2989099534332107
0.8779084313234928,0.7207207207207206,0.0,1.0,0.1412229450442123,0.7161815232746742
0.5416562421816363,0.7930430430430429,0.285035035035035,0.0,1.0,0.4858084657376563
1.0000000000000002,0.3043043043043042,0.0,0.2240577637476672,0.9860369394980552,0.7001587107801245
0.6835126344758571,0.4907407407407406,0.5312812812812813,0.9997244362279156,1.0,0.3889181505833929
0.0750562922191644,0.9994994994994992,0.3688688688688688,0.0,1.0,0.7641470603624188
0.4313234926194647,0.5010010010010009,0.7389889889889889,0.5825453023353158,0.0,0.8617384934684409
0.5809357017763324,0.4594594594594594,0.7615115115115114,0.5098121631756108,0.4830755009854021,0.9996790902907372
0.435576682511884,0.4461961961961961,0.6524024024024023,0.7191272651167657,0.0,0.9587962397753632
0.4678508881661247,0.7332332332332332,0.5462962962962963,0.2518774962066379,0.4479306555976071,0.4844794809634267
0.5128846634976234,0.6759259259259258,0.6756756756756757,0.0,0.2190819191795873,0.4475940492177825
0.4703527645734302,0.7369869869869868,0.5575575575575575,0.0,0.3312171895983397,0.4625198388475156
0.0,0.7112112112112111,0.8883883883883883,0.0,0.0,0.9678008964542966
0.4085564173129848,0.5310310310310309,0.836086086086086,0.554967996232799,1.0,0.1912778833911784
0.5589191893920442,0.4814814814814814,0.832082082082082,0.0278197324589706,0.3857892809180808,0.5707937283080733
1.0000000000000002,0.6854354354354353,0.5137637637637638,1.0,1.0,0.0014493259152031
0.5834375781836378,0.3923923923923923,0.7457457457457457,0.0,0.4989169297312381,0.4980623332228753
0.4683512634475858,0.7129629629629628,0.4324324324324324,0.50352477457837,0.4974362104749115,0.5848335280883199
0.5203902927195397,0.5275275275275274,0.7527527527527527,0.5018923208399463,0.4951933306590858,0.4997558295690392
0.4598448836627472,0.7204704704704703,0.4349349349349349,1.0,0.7682369150810122,0.5163908122154979
0.2934701025769328,1.0,0.521021021021021,0.0,0.999909308125643,0.9879292603380015
0.4545909432074057,0.6906906906906906,0.6736736736736736,0.0,1.0,0.6793745748818389
1.0000000000000002,0.6706706706706705,0.0820820820820821,0.7172959868845596,0.5932731046270296,1.0
0.5206404803602703,0.527027027027027,0.7530030030030029,0.5018016289655894,0.495254373266826,0.499694786961299
0.4000500375281462,0.8548548548548547,0.859109109109109,0.8251286254948811,0.5672689537297033,1.0
0.8256192144108083,1.0,0.0,0.0,1.0,0.0858416031532867
0.4658493870402803,0.5673173173173173,0.7407407407407407,1.0,0.7154193627151751,0.4609641243873938
0.4448336252189143,0.6644144144144143,0.7087087087087086,1.0,0.6729651010691177,0.5237455744109388
0.725043782837128,0.4632132132132131,0.7587587587587588,0.4873345309311613,0.500305213038701,0.9882344733767028
0.5203902927195397,0.5277777777777777,0.7525025025025025,0.5018312782322061,0.4952229799257024,0.4997104836318607
0.0630472854640981,0.845095095095095,0.0,0.236327327903448,0.2603467220119644,0.4205678706594346
0.7037778333750314,0.6323823823823823,0.4614614614614614,0.3995238676596264,0.1613059629907389,0.615370528628983
0.4288216162121592,0.4647147147147146,0.647147147147147,0.4744074506862933,0.0,0.7404171826220416
0.4583437578183639,0.6466466466466465,0.7707707707707707,1.0,0.6382301131904355,0.4931475312625355
0.7170377783337505,0.4874874874874874,0.7722722722722721,0.5293004517152973,0.5731447407433246,1.0
0.4828621466099576,0.523023023023023,0.8028028028028027,0.0875664928405741,0.6110661527460453,0.4892111551005459
0.1178383787840881,1.0,1.0,9.06918743569518e-05,0.5354657550970577,1.0
0.5206404803602703,0.5275275275275274,0.7525025025025025,0.5018923208399463,0.4952090273296475,0.499694786961299
0.7930948211158371,0.4579579579579578,0.7797797797797796,0.5074018522071263,0.4587805431048014,0.7457121928248774
0.4158118588941707,0.7224724724724724,0.4844844844844844,1.0,0.86143328042974,0.4942462982018591
0.9619714786089568,0.4892392392392392,0.889139139139139,0.5497950712454436,0.5359697926295411,0.0
0.2967225419064299,0.7682682682682681,0.8681181181181181,0.7780037323194446,0.5589218131398573,1.0
0.5061295971978985,0.6901901901901901,0.4787287287287287,0.1543157123672323,0.4446797007168146,0.4897291452290842
0.5664248186139607,0.9384384384384384,0.0,1.0,0.2765387097336798,1.0
0.6534901175881913,0.4439439439439439,0.7464964964964964,0.5056316165826604,0.4808779671067548,0.4473498787868217
0.4655991993995498,0.4239239239239238,0.6363863863863863,0.5118126166349827,0.0,0.8012749184645167
0.0515386539904929,1.0,0.1796796796796797,0.3457610269110696,0.974423147356855,0.0
0.6164623467600702,0.548048048048048,0.5833333333333333,0.4080244868060764,0.8216335001831279,0.404529361494323
0.4926194645984489,0.6821821821821821,0.8053053053053052,0.0,0.3282417984896315,0.5931824127526728
0.5096322241681263,0.7499999999999999,0.5998498498498498,1.0,0.661853602385894,0.4826482027312206
0.5316487365524144,0.5305305305305305,0.8208208208208208,0.3939532936847062,1.0,0.3012138758567766
0.4768576432324244,0.9989989989989988,0.0,0.9995273558086402,0.2720355093569597,1.0
0.5203902927195397,0.5272772772772771,0.7525025025025025,0.5018312782322061,0.4952090273296475,0.4997261803024225
0.4520890668001002,0.4952452452452451,0.7847847847847848,0.4055060432181663,1.0,0.3142473446465633
1.0000000000000002,1.0,1.0,1.0,0.0,0.4332647330693967
0.0,0.9847347347347346,0.1276276276276276,0.0,0.8772747091755759,0.2980553569248478
0.5206404803602703,0.5272772772772771,0.7525025025025025,0.5018155815616443,0.4952229799257024,0.499694786961299
0.5203902927195397,0.5277777777777777,0.7532532532532532,0.5018016289655894,0.4951933306590858,0.4997558295690392
0.7688266199649739,0.6896896896896896,0.0,0.2464133107766363,0.3350471772154106,0.3881089000122085
0.3194896172129098,0.5818318318318317,0.7159659659659658,0.6011022550883374,0.7997349006749568,0.4173029631825872
0.5203902927195397,0.5277777777777777,0.7525025025025025,0.5018155815616443,0.4953154158745662,0.4997401328984774
0.4613460095071304,0.7059559559559558,0.7605105105105104,1.0,0.6165460348466086,0.4801158065472557
0.5111333500125095,0.5350350350350349,0.724974974974975,0.8564434832656052,0.5228299352948358,0.5308108202382406
0.472104078058544,0.7687687687687687,0.7234734734734735,1.0,0.6753754120376023,0.475734691386016
0.7935951963972981,0.4111611611611611,0.7697697697697696,0.5195022411357413,0.503829987617071,0.0
0.5201401050788093,0.5272772772772771,0.7525025025025025,0.5018469749027679,0.4952090273296475,0.4997401328984774
0.6067050287715788,0.6529029029029028,0.5545545545545545,0.4080994820098714,0.1376824737952806,0.5255315067059665
0.719539654741056,0.623123123123123,0.5898398398398398,0.5450790937788862,0.1722325897762353,0.6138130700943545
1.0000000000000002,1.0,1.0,0.0407450686293319,0.9242914697315868,0.8593264384254495
0.3247435576682513,0.4687187187187186,0.7525025025025025,0.0015871078012453,0.2827493590526188,0.4263826150653156
0.0,0.9474474474474472,0.0,0.0,0.0004726441913598,0.0
0.6762571928946711,0.5850850850850849,0.5635635635635635,0.4554842422868305,0.0801489439628861,0.7410258646249368
0.9219414560920692,0.4146646646646645,0.7059559559559558,0.4873484835272162,0.4834121073652266,0.0
0.6607455591693772,0.5908408408408408,0.5435435435435435,0.4164937126114028,0.5784397509461604,0.4672654655806896
0.5546659994996248,0.6554054054054053,0.2309809809809809,0.9981983710344106,1.0,0.992186546209254
0.4053039779834877,0.4882382382382381,0.8811311311311311,0.6356070251321136,0.5946003453267523,0.6769328705722308
0.4053039779834877,0.8526026026026025,0.7427427427427427,0.0,1.0,0.9609170343757084
0.2204153114836127,0.392142142142142,0.2019519519519519,0.4200027905192109,0.0,0.0
0.4946209657242933,0.6756756756756755,0.4104104104104104,0.6185447442314735,0.6069013028236566,0.5583724296701955
0.4951213410057544,0.4507007007007006,0.5805805805805806,0.5324293213806094,0.3011842265901599,0.5737848160873432
0.5206404803602703,0.5275275275275274,0.7525025025025025,0.5019219701065629,0.495177633988524,0.4998011755062176
0.417312984738554,0.5325325325325324,0.8315815815815815,0.4454279086802588,1.0,0.1867136404067182
0.4978734050537904,0.5387887887887887,0.7657657657657657,0.3944730278877513,0.4298463470359454,0.0
0.550162621966475,0.6544044044044043,0.4199199199199199,0.0702896907755899,0.4691577864206359,0.556113853183808
1.0000000000000002,0.8043043043043042,1.0,0.8646528419694088,1.0,1.0
0.654741055791844,0.4579579579579578,0.7562562562562563,0.4997854788356559,0.513169506601322,0.999084360883897
0.5046284713535153,0.6671671671671671,0.4114114114114114,0.5974536512199802,0.5808204126480283,0.5203428850480493
0.362521891418564,0.4642142142142141,0.7462462462462462,0.3672166314944974,1.0,0.1285260826342502
0.0,1.0,0.28003003003003,1.0,0.0263704065437676,0.5975007412316654
0.667500625469102,0.4784784784784784,0.7329829829829829,0.5065769049653801,0.5385178854840679,1.0
0.2006504878658995,0.6999499499499499,0.7484984984984985,0.4432146781310497,0.4773078465912064,0.3708181453511694
0.841881411058294,0.4001501501501501,0.7572572572572571,0.4943387341507229,0.5047316741371192,0.3698868095645046
0.485364023017263,0.878128128128128,0.0,1.0,0.7666184139386434,0.0
0.5201401050788093,0.5272772772772771,0.7525025025025025,0.5017859322950277,0.495254373266826,0.4997261803024225
0.531898924193145,0.6984484484484483,0.4396896896896897,0.0,0.3325304777020074,0.5863909866229485
0.5201401050788093,0.5272772772772771,0.7522522522522521,0.5018312782322061,0.4953154158745662,0.4997558295690392
0.9362021516137105,0.5693193193193192,0.1236236236236236,0.5120410903953817,1.0,0.6828679561190854
0.5323992994746061,0.5865865865865865,0.7647647647647646,0.5339396899035527,0.5409438931231142,1.0
0.7705779334500877,0.4279279279279279,0.761011011011011,0.496016533826325,0.4744388440274169,0.5046392381882554
1.0000000000000002,0.6859359359359358,1.0,0.7163036084901547,0.0,0.9865549296265936
0.4801100825619215,0.6268768768768768,0.8453453453453452,1.0,0.6206358895652022,0.4263669183947538
0.5203902927195397,0.5277777777777777,0.7525025025025025,0.5018312782322061,0.4951619373179622,0.4996651376946823
0.1155866900175132,0.4659659659659659,0.3841341341341341,0.6370860003139334,1.0,0.2415142054868584
0.5208906680010009,0.5277777777777777,0.7527527527527527,0.5018312782322061,0.495177633988524,0.4997104836318607
0.2912184138103578,0.333083083083083,0.4764764764764764,0.3852102481818023,0.0,0.1435268674677782
0.5273955466599951,0.7807807807807807,0.5618118118118118,1.0,0.6021539320159757,0.5651935050665364
0.5206404803602703,0.5272772772772771,0.7525025025025025,0.5018469749027679,0.4951933306590858,0.499694786961299
0.5203902927195397,0.5277777777777777,0.752002002002002,0.5018155815616443,0.4952229799257024,0.499694786961299
0.1923942957217914,1.0,0.0,0.1817534925091999,0.9388056577777002,1.0
0.5276457343007257,0.7377377377377377,0.4389389389389389,1.0,0.6318066867816593,0.5376789856462668
1.0000000000000002,0.5723223223223222,1.0,0.0059978722291016,0.7598880304166593,0.5903744527966235
0.6342256692519391,0.6719219219219218,1.0,0.0,0.697900134293737,0.8599386085773584
0.5296472354265701,0.587087087087087,0.7207207207207207,1.0,0.6534454191883077,0.4304881664544709
0.4153114836127096,0.6116116116116115,0.7995495495495495,0.6602525419885937,0.6535832010743499,0.4380731464848178
1.0000000000000002,0.7132132132132131,1.0,0.0173657498648342,0.1819976629401608,0.9949945061653034
0.5444083062296724,0.7027027027027026,0.4356856856856856,1.0,0.7433315311230095,0.5869857160297888
0.5351513635226421,0.9476976976976976,0.0,1.0,0.8676596264192407,0.5467132915918168
0.38353765323993,0.6313813813813813,0.0,0.2211120219055758,1.0,1.0
0.0,1.0,0.1143643643643643,0.0,0.237562132654307,0.7572038997505974
0.5203902927195397,0.5275275275275274,0.7522522522522521,0.5018469749027679,0.4952090273296475,0.4997401328984774
0.3284963722792094,0.8673673673673672,0.1776776776776777,1.0,0.541416537314474,0.1704013115440291
0.9987490617963476,0.3758758758758758,0.7292292292292292,0.4812599194237578,0.4892111551005459,0.6101976036416276
0.6852639479609709,0.6323823823823823,0.782032032032032,0.5548616076878804,0.5556412089924482,1.0
0.4388291218413812,0.5698198198198198,0.68993993993994,0.5791408688979194,0.2496189197202504,0.6592758602647505
0.6715036277207908,0.6128628628628627,0.6226226226226226,0.5299108777926993,0.1472347698693688,0.675542843190261
0.7373029772329248,0.6416416416416415,0.5062562562562563,0.6194150374103982,0.1956572544779113,0.6533076373022655
1.0000000000000002,0.9814814814814814,0.0,0.9596054903465476,0.0,0.6825173971432059
0.8498874155616714,0.6218718718718718,0.0,0.3011388806529815,0.964687723459546,1.0
0.0,1.0,0.4226726726726726,0.0,0.6348884664352861,0.691093011493451
0.2762071553665249,0.5783283283283283,0.694944944944945,0.5197935015783874,0.0041665939968955,0.5565254547674277
0.7660745559169378,0.6756756756756755,0.0,1.0,0.0,0.0
0.5288966725043784,0.7284784784784784,0.52002002002002,0.9961700123829288,0.639482358686363,0.6315921656173151
0.633725293970478,0.5623123123123122,0.6368868868868869,0.2716709977850253,0.0,0.6937335402968414
0.8626469852389294,1.0,0.0,0.0,1.0,0.0
0.4893670252689518,0.7254754754754753,0.4907407407407407,1.0,0.6806547255698763,0.5064408671538448
0.5509131848886666,0.4146646646646645,0.7595095095095095,0.4962310549906692,0.5082564487154891,0.9929487067687532
0.5201401050788093,0.5277777777777777,0.7540040040040039,0.5018312782322061,0.4952229799257024,0.499694786961299
0.5203902927195397,0.5275275275275274,0.7522522522522521,0.5019080175105081,0.4951933306590858,0.4997401328984774
0.5544158118588943,0.4279279279279279,0.577077077077077,0.54164675514938,0.0,0.8515757713169507
0.0267700775581687,1.0,0.0,0.0,0.3476690444215777,1.0
0.8736552414310735,0.6486486486486486,0.0,0.996489178017685,0.1852486178209533,0.6191098243716971
0.5203902927195397,0.5277777777777777,0.7525025025025025,0.5018766241693845,0.4952683258628809,0.4997261803024225
0.7135351513635229,0.584084084084084,0.7432432432432432,0.4580026858747406,0.4877914784519594,1.0
0.1811358518889168,0.7650150150150149,0.1626626626626627,0.2705408375045782,0.8180162896558941,0.0
0.7935951963972981,0.824074074074074,0.7505005005005004,0.4491811570190278,0.4717669218829028,0.0
0.5203902927195397,0.5275275275275274,0.7525025025025025,0.5018766241693845,0.4951619373179622,0.4997715262396009
0.5203902927195397,0.5275275275275274,0.7522522522522521,0.5018155815616443,0.495254373266826,0.4997715262396009
0.1170878158618965,0.6188688688688687,0.6443943943943944,0.6043061199574445,0.879730366081239,0.306540279400736
0.5203902927195397,0.5275275275275274,0.7527527527527527,0.5018155815616443,0.4951933306590858,0.4997261803024225
0.5804353264948713,1.0,0.4114114114114114,0.0,1.0,0.5381359331670649
0.8623967975981988,1.0,0.5598098098098098,1.0,0.0,0.0584334722779357
0.5203902927195397,0.5275275275275274,0.7522522522522521,0.5018312782322061,0.495177633988524,0.4997261803024225
0.4025519139354517,0.3623623623623623,1.0,0.0755864450529326,1.0,0.8740237542947835
0.5201401050788093,0.5275275275275274,0.752002002002002,0.5018609274988227,0.4951933306590858,0.4996651376946823
0.0,0.61011011011011,1.0,0.8617541901390027,0.8587474056891711,0.8625320473690636
0.2692019014260696,0.654154154154154,0.7207207207207207,0.5567853218689502,0.5504979332717094,0.7430716640214869
0.5206404803602703,0.5275275275275274,0.7527527527527527,0.5017859322950277,0.4952090273296475,0.4998011755062176
0.5203902927195397,0.5275275275275274,0.7525025025025025,0.5018312782322061,0.4952229799257024,0.4997401328984774
0.2161621215911934,0.5385385385385384,0.7947947947947948,0.583063292463854,0.9994349198597764,0.2562254739522472
0.4793595196397299,0.6198698698698698,0.7635135135135135,1.0,0.7131607862287876,0.5103005040375325
0.6124593445083815,0.7124624624624624,0.296046046046046,1.0,0.0,0.1131119521425955
0.4896172129096824,0.4141641641641641,0.6436436436436436,0.4801908017510508,0.0,1.0
0.4936202151613711,0.7224724724724724,0.6263763763763763,1.0,0.5487276976472435,0.5014493259152031
0.5476607455591695,0.3295795795795795,0.7084584584584583,0.5014964159268884,0.3507054781380261,0.5047909726703524
0.2646985238929198,1.0,0.0,0.0,0.8740237542947835,0.4593159739784083
0.5206404803602703,0.5275275275275274,0.7527527527527527,0.5018609274988227,0.4951619373179622,0.4996651376946823
0.4708531398548913,0.4992492492492492,0.7184684684684685,0.5742731569492648,0.0,0.8088755951654254
0.0,0.837087087087087,0.4987487487487487,0.0,0.0,0.0
0.4856142106579936,0.7247247247247246,0.4409409409409409,0.5590125050142142,0.5665660917034375,0.6007970420496364
0.4648486364773581,0.719219219219219,0.4582082082082082,0.5973629593456232,0.5586166001011563,0.5267820081273872
0.4868651488616464,0.5760760760760759,0.7402402402402402,1.0,0.8244257634686154,0.421528855712716
0.688516387290468,0.7249749749749749,0.7675175175175175,0.4865392329560319,0.4941242129863787,0.0
0.3707780835626721,0.5963463463463462,0.8058058058058057,0.3980745417444233,1.0,0.2822453215201354
0.4638478859144359,0.6266266266266265,0.7817817817817817,0.4605664753998291,0.5052339675950956,0.4924603659068315
0.4518388791593696,0.4319319319319318,0.7194694694694694,0.0,0.8252350140397997,0.4028969077558993
0.4733550162621968,0.5472972972972971,0.7637637637637638,0.0138113260198475,0.3991872612798018,0.4304724697839092
0.5206404803602703,0.5275275275275274,0.7525025025025025,0.5019219701065629,0.4952386765962642,0.4997104836318607
0.0045033775331498,0.1196196196196195,1.0,0.2026771543680346,1.0,0.3637825487904843
0.0673004753565174,1.0,0.6786786786786786,0.0039224235659348,0.9777037515042644,1.0
0.5153865399049289,0.6343843843843843,0.8483483483483483,0.2194324781554668,0.3839283534192581,0.4625512321886391
1.0000000000000002,1.0,1.0,1.0,0.0004726441913598,0.0251652510595253
0.4713535151363524,0.4797297297297296,0.6576576576576576,0.5829412072483736,0.0,0.7694263738946927
0.5203902927195397,0.5275275275275274,0.752002002002002,0.5018016289655894,0.4950555487730436,0.4997104836318607
0.3029772329246936,0.6108608608608608,0.9326826826826826,0.5581893018469749,0.8969897274011546,0.2621936969147322
0.5203902927195397,0.5275275275275274,0.7522522522522521,0.5018155815616443,0.4952090273296475,0.4997261803024225
0.5203902927195397,0.5275275275275274,0.7525025025025025,0.5017702356244659,0.4952090273296475,0.4997401328984774
0.5233925444083064,0.7437437437437436,0.5030030030030029,0.0,0.4178366499816872,0.4652824528663865
0.8754065549161874,0.5402902902902902,1.0,0.7337007516961125,0.3923975792245845,0.6813575875961421
0.4208156117087817,0.6816816816816815,0.700950950950951,1.0,0.7203027713343914,0.5773409840068368
0.8021015761821368,0.4186686686686686,0.7237237237237237,0.5044107644278564,0.5428205172924987,0.0
0.5203902927195397,0.5275275275275274,0.7522522522522521,0.5018766241693845,0.4951165913807838,0.4997104836318607
1.0000000000000002,0.6198698698698698,0.6971971971971972,0.519442942602508,0.5084081831975862,0.0
1.0000000000000002,0.346096096096096,0.7269769769769769,0.0101173762143118,1.0,0.7480771578561836
0.0505379034275707,0.7617617617617616,0.5235235235235235,0.0,0.0,0.3699025062350664
0.2271703777833376,1.0,0.0115115115115115,0.0947538238833563,0.6243594886373546,1.0
0.1255941956467351,0.9289289289289288,0.0,0.0,1.0,0.653506461796048
0.6787590693019766,0.6514014014014013,0.7172172172172171,0.4801454558138723,0.5141008423879868,1.0
0.5203902927195397,0.5275275275275274,0.7525025025025025,0.5018766241693845,0.4952386765962642,0.4997854788356559
0.5434075556667501,0.5372872872872871,0.7607607607607607,0.9997558295690392,0.6029335333205434,0.4654341873484835
0.5206404803602703,0.5277777777777777,0.7530030030030029,0.5018312782322061,0.495177633988524,0.4997261803024225
0.5278959219414562,0.9899899899899898,0.7432432432432432,0.5596229310916162,0.575174843469313,0.0
0.5203902927195397,0.528028028028028,0.7530030030030029,0.5018469749027679,0.4951462406474005,0.4997715262396009
0.5116337252939707,0.719219219219219,0.541041041041041,0.0,0.2863665695798524,0.5218079076338141
0.4528396297222918,1.0,0.3105605605605606,0.0,1.0,0.7663899401782444
0.5206404803602703,0.5598098098098097,0.741991991991992,1.0,0.542867607304184,0.5142525768700839
0.5414060545409058,0.5863363363363362,0.4149149149149149,1.0,0.8260442646109841,0.3588380975635279
0.5258944208156119,0.5745745745745745,0.7927927927927927,0.0,0.3461115858869491,0.4223381062839004
0.5198899174380787,0.5275275275275274,0.7525025025025025,0.50198475678881,0.495177633988524,0.4997401328984774
0.5138854140605456,0.6621621621621621,0.2625125125125125,1.0,0.0,0.418080820412648
0.5311483612709533,0.5252752752752752,0.7394894894894894,0.8004220660306608,0.5500863316880897,0.5073094162582625
0.6532399299474607,0.949199199199199,0.6073573573573573,0.4144636098854143,0.4852433855974327,0.0
0.5203902927195397,0.5275275275275274,0.7525025025025025,0.5018155815616443,0.4951619373179622,0.4996494410241205
0.328246184638479,0.6008508508508508,0.7064564564564564,0.5771125102464377,0.4908279121684078,0.977109022097424
0.4983737803352516,0.4537037037037036,0.6156156156156156,0.527941817674451,0.0,0.7642691455778992
0.3402551913935452,1.0,0.48998998998999,0.0,0.5877949666009732,0.9751853079163542
0.4220665499124344,0.5628128128128127,0.7494994994994995,0.440207893681218,0.4981844184383557,0.2590648272494201
0.2356767575681762,0.5643143143143142,0.6581581581581581,0.5187086872351186,0.9903256187104312,0.3197411793431816
0.469352014010508,0.3796296296296295,0.7907907907907907,0.4319688857107975,0.4748957915482149,0.5428519106336223
0.6444833625218915,0.8758758758758758,0.9709709709709708,0.0,0.5688107155937702,1.0
0.5203902927195397,0.5277777777777777,0.7522522522522521,0.5017405863578492,0.4952840225334426,0.4997715262396009
0.3024768576432325,0.5407907907907907,0.7192192192192192,0.5941433978059543,0.9447564399951164,0.3409229642290319
0.5516637478108583,0.4489489489489489,0.816066066066066,0.4847846940021277,1.0,0.2578893210317945
0.5201401050788093,0.5275275275275274,0.7527527527527527,0.5018469749027679,0.4951933306590858,0.4997401328984774
0.5203902927195397,0.5275275275275274,0.752002002002002,0.5018155815616443,0.4952386765962642,0.4997715262396009
0.4976232174130599,0.6396396396396395,0.3951451451451451,0.647295812477109,0.6079390271552401,0.5191220328932452
0.2576932699524644,0.6456456456456455,0.94019019019019,0.4839300974937649,0.857755027294766,0.2412700350558975
0.4938704028021017,0.4371871871871871,0.7487487487487487,0.3831487521146903,1.0,0.1731325322217765
0.5203902927195397,0.5275275275275274,0.752002002002002,0.5018155815616443,0.495177633988524,0.4997558295690392
0.5203902927195397,0.5277777777777777,0.7525025025025025,0.5018155815616443,0.4951462406474005,0.4997854788356559
0.0,1.0,0.622122122122122,0.0001831278232206,0.0,0.0
0.5091318488866652,0.5255255255255254,0.7132132132132132,0.6297765840556708,0.0,0.9254826726197742
0.5203902927195397,0.5275275275275274,0.7527527527527527,0.5019080175105081,0.4951165913807838,0.4996790902907372
0.5889417062797099,0.6784284284284283,0.7227227227227226,0.5360308352372813,0.4689589619268535,0.0
0.4638478859144359,0.7034534534534533,0.7034534534534533,0.4358128259239234,0.5401974292341769,0.0
0.6024518388791595,0.5638138138138137,0.1146146146146146,1.0,0.0410363290719779,0.8349704379371087
0.5096322241681263,0.4872372372372371,0.7287287287287287,0.0112771857613757,0.4581701170273994,0.4316636726720965
0.5208906680010009,0.5275275275275274,0.7530030030030029,0.5017702356244659,0.4952386765962642,0.4997104836318607
0.7137853390042533,0.2324824824824824,0.2394894894894895,0.2783089453581457,0.4527076756719047,0.4171337879554214
0.5203902927195397,0.5277777777777777,0.7535035035035034,0.5018469749027679,0.4952229799257024,0.4997854788356559
0.4050537903427572,0.5097597597597596,0.7337337337337337,0.5246001709193017,0.5553813418909256,0.5926469818790658
0.6284713535151365,0.5130130130130129,0.6681681681681682,0.5840399741876973,0.0,0.7268953729703332
0.2491868901676258,0.569069069069069,0.7402402402402402,0.455438896349652,0.4618937160995517,0.4666707361738493
0.7590693019764825,0.4354354354354353,0.7555055055055054,0.4872420949822976,0.5003662556464412,0.7110853375656208
0.5203902927195397,0.5272772772772771,0.7527527527527527,0.5018609274988227,0.4951619373179622,0.4997401328984774
0.8058543907930951,0.4757257257257256,0.5117617617617617,1.0,0.0,1.0
0.3292469352014011,0.5573073073073073,0.6864364364364364,0.586664806320526,0.6768561312939289,0.4443901843486754
0.5138854140605456,0.5410410410410409,1.0,1.0,0.9999843033294382,0.1113731098592532
0.5251438578934202,0.4537037037037036,0.7439939939939939,0.204935730854422,0.3799448872455832,0.4574689990756405
0.5906930197648238,0.4204204204204203,1.0,0.4336763346530163,0.4533337984198685,0.5106667596839737
0.69852389291969,0.596096096096096,0.4847347347347347,0.5441495020667283,0.5221584666096936,0.513017772119225
1.0000000000000002,0.36011011011011,1.0,1.0,0.0,0.5581282592392347
0.6529897423067302,0.5090090090090089,0.6504004004004004,0.4802832376999145,1.0,0.0993163227933097
0.5203902927195397,0.5275275275275274,0.7522522522522521,0.5018016289655894,0.4952386765962642,0.4997401328984774
0.7030272704528397,0.4381881881881881,0.7487487487487487,0.493866089959363,0.4917592479550726,0.0
0.5206404803602703,0.5275275275275274,0.7527527527527527,0.5018155815616443,0.4951322880513455,0.4997104836318607
0.5186389792344259,0.5528028028028027,0.7422422422422421,0.4733697263547098,0.4998622181139578,0.4381638383591747
0.010507880910683,0.7905405405405403,0.8563563563563563,0.5227235467499172,0.4945061653033817,0.6215515286813053
0.5206404803602703,0.5277777777777777,0.7522522522522521,0.5018312782322061,0.4951933306590858,0.499694786961299
0.1260945709281962,0.7152152152152151,1.0,0.9996023510124352,1.0,0.0697560039764899
0.5203902927195397,0.5275275275275274,0.7527527527527527,0.5018312782322061,0.495100894710222,0.4997558295690392
0.5203902927195397,0.5275275275275274,0.7527527527527527,0.5018923208399463,0.4951462406474005,0.4997854788356559
1.0000000000000002,0.7665165165165164,0.1694194194194194,1.0,0.8043270488515268,0.0605385702077193
0.5381536152114087,0.4469469469469468,0.7730230230230231,0.998397195528193,0.5479341437466209,0.4136247100476132
0.3124843632724544,0.6614114114114114,0.7117117117117117,0.4518530791635419,0.4834417566318433,1.0
0.7087815861896424,0.5825825825825824,0.7354854854854854,0.5033276941590945,0.4349128834783822,0.7459563632558383
0.8213660245183889,0.4814814814814814,0.6496496496496496,0.5083785339309695,0.6173535413432862,0.0003366063798245
0.998999249437078,0.6504004004004003,0.745995995995996,0.4949334635575632,0.5261715820499852,0.0
0.5419064298223669,0.6396396396396395,0.4099099099099099,0.5737394701501648,0.5144514013638662,0.5211050456075483
0.4878658994245685,0.7745245245245245,0.6018518518518519,0.0,0.3746952229799257,0.5539320159757225
0.4340755566675007,0.6966966966966965,0.866116116116116,0.0,0.2885187575213213,0.4860526361686171
0.5206404803602703,0.5275275275275274,0.7527527527527527,0.5017702356244659,0.4952386765962642,0.4997261803024225
0.1818864148111084,0.7522522522522521,0.7730230230230231,0.4310671991907494,0.473202295202051,0.0043183284789926
0.5203902927195397,0.5275275275275274,0.7522522522522521,0.5017859322950277,0.495254373266826,0.4997854788356559
0.4791093319989993,0.6829329329329328,0.7557557557557557,1.0,0.7010429565551041,0.5256065019097615
0.5861896422316739,0.9574574574574573,0.6729229229229229,1.0,0.8843696042694944,0.0
0.0,0.9774774774774772,0.0072572572572572,1.0,0.6867903796850201,0.1942532744998866
1.0000000000000002,0.3193193193193192,0.7865365365365364,0.5143764061600712,0.4839754434309433,0.5768229938782985
0.1576182136602452,1.0,0.4086586586586586,0.0,0.2999476777647941,0.8052444320421368
0.5161371028271204,0.5057557557557557,0.7847847847847848,0.1581456999843034,0.5206777473533669,0.4408497130997436
0.1636227170377784,0.5823323323323323,0.0,0.6763677904320072,1.0,1.0
0.5206404803602703,0.5275275275275274,0.7522522522522521,0.5019080175105081,0.4952090273296475,0.4997261803024225
0.5283962972229174,0.4969969969969969,0.782032032032032,0.5139473638313828,1.0,0.3817447721366657
1.0000000000000002,1.0,0.0,0.0,1.0,0.5781188412368976
0.5764323242431826,0.5340340340340339,0.75,0.5182063937771422,0.5340460784484713,1.0
1.0000000000000002,0.6806806806806805,0.7597597597597596,0.4926138444634355,0.5055705739749202,0.0
0.2902176632474357,0.598098098098098,0.6681681681681682,0.5763799989535553,0.2248513176482899,0.6777107278022917
0.8799099324493371,0.3163163163163163,0.7617617617617617,0.5376318956345815,0.4992971379737342,0.0025794861956502
0.782086564923693,0.4176676676676676,1.0,0.7787658928789438,0.0,0.9446797007168146
0.5066299724793597,0.6451451451451451,0.7077077077077076,1.0,0.6714686851422292,0.4011720180686119
0.505379034275707,0.7107107107107106,0.4286786786786787,0.0,0.3257687008388998,0.5490015173448209
0.6344758568926696,0.6889389389389389,0.0017517517517517,0.0,1.0,0.9174546976646842
0.5679259444583439,0.4564564564564564,0.8400900900900901,0.4949631128241799,0.5355878403125381,0.5426844794809634
0.3842882161621217,0.5933433433433433,0.7685185185185185,0.4199417479114707,0.390444215776898,0.0
0.5561671253440081,0.4702202202202201,0.6108608608608608,0.572961612920104,0.0,0.8208556429530669
0.536902677007756,0.4707207207207206,0.787037037037037,0.1009958665434188,0.3879257721889879,0.4364092994052706
0.5339004253189894,0.5240240240240239,0.78003003003003,0.242370546069728,0.4260163594188744,0.4828173779583863
0.646985238929197,0.7404904904904903,0.7237237237237237,0.4416275703298045,0.4110452238519629,0.0
0.7793345008756569,0.6386386386386386,0.5578078078078078,0.4849381725587317,0.2823674067356158,0.5962188464691212
0.5021265949462098,0.6043543543543543,0.4404404404404404,0.0,0.3594188743743133,0.6570469330449797
0.4801100825619215,0.5147647647647646,0.6341341341341341,0.6062908767462546,0.0,0.7553412281772678
0.9782336752564426,0.4992492492492492,0.7334834834834835,0.500381952317003,0.5145281406421682,0.0
0.3152364273204905,0.5875875875875874,0.7697697697697696,0.5438128956869037,0.5115370528628983,0.4750946160419973
0.5203902927195397,0.5275275275275274,0.7522522522522521,0.5018766241693845,0.4951933306590858,0.499694786961299
0.4718538904178135,0.6198698698698698,0.6826826826826826,0.865263268046811,0.4810924882710989,0.5496729860299632
1.0000000000000002,1.0,0.0,0.3257076582311596,0.2264977239827685,0.2898756474876607
0.5416562421816363,0.5725725725725724,0.6326326326326326,0.0,0.2517397143205958,0.5086070076913686
0.4991243432574432,0.659159159159159,0.7497497497497497,1.0,0.656024905383958,0.4932696164780159
0.7950963222416814,0.7169669669669668,0.7224724724724725,0.5191970280970403,0.5600502293457976,0.0
0.1213410057543158,0.7172172172172171,0.0007507507507508,1.0,0.7562272180267542,0.0
0.5201401050788093,0.5277777777777777,0.7525025025025025,0.5018609274988227,0.4952090273296475,0.4997401328984774
0.4090567925944459,0.553053053053053,0.857107107107107,0.5514135723878124,1.0,0.2154647086523536
0.5073805354015513,0.6746746746746746,0.4884884884884884,0.2809791234281529,0.4679072849992152,0.4858224183337112
0.5206404803602703,0.5272772772772771,0.7527527527527527,0.5018312782322061,0.4951933306590858,0.499694786961299
0.9647235426569928,0.8115615615615615,0.795045045045045,0.4523571166960252,0.371611699251792,0.0
0.3407555666750064,0.4329329329329328,0.7752752752752752,0.2442471702391126,0.0,0.6787327554633134
0.5203902927195397,0.5275275275275274,0.7532532532532532,0.5018312782322061,0.4951462406474005,0.4997261803024225
0.3267450587940956,0.5703203203203202,0.9634634634634632,0.5304759579329229,0.9875159146798752,0.3386347384760276
0.2714535901926446,0.6401401401401401,0.757007007007007,0.5003505589758794,0.4898512304445646,0.0050822331129986
0.5088816612459346,0.5032532532532532,0.6493993993993994,0.5127282557510857,0.0,0.6694839283534193
0.4550913184888668,0.8283283283283283,0.6123623623623623,1.0,0.5875664928405742,0.4422240438111516
0.3199899924943709,0.5485485485485484,0.9104104104104104,0.4311892844062298,0.6991052897779793,0.3711233583898704
0.5571678759069303,0.5513013013013012,0.8043043043043043,0.178533930969531,0.5018766241693845,0.4674485934039102
0.484863647735802,0.8631131131131129,0.5838338338338338,0.0,0.3750614786263669,0.5382423217119835
0.583937953465099,0.7630130130130128,0.5735735735735735,1.0,0.6522559603746272,0.4087256047578352
0.9266950212659496,1.0,0.6894394394394394,0.403842196138619,0.4726215183912656,0.0
0.4776082061546161,0.4779779779779779,0.7222222222222222,0.6170954183162705,0.0,0.6600240682281947
1.0000000000000002,0.919169169169169,0.0,6.104260774025816e-05,0.9688839667230584,0.3091511589375098
0.5581686264698525,0.7647647647647646,0.567067067067067,0.0,0.1884071367528821,0.4971763433733889
0.443332499374531,0.4291791791791791,0.5122622622622622,0.0,0.4895617140764253,0.4194237577829325
0.263447585689267,0.5190190190190189,0.5452952952952953,0.4969321729424281,0.0,0.6862566928859201
0.5153865399049289,0.5422922922922921,1.0,0.2001430141095627,0.7151908889547761,0.5477353192528385
0.5206404803602703,0.5277777777777777,0.7530030030030029,0.5018469749027679,0.4951322880513455,0.4997261803024225
0.4868651488616464,0.4844844844844844,0.7134634634634633,0.6884228334234439,0.0207248373650522,0.6296248495735738
0.0247685764323243,1.0,0.9654654654654652,0.0,0.2113609013377051,0.8260285679404225
0.3400050037528147,0.8118118118118117,1.0,0.0,0.9254826726197742,0.4483579538517885
0.4115586690017514,0.6534034034034033,0.7952952952952952,0.4043462336711024,0.4815808291330206,0.0
0.4678508881661247,0.7517517517517516,0.7192192192192192,1.0,0.720791112196313,0.490888954776148
0.5126344758568928,0.6228728728728727,0.4637137137137137,0.9649161972199451,0.7596909499973838,0.6521495718297086
0.0,1.0,0.5788288288288288,0.0,0.2519228421438164,1.0
0.5201401050788093,0.5275275275275274,0.7525025025025025,0.5018016289655894,0.495100894710222,0.4997104836318607
0.5791843882912185,0.7259759759759759,0.6511511511511511,0.7163663951724017,0.5801035980257077,1.0
0.4833625218914187,0.6854354354354353,0.9982482482482482,0.0,0.9607496032230496,0.6154612205033398
0.4841130848136103,0.5648148148148147,0.7655155155155156,0.0539616652423391,0.3422659015993163,0.4235293091720878
0.6549912434325746,0.8973973973973972,0.6591591591591591,0.5519629558574742,0.5832010743498962,1.0
0.3580185138854141,0.5548048048048047,0.892142142142142,0.5772188987913563,1.0,0.3035352390254111
0.5779334500875658,0.4659659659659659,0.7224724724724725,0.5252262936672655,0.0,0.9048031811919004
0.6559919939954968,0.3783783783783783,0.7287287287287287,0.4875019620838202,0.4846626087866473,0.0
0.4425819364523394,0.9256756756756754,0.0,0.0,1.0,0.8892233636220939
0.9001751313485116,0.2189689689689689,0.7802802802802802,0.5240507874496398,0.4818860421717216,0.6657306800146502
0.5201401050788093,0.5275275275275274,0.7522522522522521,0.5018469749027679,0.4952090273296475,0.4997401328984774
0.5203902927195397,0.5277777777777777,0.7532532532532532,0.5018312782322061,0.495177633988524,0.499694786961299
0.521391043282462,0.5277777777777777,0.7530030030030029,0.5017859322950277,0.4951165913807838,0.4997261803024225
0.4726044533400051,0.7297297297297296,0.5192692692692692,0.1708268657237037,0.4388963496520571,0.5507421037026702
0.69852389291969,1.0,0.071071071071071,0.0,0.8597397840835761,0.1135688996633936
0.9579684763572682,0.8485985985985984,0.0,0.2398817517484346,0.4308387254303504,0.4384847480684375
0.5741806354766076,0.6183683683683683,0.7327327327327327,0.5349931109056979,0.4885553830859654,0.9598496607775084
0.0245183887915937,1.0,0.0,0.482008127387202,0.2159390969182203,0.2793152763486056
0.5371528646484865,0.7900400400400399,0.4887387387387387,0.0,0.2210352826272738,0.5116591380783787
0.5198899174380787,0.5275275275275274,0.752002002002002,0.5018016289655894,0.4951462406474005,0.4998168721767794
0.4726044533400051,0.5307807807807807,0.6674174174174174,0.0,0.4168442715872822,0.4947206864677259
1.0000000000000002,0.5655655655655655,0.8966466466466466,0.2729668451436245,0.0363046549348587,0.9926138444634354
0.4728546409807357,0.5633133133133132,0.0,0.9999546540628216,0.4928126689572178,0.4919266791077314
0.5876907680760571,0.9214214214214214,0.263013013013013,1.0,0.0,0.5137642360081622
0.3537653239929949,0.5347847847847846,0.0,0.7071175680625076,0.7712123061897205,0.6797251338577184
0.7340505379034278,0.674174174174174,0.2945445445445446,0.9436576730557928,0.6420461482114516,1.0
0.4823617713284965,0.7129629629629628,0.5115115115115115,0.3186424124038579,0.5009470324572266,0.5509409281964526
0.3345008756567427,0.523023023023023,0.7282282282282282,0.6496311282417985,0.5677276453250083,0.5226468074716152
0.5871903927945961,0.581081081081081,0.7319819819819819,1.0,0.7174337687706018,0.4202016150129933
0.5203902927195397,0.5275275275275274,0.7527527527527527,0.5018155815616443,0.4952090273296475,0.4997401328984774
0.5206404803602703,0.5277777777777777,0.7532532532532532,0.5018469749027679,0.4951933306590858,0.4997401328984774
0.3052289216912686,0.5925925925925924,0.7782782782782782,0.5839335856427786,0.7780333815860614,0.3937858625320474
0.6302226670002503,0.6661661661661661,0.6656656656656657,0.0,0.3634633831557284,0.4052915220538221
0.3142356767575682,0.5695695695695695,0.0,0.6325845440117202,0.555349948549802,0.0
0.5028771578684015,0.4269269269269268,0.7632632632632632,0.9062542511816104,0.6399253536111063,0.455515635627954
0.5361521140855643,0.5117617617617617,0.7497497497497497,0.1403526518652876,0.4853340774717896,0.4080994820098714
0.3875406554916188,0.4544544544544543,0.6461461461461461,0.7387986814796728,0.0971798315224026,0.7008458761358285
0.5203902927195397,0.5275275275275274,0.7525025025025025,0.5018016289655894,0.4952386765962642,0.4997104836318607
1.0000000000000002,0.6053553553553552,0.0,0.7763102359732807,0.3093796326979088,0.375746899907564
0.3822867150362773,0.7479979979979978,0.4629629629629629,0.0,0.6511711460313585,0.7654132584544011
0.5001250938203654,0.6956956956956956,0.4364364364364364,0.5326577951410084,0.4894396288609449,0.5025637895250885
0.4868651488616464,0.6849349349349348,0.4912412412412412,0.5441338053961665,0.5319566771892495,0.5450790937788862
0.5168876657493121,0.641141141141141,0.7264764764764764,0.9998325688473412,0.6120288818738336,0.4771543680346024
0.4913685263947962,0.7229729729729728,0.6156156156156156,1.0,0.6005825208852922,0.4759335158797984
0.8681511133350015,0.2097097097097096,0.7885385385385384,0.513551458918325,0.4937736540104993,0.5759980466365523
0.5641731298473857,0.7409909909909909,0.6594094094094094,0.5022742731569493,0.4896994959624675,1.0
0.7092819614711035,0.6093593593593593,0.006006006006006,0.978024661213527,0.5418298829726006,0.9318311038247552
0.5203902927195397,0.5277777777777777,0.7527527527527527,0.5018016289655894,0.4952229799257024,0.4996790902907372
0.0,0.8433433433433433,0.0,0.2195249141043305,0.559410154001779,0.0503287580445437
0.391293470102577,0.8213213213213212,0.521021021021021,0.0,0.1262518094773009,0.4767427664509828
0.9196897673254943,1.0,0.5643143143143143,0.4504787484521338,0.4440239287022341,0.0
0.5206404803602703,0.5275275275275274,0.7522522522522521,0.5018016289655894,0.4951619373179622,0.4997401328984774
0.5203902927195397,0.5275275275275274,0.7522522522522521,0.5017702356244659,0.4952386765962642,0.4997854788356559
0.5694270703027272,0.5482982982982982,0.7342342342342342,0.4703943352460017,0.5383958002685875,1.0
0.5671753815361522,0.5492992992992992,0.7577577577577577,0.5107888448994541,1.0,0.2354099447128381
0.5063797848386291,0.7847847847847846,0.4667167167167167,1.0,0.8065873694124213,0.4870746638296388
0.4055541656242183,0.4994994994994994,0.817067067067067,0.3389852974519072,1.0,0.2314578718802867
0.5203902927195397,0.5275275275275274,0.7522522522522521,0.5018609274988227,0.495177633988524,0.4997715262396009
0.5561671253440081,0.4494494494494493,0.6331331331331331,0.4395067757294592,1.0,0.3096081064583079
0.758819114335752,0.4184184184184183,0.7377377377377377,0.5196400230217835,0.5129113835743063,1.0
0.5203902927195397,0.5272772772772771,0.752002002002002,0.5018016289655894,0.4952386765962642,0.4997558295690392
0.0315236427320491,0.7492492492492491,0.0112612612612613,1.0,1.0,1.0
0.4806104578433827,0.4612112112112111,0.75,0.0959136334304201,0.4734150722918883,0.4699670369918203
0.5203902927195397,0.5272772772772771,0.7525025025025025,0.5018609274988227,0.4952090273296475,0.4998168721767794
0.5389041781336004,0.7772772772772771,0.6388888888888888,0.5533355424943753,0.574410938835307,1.0
1.0000000000000002,1.0,1.0,0.9430786403195144,0.1375289952386765,0.4920487643232119
0.4470853139854892,0.4859859859859859,0.8063063063063063,0.5993006261227479,0.8102028358651481,0.3902296946125538
0.5203902927195397,0.5275275275275274,0.7525025025025025,0.5017859322950277,0.495177633988524,0.4997558295690392
0.3372529397047786,0.5973473473473473,0.8108108108108107,0.453684357395748,0.8385736958682874,0.3524914104330537
0.8001000750562923,0.5225225225225224,0.7232232232232232,0.4981233758306155,0.5122695641557807,1.0
0.349762321741306,0.7037037037037036,0.7464964964964964,0.4620314979855939,0.4298934370476306,0.0732825226293667
1.0000000000000002,0.8183183183183181,0.8966466466466466,0.9998936114550814,0.5964316235589584,1.0
0.5666750062546911,0.4231731731731731,0.5880880880880881,0.4649615431571237,0.0,0.8754277342728081
0.4435826870152616,0.7757757757757757,0.5535535535535535,0.0,0.298269878089192,0.5063327345344193
0.3720290217663248,0.5805805805805805,0.7184684684684685,0.5732197359471196,0.5523449081744772,0.6076477667125939
0.5203902927195397,0.5275275275275274,0.7525025025025025,0.5018766241693845,0.4951462406474005,0.4997854788356559
0.7458093570177635,0.6113613613613612,0.4554554554554554,0.5565708007046061,0.5893506810610949,0.5536721488741999
0.3352514385789343,0.5673173173173173,0.9384384384384384,0.5844219265047003,0.7793013237525507,0.3916179779200167
0.5201401050788093,0.5277777777777777,0.7525025025025025,0.5018469749027679,0.4952840225334426,0.4997715262396009
0.5203902927195397,0.5275275275275274,0.7525025025025025,0.5018312782322061,0.4951933306590858,0.4997104836318607
0.305479109331999,0.6746746746746746,0.7562562562562563,0.5060118248251565,0.5029003959049131,0.4721802675410294
0.5721791343507632,0.5653153153153152,0.7617617617617617,0.4935591328461552,0.4458552069344402,0.3342239740481713
0.4841130848136103,0.7242242242242241,0.5935935935935935,0.0,0.2331984582381359,0.5543889634965206
0.3322491868901677,0.5588088088088087,0.7927927927927927,0.4829080698327432,0.76558068960706,0.4730034707082686
0.43832874655992,0.4819819819819819,0.77002002002002,0.4863264558661946,1.0,0.2413938643458849
0.5206404803602703,0.5272772772772771,0.7522522522522521,0.5018609274988227,0.4952090273296475,0.4997558295690392
0.430572929697273,0.7377377377377377,0.6884384384384383,0.3740080576242217,0.508957566667248,0.0
0.7658243682762074,0.6043543543543543,0.7192192192192192,0.4660149641592689,0.5336798228020301,1.0
0.6429822366775083,0.5155155155155154,0.7372372372372371,0.4232240961333868,0.9998011755062176,0.3598775659696182
0.5203902927195397,0.5277777777777777,0.7527527527527527,0.5018312782322061,0.4951462406474005,0.4997401328984774
0.4958719039279461,0.7217217217217216,0.4201701701701701,0.0,0.3826761079233305,0.4200638331269511
0.6732549412059046,0.5665665665665665,0.5480480480480481,0.4126933742609484,0.1011162076843922,0.6714529884716676
0.5201401050788093,0.5275275275275274,0.7522522522522521,0.5019080175105081,0.495254373266826,0.4996790902907372
0.5454090567925945,0.6516516516516515,0.4649649649649649,1.0,0.6845004098575092,0.3173291243001901
0.3027270452839631,0.581081081081081,0.8348348348348348,0.6120585311404503,0.6737429582991785,0.2692135968048555
0.5201401050788093,0.5277777777777777,0.7527527527527527,0.5018312782322061,0.4951619373179622,0.4996494410241205
0.5323992994746061,0.5077577577577577,0.8228228228228227,0.4690060519385388,1.0,0.2081395957235293
0.5206404803602703,0.528028028028028,0.7522522522522521,0.5018923208399463,0.4952386765962642,0.4997558295690392
0.5203902927195397,0.5272772772772771,0.752002002002002,0.5019533634476865,0.4952386765962642,0.4997715262396009
0.5386539904928698,0.6276276276276276,0.3936436436436436,1.0,0.7329542878071751,0.5446831888658283
0.5203902927195397,0.5275275275275274,0.7530030030030029,0.5018923208399463,0.4951619373179622,0.4996651376946823
0.6892669502126596,0.5252752752752752,0.6961961961961962,0.4998936114550814,1.0,0.2977047979489684
0.5203902927195397,0.5272772772772771,0.7525025025025025,0.5017859322950277,0.495254373266826,0.4998168721767794
0.2276707530647987,1.0,0.0,0.0,0.0263093639360273,0.2448105063048293
0.3487615711783839,0.8626126126126125,0.7815315315315314,0.7755620280098365,0.5688717582015104,1.0
0.3722792094070554,0.4199199199199198,0.0883383383383383,0.3990512234682666,1.0,0.855909796466505
0.260695521641231,0.6804304304304303,0.8653653653653652,0.6082581927899959,0.7364947590561068,0.3683921377121231
0.6932699524643484,0.6138638638638638,0.6849349349349348,0.5780438460331025,0.6975792245844743,0.6079686764218567
0.5198899174380787,0.5275275275275274,0.7525025025025025,0.5018923208399463,0.4950712454436053,0.499694786961299
0.8666499874906182,0.8233233233233233,0.6436436436436436,1.0,0.0,0.2308317491323229
0.5203902927195397,0.5275275275275274,0.7527527527527527,0.5018766241693845,0.4951619373179622,0.4997401328984774
0.5256442331748813,0.4894894894894894,0.7852852852852852,0.5150618274412683,0.9647487660672864,0.2497567016062926
0.8238679009256944,0.9144144144144144,0.8633633633633633,0.0,1.0,1.0
0.0,0.5210210210210209,0.0,0.3757015539703856,0.4210422589253013,0.5256832411880635
0.6727545659244435,0.2780280280280279,0.7525025025025025,0.7940422414845563,0.5361825697193784,0.3415019969653103
0.5384038028521393,0.7089589589589589,0.5545545545545545,0.0428362139630604,0.4446640040462528,0.4643511170797216
0.5203902927195397,0.5277777777777777,0.7530030030030029,0.5017859322950277,0.4951322880513455,0.4997261803024225
0.4888666499874907,0.4887387387387386,0.736986986986987,0.5150321781746516,0.0,0.8731848544569825
0.5841881411058295,0.5665665665665665,0.6273773773773773,0.4272529082442402,0.0,0.7663132008999425
0.5226419814861147,0.5235235235235234,0.7029529529529529,0.0073251129288243,0.3545354657550971,0.404224148455622
0.5574180635476609,0.4079079079079078,0.7575075075075075,0.1428850480492527,0.2857404468318887,0.4409107557074838
0.9977483112334252,0.992242242242242,0.0,1.0,0.0409752864642378,0.716655911540541
0.5203902927195397,0.5277777777777777,0.7525025025025025,0.5018155815616443,0.4951933306590858,0.4997401328984774
0.4946209657242933,0.4807307307307306,0.7054554554554554,0.9828156338838796,0.6367964839457941,0.504211939934074
0.977983487615712,0.5352852852852852,0.7334834834834835,0.5297730959066571,0.4418874374313271,0.0024870502467865
1.0000000000000002,1.0,0.0,0.0,1.0,0.0139630605019447
0.5999499624718541,0.7159659659659658,0.6746746746746746,0.463252350140398,0.503448035300068,1.0
0.5006254691018265,0.4444444444444443,0.806056056056056,0.0489404747370807,0.3921220154525001,0.4496694978809494
1.0000000000000002,0.5075075075075074,0.7114614614614614,1.0,0.0,0.4291295324136247
0.4766074555916939,0.6809309309309308,0.46996996996997,0.301335961072257,0.472286656085948,0.6316392556290005
0.0,1.0,0.0,0.0,0.0,0.0
0.5203902927195397,0.5277777777777777,0.7522522522522521,0.5017545389539041,0.4952229799257024,0.4997401328984774
0.4893670252689518,0.7530030030030028,0.5187687687687688,0.001220852154804,0.4269476952055392,0.4537140066623646
0.651988991743808,1.0,0.3968968968968969,0.0,1.0,1.0
0.6897673254941208,0.3043043043043042,0.7244744744744744,0.1440309050002616,1.0,0.6954427333135671
0.2451838879159371,0.6689189189189189,0.7805305305305306,0.4483579538517885,0.4696461272825575,0.0
0.4103077307980987,0.4892392392392392,0.6789289289289289,0.5196557196923453,0.0,0.7509758096865897
0.2914686014510884,0.5710710710710709,0.7319819819819819,0.6652719884193452,0.7243315834452447,1.0
0.0,0.7297297297297296,0.4512012012012011,0.0,0.1270296667073617,1.0
0.4340755566675007,0.4426926926926926,0.6569069069069069,0.7557231804942707,0.1453127997628059,0.69377888623402
0.7070302727045286,0.5035035035035034,0.7630130130130129,0.5032806041474092,0.4931475312625355,0.6166227741249106
0.495371528646485,0.7657657657657656,0.562062062062062,1.0,0.5994384080087901,0.5344733767026527
0.6334751063297475,0.5750750750750749,0.6026026026026026,0.5078291504613077,0.6721244571568097,0.5590735476219544
0.4978734050537904,0.7740240240240239,0.5092592592592592,0.0,0.3497444930847446,0.4809547063850568
0.3059794846134602,0.5965965965965965,0.77002002002002,0.5761201318520327,0.3522315433315311,0.4922929347541727
0.5589191893920442,0.6819319319319318,0.4797297297297297,0.148989308823273,0.4636029091162774,0.4409421490486073
1.0000000000000002,0.4234234234234233,1.0,0.991637162739592,0.7170518164535988,0.677313078814727
0.5203902927195397,0.5277777777777777,0.7530030030030029,0.5018609274988227,0.495177633988524,0.4997558295690392
0.4841130848136103,0.5523023023023022,0.776026026026026,0.4940178244414601,0.5057833510647575,0.9391405200830178
0.5339004253189894,0.5700700700700699,0.7494994994994995,0.4431239862566929,0.546620855642953,0.4572248286446797
0.500375281461096,0.4974974974974974,0.767017017017017,0.6404433437396445,0.5524059507822174,0.4642133351936794
1.0000000000000002,1.0,0.8513513513513513,1.0,0.0385021888135061,0.0
0.5461596197147862,0.638138138138138,0.0,0.0,0.9388806529814951,0.5306590857561435
0.4063047285464099,0.5427927927927927,0.7267267267267267,0.7559830475957933,0.0166349826464586,0.7822906674573138
0.5384038028521393,0.5598098098098097,0.7755255255255256,0.5470638505676962,0.5264471458220695,0.5116591380783787
0.2276707530647987,0.6303803803803802,0.8013013013013013,0.5932277586898512,0.577248548057973,0.3984251007203028
0.5614210657993497,0.4934934934934934,0.6318818818818819,0.444573312171896,0.0,0.6981443047246978
0.4508381285964474,0.5793293293293292,0.7489989989989989,0.4071855869682753,0.3923051432757207,0.0
0.5198899174380787,0.5275275275275274,0.752002002002002,0.5018312782322061,0.4951619373179622,0.499694786961299
0.5206404803602703,0.5275275275275274,0.752002002002002,0.5017545389539041,0.4952229799257024,0.4997401328984774
0.5203902927195397,0.5277777777777777,0.7522522522522521,0.5018766241693845,0.4951462406474005,0.4997558295690392
0.4035526644983739,0.3688688688688688,0.882132132132132,0.0,0.4896384533547273,0.4823586863630814
0.3757818363772831,0.4779779779779779,0.6333833833833833,0.5146955717948271,0.0,0.7649545668590962
0.5201401050788093,0.5275275275275274,0.7522522522522521,0.5018469749027679,0.4952090273296475,0.499694786961299
0.2604453340005005,0.5915915915915915,0.7582582582582582,0.5689171041386888,0.5480405322915395,0.6182081378516491
0.5206404803602703,0.5277777777777777,0.7527527527527527,0.5017859322950277,0.4951322880513455,0.4996494410241205
0.5041280960720542,0.7587587587587585,0.4982482482482482,1.0,0.785710797565272,0.5225247222561348
0.5201401050788093,0.5277777777777777,0.7530030030030029,0.5018609274988227,0.4951619373179622,0.4997558295690392
0.5701776332249189,0.4872372372372371,0.8023023023023023,0.5041822906674573,0.508882571463453,1.0
0.7137853390042533,0.5978478478478477,0.5435435435435435,0.5817360517641313,0.303397457139369,0.6441983361529204
0.3072304228171129,0.583083083083083,0.3390890890890891,0.9628250518862166,0.7920888780368698,0.0
0.9667250437828372,0.809059059059059,0.8158158158158157,0.4282295899680834,0.4392939986396219,0.0
0.427820865649237,0.4932432432432431,0.7860360360360359,0.4449238711477754,1.0,0.2675811430664317
0.4886164623467602,0.5518018018018017,0.7552552552552552,0.5112928824319375,0.5308265169088023,0.5398294295132288
0.1491118338754066,0.8193193193193191,0.7234734734734735,0.6391474963810454,0.5120096970542581,1.0
0.5206404803602703,0.5275275275275274,0.7525025025025025,0.5017405863578492,0.4952229799257024,0.4997401328984774
1.0000000000000002,0.4774774774774774,1.0,0.4023475242862375,0.13252350140398,1.0
0.6262196647485616,0.5898398398398397,0.7484984984984985,0.539890472120969,0.5557475975373668,1.0
0.6927695771828873,0.5795795795795795,0.5102602602602603,0.5108202382405777,0.6124247867868915,0.6443343739644558
0.5203902927195397,0.5275275275275274,0.7530030030030029,0.5018766241693845,0.4951933306590858,0.4998011755062176
0.521391043282462,0.5275275275275274,0.7527527527527527,0.5018609274988227,0.4952386765962642,0.4997854788356559
0.5206404803602703,0.5275275275275274,0.7530030030030029,0.5018609274988227,0.4952090273296475,0.499694786961299
0.5201401050788093,0.5275275275275274,0.7530030030030029,0.5018016289655894,0.495254373266826,0.4997854788356559
0.5206404803602703,0.5277777777777777,0.7525025025025025,0.5018609274988227,0.4951933306590858,0.4997261803024225
0.6720040030022518,0.5573073073073073,0.6008508508508508,0.4011423688019952,0.0,0.9094127701135392
0.2281711283462598,0.6396396396396395,0.7612612612612613,0.4035212864293562,0.4792158641017144,0.0
0.2531898924193145,0.5703203203203202,0.6519019019019019,0.5667352669306033,0.080225683241188,0.7341140973542389
0.0,1.0,0.0,0.3753963409316846,0.1185290475609118,0.4209812163175611
0.370277708281211,0.5568068068068067,0.6674174174174174,0.6413903761968711,0.4199731412525943,0.5770357709681357
0.4463347510632976,0.4709709709709709,0.6446446446446445,0.0204789228595846,0.3912831156146991,0.3034881490137259
0.6577433074806106,0.5362862862862862,0.7312312312312312,0.4843277464813297,0.5095993860857736,0.9965973106371104
0.5371528646484865,0.5372872872872871,0.7637637637637638,0.5220677747353367,0.4976193382981321,1.0
0.5201401050788093,0.5275275275275274,0.7527527527527527,0.5018312782322061,0.4951619373179622,0.4997104836318607
0.5198899174380787,0.5277777777777777,0.7527527527527527,0.5018312782322061,0.495177633988524,0.4996790902907372
0.7683262446835128,0.5477977977977977,0.7362362362362361,0.3468597938503933,0.9026823865915552,0.5004429949247432
0.2614460845634226,0.5768268268268267,0.7274774774774775,0.5025480928545267,0.5208608751765875,0.8880478574044683
1.0000000000000002,1.0,1.0,1.0,0.0,0.2247274883583027
0.5216412309231925,0.5282782782782782,0.7522522522522521,0.5019376667771247,0.4952229799257024,0.4997104836318607
0.4560920690517889,0.6949449449449449,0.8816316316316315,1.0,0.7771491358110818,0.5213945619756876
0.3902927195396548,0.5250250250250249,0.744994994994995,0.588267610792333,0.7334426286690967,0.4364999912796274
0.451088316237178,0.8033033033033032,0.0,0.9900657516089086,0.5844986657830022,0.6263285487556028
0.0,0.939189189189189,0.9992492492492492,0.0,0.3538483003993931,1.0
0.5421566174630975,0.5708208208208208,0.6218718718718719,0.0,0.3430751521705007,0.4036747649859602
0.4208156117087817,0.5878378378378377,0.7977977977977977,0.6302649249175925,0.9979855939445732,0.2389975059734552
0.5203902927195397,0.7102102102102101,0.7555055055055054,0.4785286987460104,0.4044386696199661,0.0
0.5206404803602703,0.5275275275275274,0.7527527527527527,0.5018312782322061,0.4951462406474005,0.4997261803024225
0.4861145859394547,0.7224724724724724,0.4767267267267267,0.6488218776706141,0.5142525768700839,0.6212009697054258
0.5271453590192646,0.4569569569569569,0.8731231231231231,0.8237542947834731,0.5523902541116557,0.4276034672201196
0.4916187140355267,0.772022022022022,0.5648148148148148,0.0,0.385927062804123,0.4228578404869456
0.5203902927195397,0.5275275275275274,0.752002002002002,0.5018016289655894,0.4952229799257024,0.4997104836318607
0.5354015511633726,0.5285285285285284,0.8055555555555555,0.6073129044072763,0.5681392469086279,0.4597886181697682
0.9014260695521644,0.3743743743743742,0.7359859859859859,0.5178087447895774,0.5304149153251827,0.0
0.5203902927195397,0.5277777777777777,0.7527527527527527,0.5018469749027679,0.4952229799257024,0.4997401328984774
0.5206404803602703,0.5277777777777777,0.7530030030030029,0.5018766241693845,0.4951933306590858,0.4998325688473412
0.4878658994245685,0.7004504504504503,0.4592092092092092,0.1786263669183947,0.41463278511258,0.548924778066519
0.5198899174380787,0.5277777777777777,0.7530030030030029,0.5018766241693845,0.4952229799257024,0.4998011755062176
0.2719539654741056,0.5775775775775774,0.7707707707707707,0.557106231578213,0.7848858503235259,0.4565987058967159
0.5023767825869403,0.5125125125125124,0.7024524524524525,0.7876013743307113,0.6011632976960776,0.4807105359540959
0.0,0.8460960960960959,0.0,1.0,1.0,1.0
0.2531898924193145,0.6761761761761761,0.7457457457457457,0.6248931754364546,0.5067460801925459,0.9865706262971554
0.4861145859394547,0.6819319319319318,0.7525025025025025,0.4844794809634267,0.4597118788914662,0.0
0.4676007005253941,0.7367367367367366,0.5157657657657657,0.0203725343146659,0.4005005493834697,0.4736749393934109
1.0000000000000002,0.7464964964964964,1.0,1.0,0.3583811500427298,0.5582660411252769
0.2994746059544659,0.4927427427427426,0.7585085085085085,0.468913615989675,0.9994209672637216,0.322076495107871
0.5001250938203654,0.4789789789789789,0.6181181181181181,0.4559568864781903,0.0,0.7712890454680223
0.5203902927195397,0.5275275275275274,0.7525025025025025,0.5018469749027679,0.4951619373179622,0.499694786961299
1.0000000000000002,0.7795295295295295,0.0,0.708537244711094,0.3025271639604444,0.1474475469592061
0.5201401050788093,0.5275275275275274,0.7525025025025025,0.5018609274988227,0.4951933306590858,0.4997558295690392
0.451088316237178,0.6699199199199198,0.7347347347347346,1.0,0.6220695188098435,0.5065158623576399
0.4065549161871404,0.6509009009009008,0.7322322322322322,0.560936219195284,0.577020074297574,0.8527495334600694
0.0550412809607206,0.7057057057057056,0.6186186186186186,0.5642935626209952,0.741545598827982,0.4243071664021487
0.289467100325244,0.597097097097097,0.7462462462462462,0.587657184714931,0.5587683345832534,0.4505240943893123
0.5143857893420066,0.4401901901901901,0.6256256256256256,0.5484521338751591,0.0,0.8101871391945864
0.5203902927195397,0.5275275275275274,0.7522522522522521,0.5018609274988227,0.4952683258628809,0.4997104836318607
0.5208906680010009,0.5275275275275274,0.752002002002002,0.5017859322950277,0.4952386765962642,0.4997261803024225
0.6399799849887418,0.5282782782782782,0.5285285285285285,0.4857770723965328,0.0,0.8484312049810767
0.5203902927195397,0.5275275275275274,0.7530030030030029,0.5017702356244659,0.4950851980396603,0.4997261803024225
0.4388291218413812,0.4704704704704704,0.6636636636636637,0.6298690200045346,0.2959642115911192,0.6344925615222282
0.6134600950713036,0.5500500500500499,0.82007007007007,0.3823395015435059,1.0,0.3355826080890175
0.4125594195646736,0.5307807807807807,0.6579079079079079,0.6702321363168634,0.004593892251077,0.7952473969687985
0.4738553915436578,0.7182182182182181,0.5212712712712713,0.2625599525611734,0.4573765631267767,0.5604618309294173
0.5203902927195397,0.5277777777777777,0.752002002002002,0.5018016289655894,0.4952090273296475,0.4996494410241205
0.4963722792094072,0.5112612612612611,0.7675175175175175,0.4569196156059787,0.499923260721698,1.0
0.6144608456342258,0.6183683683683683,0.7304804804804804,0.457118440099761,0.4403299788966984,0.0
0.7052789592194147,0.4274274274274273,0.7587587587587588,0.5158100354047125,0.4599874426635505,0.4026073913877601
0.5106329747310484,0.7342342342342341,0.5162662662662663,1.0,0.8375045781955806,0.3642708896524059
1.0000000000000002,0.9271771771771772,1.0,0.9999546540628216,0.0134136770322828,0.3664230775938748
0.4288216162121592,0.7865365365365364,0.5585585585585585,0.0,0.183127823220608,0.6113417165181296
0.6895171378533902,0.6096096096096095,0.7477477477477477,0.5153373912133526,0.482008127387202,1.0
0.5439079309482113,0.3363363363363362,0.6934434434434434,0.4994052705931597,0.4841899645952875,0.4717076233496695
0.5203902927195397,0.5275275275275274,0.7522522522522521,0.5018766241693845,0.4951619373179622,0.4996651376946823
0.5278959219414562,0.4732232232232231,0.7885385385385384,0.6861799536076181,0.4134119329577759,0.4956659748504456
0.709532149111834,0.6396396396396395,0.0540540540540541,0.9393393445768004,0.3977379353645988,1.0
0.6129597197898425,0.4411911911911911,0.7725225225225225,0.4928894082355198,0.4891047665556272,0.6767636953450651
0.5078809106830124,0.5625625625625624,0.7467467467467467,0.7227601723145612,0.42520710884769,0.5344733767026527
0.0,0.7069569569569568,0.8683683683683683,0.0,0.0,0.4487695554354082
0.4605954465849388,0.5440440440440439,0.7860360360360359,0.3942585067234072,0.9761323403735808,0.2141985105603711
0.9384538403802852,0.8618618618618618,0.7079579579579579,0.4056281284336467,0.3929923086314247,0.0
0.4736052039029273,0.4784784784784784,0.8213213213213213,0.4194080611123707,0.4842667038735895,0.4913162530303294
0.5356517388041032,0.528028028028028,0.7482482482482482,0.4959397945480231,0.5528785949735773,0.482923766503305
0.60270202651989,0.4879879879879879,0.6346346346346345,0.4424682142421124,0.0,0.837167971815756
0.5203902927195397,0.5943443443443442,0.8108108108108107,0.0811413223572911,0.3785566039381202,0.463939515496102
0.5206404803602703,0.5275275275275274,0.752002002002002,0.5018609274988227,0.495177633988524,0.4996494410241205
0.3957968476357269,0.8631131131131129,0.6148648648648648,0.4652214102586463,0.5299876170710013,0.0
0.5208906680010009,0.5277777777777777,0.7530030030030029,0.5018766241693845,0.4951322880513455,0.499694786961299
0.0665499124343257,0.9827327327327324,0.0590590590590591,0.0,0.9271308230287598,0.7370127491846451
0.3855391543657744,0.572072072072072,0.7602602602602602,0.5167256745208155,0.5053403561400143,0.880876223032248
0.472104078058544,0.714214214214214,0.4892392392392392,0.5375569004307864,0.5366098679735598,0.4926138444634355
0.5746810107580687,0.6383883883883883,0.4654654654654654,0.0,1.0,0.578928091808082
0.5664248186139607,0.5993493493493492,0.7477477477477477,0.4569353122765404,0.4803896262448331,0.0
0.9004253189892422,0.4241741741741741,0.7572572572572571,0.5085773584247519,0.5077210178418822,0.0110644086715384
0.5201401050788093,0.5275275275275274,0.7522522522522521,0.5018469749027679,0.495177633988524,0.4997104836318607
0.5203902927195397,0.5272772772772771,0.7525025025025025,0.5018016289655894,0.4952090273296475,0.4997401328984774
0.5311483612709533,0.4632132132132131,0.7815315315315314,0.572961612920104,0.4560336257564923,0.4566597485044561
0.6339754816112085,0.4847347347347346,0.6939439439439439,0.4712035858171861,1.0,0.3832708373301707
0.5206404803602703,0.528028028028028,0.752002002002002,0.5018016289655894,0.4951165913807838,0.4997558295690392
0.6987740805604205,0.974224224224224,1.0,0.0,0.9188133317055304,0.7561801280150688
0.5203902927195397,0.5275275275275274,0.7527527527527527,0.5018609274988227,0.4951462406474005,0.4998011755062176
0.5038779084313236,0.664164164164164,0.4314314314314314,0.8959676997401329,0.704402044055322,0.6117079721645708
0.9559669752314236,0.7550050050050049,1.0,0.8066327153495997,0.2337774909744144,0.748199243071664
0.2376782586940206,0.6306306306306305,0.8773773773773772,0.6243891379039712,0.8203062594834052,0.2097424001953363
0.5216412309231925,0.5262762762762762,0.7525025025025025,0.5018609274988227,0.495177633988524,0.4997715262396009
0.4318238679009258,0.5137637637637636,0.7394894894894894,0.5326281458743918,0.514315363552331,0.2906535047177215
0.0490367775831874,0.9689689689689688,0.2282282282282282,0.0,0.531466592252821,0.9317700612170152
0.4465849387040281,0.7282282282282281,0.522022022022022,0.7475888169942619,0.7482288923382807,0.4618030242251949
0.6079559669752316,0.5477977977977977,0.3968968968968969,0.3456685909622059,0.0,0.5508188429809722
0.2722041531148362,0.5898398398398397,0.7642642642642642,0.4684723651394387,0.4934684409717983,0.3949299754085494
0.4966224668501377,0.5505505505505505,0.6826826826826826,0.674932417112859,0.0089732633378097,0.7927760433925737
0.6622466850137605,0.5075075075075074,0.6511511511511511,0.5319863264558662,0.0,0.712672445366866
0.5326494871153367,1.0,0.0,0.6317752934405357,0.2989413467743342,0.3802501002842841
0.5201401050788093,0.5275275275275274,0.7525025025025025,0.5018312782322061,0.495177633988524,0.499694786961299
0.7020265198899176,0.5400400400400399,0.546046046046046,0.6031620070809425,0.0498264645865672,0.6998831470080402
0.8861646234676008,0.4124124124124123,0.746996996996997,0.5060885641034585,0.5023353157646895,0.3248844550639203
0.5206404803602703,0.5275275275275274,0.7527527527527527,0.5018469749027679,0.4951619373179622,0.4997558295690392
0.98623967975982,0.9874874874874872,0.7207207207207207,0.3853009400561592,0.3683764410415613,0.0
0.4650988241180886,0.952202202202202,1.0,0.0296667073617384,0.9453511694019568,1.0
0.927695771828872,0.6946946946946946,0.6974474474474475,0.2107190819191796,0.6917051816453599,1.0
0.9957468101075808,0.2917917917917917,0.4702202202202202,0.4084046950485724,0.529698100702862,1.0
0.4751063297473106,0.7134634634634633,0.4539539539539539,0.478101400491829,0.5041195039852102,0.508118666829447
0.0465349011758819,1.0,0.8450950950950951,1.0,1.0,1.0
0.526394796097073,0.5362862862862862,0.736986986986987,0.4160350210160978,0.0,0.8816680328583637
0.3662747060295223,0.5668168168168167,0.7007007007007007,0.5845597083907424,0.1445785443954165,0.6657760259518286
0.9499624718538906,0.8838838838838837,0.4159159159159159,0.8551615885030608,1.0,1.0
0.5098824118088567,0.5117617617617617,0.7615115115115114,0.5064251704832831,0.5209986570626297,1.0
0.5856892669502128,0.4564564564564564,0.7540040040040039,0.4660760067670091,0.455515635627954,0.1220084762021033
0.4008006004503379,0.5245245245245245,0.8816316316316315,0.5344890733732145,1.0,0.2671224514711268
0.5206404803602703,0.5272772772772771,0.7527527527527527,0.5017859322950277,0.4951933306590858,0.4997558295690392
0.5216412309231925,0.5457957957957957,0.7194694694694694,0.538350454331409,1.0,0.3417461673962711
0.2724543407555667,0.5888388388388387,0.6664164164164164,0.4663969164762718,0.0716029788792577,0.6300050578160699
0.5804353264948713,0.4719719719719719,0.9329329329329328,0.0,1.0,0.291462755288906
0.6082061546159621,0.5495495495495495,0.8448448448448448,0.3911610303992187,0.9995570050752568,0.3347733575178331
0.7000250187640732,0.6909409409409408,0.7497497497497497,0.4342414147932399,0.5164658074192929,1.0
0.5206404803602703,0.5277777777777777,0.7527527527527527,0.5018312782322061,0.4951462406474005,0.4998168721767794
0.6029522141606206,0.5518018018018017,0.7705205205205206,0.49449046863282,0.4832132828714442,0.9988715837940596
0.5211408556417314,0.527027027027027,0.7525025025025025,0.5018469749027679,0.495177633988524,0.4997104836318607
0.5206404803602703,0.5277777777777777,0.7527527527527527,0.5018016289655894,0.4951933306590858,0.4996790902907372
0.5023767825869403,0.4682182182182181,0.7432432432432432,0.4380260564731325,1.0,0.1991523797896646
0.5979484613460097,0.372122122122122,0.783033033033033,0.5035858171861102,0.4815354831958421,0.9860212428274936
0.2989742306730049,0.5923423423423423,0.3876376376376376,1.0,0.0,0.638352198405916
0.5208906680010009,0.5275275275275274,0.7527527527527527,0.5018312782322061,0.4952090273296475,0.4997401328984774
0.5203902927195397,0.5275275275275274,0.7527527527527527,0.5018923208399463,0.4951933306590858,0.4997715262396009
0.4753565173880412,0.8298298298298297,0.5615615615615616,0.0,0.3865514414775799,0.4134415822243926
0.4768576432324244,0.5150150150150149,0.8010510510510509,0.3564591799361669,0.4654812773601688,0.5143764061600712
0.3562672004003003,0.5165165165165164,0.6946946946946947,0.6959153775049269,0.5300940056159199,0.4378743219910355
0.2639479609707281,0.528028028028028,0.5878378378378378,0.5823307811709716,0.1204370650714198,0.6896140363116312
0.4726044533400051,0.6368868868868868,0.6876876876876876,0.0,0.3088145525576852,0.4099011109754609
0.4851138353765325,0.4406906906906906,0.6664164164164164,0.4737202853305893,0.4573155205190365,0.5080122782845283
0.5208906680010009,0.5327827827827827,0.5452952952952953,0.4623820569614734,0.0,0.6014528140642168
0.4803602702026521,0.5843343343343342,0.6906906906906907,0.2286202626576207,0.5322758428240054,0.5654673247641139
0.2992244183137353,0.5673173173173173,0.7865365365365364,0.445488951287999,1.0,0.2496642656574288
0.5206404803602703,0.5275275275275274,0.7527527527527527,0.5018312782322061,0.4951933306590858,0.499694786961299
0.5201401050788093,0.5277777777777777,0.7525025025025025,0.5018469749027679,0.4952090273296475,0.4997558295690392
0.5203902927195397,0.5277777777777777,0.7530030030030029,0.5018766241693845,0.4951322880513455,0.4997104836318607
0.4203152364273206,0.5633133133133132,0.720970970970971,0.512635819802222,0.5038456842876328,0.5852451296719396
0.5203902927195397,0.5277777777777777,0.7527527527527527,0.5018312782322061,0.4951619373179622,0.4997261803024225
0.47485614210658,0.5560560560560559,0.813063063063063,0.5350088075762597,0.5166646319130753,1.0
0.4283212409306981,0.5040040040040039,0.7530030030030029,0.6295027643580934,0.0,0.8722081727331392
0.3707780835626721,0.574074074074074,0.7572572572572571,0.6657620733557738,0.0742888536198266,0.7217224479829778
0.9146860145108834,0.3686186186186185,0.9997497497497496,1.0,0.0,0.7817569806582136
0.3132349261946461,0.9134134134134132,0.3263263263263263,1.0,1.0,0.0371296021766049
0.5203902927195397,0.5275275275275274,0.7525025025025025,0.5018766241693845,0.4952683258628809,0.4997854788356559
0.0,0.2752752752752752,1.0,0.3523379318764498,0.0018766241693845,0.4231316601845231
0.5701776332249189,0.6268768768768768,0.6153653653653653,0.0,0.4197446674921953,0.4158989832045625
0.3575181386039531,0.6701701701701701,0.8088088088088088,0.5246455168564801,0.4901267942166489,0.0051118823796152
0.5203902927195397,0.5275275275275274,0.7522522522522521,0.5018609274988227,0.4952090273296475,0.4997401328984774
0.5201401050788093,0.5275275275275274,0.752002002002002,0.5018609274988227,0.4951462406474005,0.4997104836318607
1.0000000000000002,0.4359359359359358,0.765015015015015,0.5161762910511537,0.5270872211660882,0.0229520205103162
0.0,0.2535035035035035,0.1771771771771772,0.3728325514065961,0.672413973524949,0.7187767061408863
0.3445083812859646,0.587087087087087,0.7510010010010009,0.4652667561958247,0.422369499625024,0.0151839126567487
0.0788091068301227,0.7384884884884884,0.0,0.4043165844044857,0.2596595566562604,0.1834033869926923
0.5206404803602703,0.5277777777777777,0.7527527527527527,0.5018312782322061,0.4952229799257024,0.4997401328984774
0.5371528646484865,0.8603603603603602,0.2177177177177177,1.0,1.0,0.4077646197045538
0.5206404803602703,0.5275275275275274,0.7525025025025025,0.5018609274988227,0.4951933306590858,0.4997558295690392
0.4993745308981737,0.5708208208208208,0.7585085085085085,0.4925824511223119,0.5217311683555121,0.0
0.4293219914936203,0.5157657657657657,0.7109609609609608,0.4837940596822296,1.0,0.4116416973333101
0.1603702777082812,0.6146146146146145,0.7615115115115114,0.5791112196313026,0.9330519559795594,0.3742679247257443
0.0843132349261947,0.2795295295295295,0.3015515515515515,0.3027399410502817,1.0,0.6680799483753945
0.5188891668751565,0.528028028028028,0.7525025025025025,0.5018609274988227,0.4952683258628809,0.4997104836318607
0.4473355016262198,0.6003503503503502,0.8503503503503502,0.5326577951410084,0.9597118788914664,0.3501560946683643
0.6942707030272706,0.5733233233233233,0.5728228228228228,0.4885693356820203,0.002213230549209,0.6823185726494236
0.2546910182636979,0.3591091091091091,1.0,0.9491968536895896,0.3876362558208486,0.5261872787205469
0.5208906680010009,0.5277777777777777,0.7527527527527527,0.5018609274988227,0.495254373266826,0.4998168721767794
0.5203902927195397,0.5275275275275274,0.7525025025025025,0.5017702356244659,0.4950398521024818,0.4997401328984774
0.0,0.6806806806806805,0.6363863863863863,0.0,0.0,0.8371226258785776
0.902176632474356,0.9699699699699698,1.0,0.0,0.998916929731238,0.8020684723651395
0.5038779084313236,0.6564064064064064,0.4419419419419419,0.4635261698379754,0.4824354256413834,0.6918115701902785
0.5206404803602703,0.5277777777777777,0.7527527527527527,0.5018469749027679,0.4952386765962642,0.4998168721767794
0.3107330497873406,0.583083083083083,0.7374874874874874,0.5003348623053177,0.5149554388963496,0.8562132654306991
0.5201401050788093,0.5275275275275274,0.752002002002002,0.5018312782322061,0.4952840225334426,0.4996494410241205
0.4786089567175383,0.523023023023023,0.5740740740740741,0.5337862113469487,0.7188987913563667,0.4228735371575073
0.1836377282962222,0.843093093093093,0.4356856856856856,1.0,0.0,0.4356296981007028
0.6707530647985991,0.4919919919919919,0.7827827827827827,0.5105917644801786,0.5331914819401085,1.0
0.5203902927195397,0.5277777777777777,0.7525025025025025,0.5018016289655894,0.495177633988524,0.4996651376946823
0.2069051788841632,0.5738238238238237,0.6008508508508508,0.5780734952997192,0.4097022864816785,0.5682752847201632
0.5041280960720542,0.7054554554554553,0.5047547547547547,0.0014493259152031,0.4178976925894274,0.6170640249751469
0.5251438578934202,0.7472472472472471,0.4662162162162162,0.0,0.4311439384690514,0.4633587386853166
0.5206404803602703,0.5277777777777777,0.7525025025025025,0.5018609274988227,0.495177633988524,0.4997854788356559
0.5619214410808108,0.6078578578578577,0.7272272272272272,0.4687915307741946,0.5312084692258053,1.0
0.4716037027770829,0.6919419419419418,0.6681681681681682,1.0,0.440207893681218,0.4583846381917436
0.4681010758068553,0.7364864864864864,0.5195195195195195,1.0,0.8486753754120375,0.4742243228630727
0.3595196397297974,0.5523023023023022,0.7377377377377377,0.5112475364947591,0.5025027469173483,0.4771543680346024
0.4340755566675007,0.7017017017017015,0.7565065065065064,0.3096394997994314,0.4758724732720581,0.0
0.1315986990242682,0.6859359359359358,0.7860360360360359,0.4223381062839004,0.490355267977048,0.0383347576608473
0.7207905929447087,0.4499499499499498,0.7472472472472472,0.4723790920348117,0.5226154141304916,1.0
0.5203902927195397,0.5275275275275274,0.7525025025025025,0.5019080175105081,0.4951933306590858,0.4998325688473412
0.5509131848886666,0.9404404404404404,0.6739239239239239,0.0,0.9939114358965416,1.0
0.495371528646485,0.7054554554554553,0.536036036036036,0.0,0.3182447634162931,0.5955473777839789
0.299974981235927,0.6198698698698698,0.7640140140140139,0.4018434867537541,0.4567050944416345,0.0
0.727295471603703,0.896146146146146,0.5943443443443444,0.3862933184505642,0.3512705582782496,0.0
0.0743057292969728,0.7364864864864864,0.7632632632632632,0.4339815476917174,0.4616966356802762,0.2501526065193505
0.5206404803602703,0.5277777777777777,0.7525025025025025,0.5018923208399463,0.495254373266826,0.4997104836318607
0.5203902927195397,0.5275275275275274,0.752002002002002,0.5018469749027679,0.495177633988524,0.4997104836318607
0.7110332749562174,0.6116116116116115,0.6328828828828829,0.3289900064530756,0.0168477597362959,0.6082285435233793
0.5041280960720542,0.7299799799799799,0.4619619619619619,0.0001220852154804,0.3963496520571359,0.4844951776339885
0.2521891418563924,0.6203703703703702,0.7474974974974975,0.5153059978722291,0.5035561679194935,0.8388021696286865
0.3470102576932701,0.5558058058058057,0.6463963963963963,0.5582503444547151,0.0119643511170797,0.6991820290562812
0.3750312734550914,0.5528028028028027,0.7555055055055054,0.5174424891431362,1.0,0.1839056804506688
0.505379034275707,0.3248248248248248,0.6138638638638638,0.9261384446343548,0.0,0.459727575562028
0.4816112084063048,0.6316316316316315,0.0,1.0,0.019823150845004,0.6400474388265867
0.5201401050788093,0.5275275275275274,0.752002002002002,0.5018469749027679,0.4951933306590858,0.4998011755062176
0.7210407805854393,0.599099099099099,0.803053053053053,0.5571201841742679,0.5256535919214469,1.0
0.4843632724543409,0.6989489489489489,0.4444444444444444,0.4294957880600659,0.5152153059978722,0.5759527006993739
0.4520890668001002,0.4291791791791791,0.642142142142142,0.5572736627308719,0.0,0.7654132584544011
0.8121090818113588,0.4697197197197196,0.7510010010010009,0.5039363761619896,0.4977414235136125,1.0
0.5206404803602703,0.5275275275275274,0.752002002002002,0.5018312782322061,0.4951933306590858,0.499694786961299
0.5281461095821868,0.7017017017017015,0.4872372372372372,0.1096935661091442,0.4121910808029719,0.5492003418386033
0.5206404803602703,0.5275275275275274,0.7527527527527527,0.5018312782322061,0.4952229799257024,0.4997558295690392
0.0,0.9989989989989988,0.0813313313313313,0.0,0.5566928859200865,0.4894710222020684
0.0,1.0,0.0,0.0002441704309608,0.1120585311404503,0.0
0.5196397297973482,0.5275275275275274,0.7525025025025025,0.5018609274988227,0.4952840225334426,0.4997261803024225
0.4573430072554417,0.7427427427427427,0.5207707707707707,0.9831836336048276,0.6970908837225527,0.5845597083907424
0.4070552914686016,0.5405405405405405,0.6604104104104104,0.5358163140729372,0.0010063309904599,0.7260250797914087
0.4610958218663999,0.7840340340340339,0.8848848848848848,0.0,0.6104103807314648,0.8460348466086471
0.751063297473105,0.5775775775775774,0.0,0.9870136212218984,0.037740028254007,0.6080140223590351
0.5699274455841883,0.4759759759759759,0.5723223223223223,0.4763154681968014,0.0,0.8374435355878402
0.563422566925194,0.606106106106106,0.6268768768768769,0.0,0.3587317090186093,0.5196557196923453
0.7160370277708283,0.4509509509509509,0.7202202202202201,0.4820988192615588,0.487746132514781,0.486066588764672
0.5201401050788093,0.5275275275275274,0.7522522522522521,0.5018766241693845,0.4951933306590858,0.499694786961299
0.5203902927195397,0.5277777777777777,0.7522522522522521,0.5018312782322061,0.495254373266826,0.4997261803024225
0.0965724293219915,0.9594594594594592,0.0,0.1704152641400841,0.3363447686485167,0.4996494410241205
0.5599199399549664,0.633133133133133,0.6483983983983983,0.0,0.2124125782653435,0.509949945061653
0.5399049286965225,0.7972972972972971,0.6811811811811811,0.5475818406962345,0.5464080785531158,0.0
0.5366524893670254,0.8050550550550549,0.567067067067067,1.0,0.7379894309084883,0.3608682002895164
1.0000000000000002,0.7802802802802802,0.3418418418418418,0.993269616478016,0.6423670579207144,0.7648795716553011
0.4746059544658495,0.4509509509509509,0.6308808808808808,0.3022829935294836,0.0,0.8805396166524233
0.6695021265949463,0.5983483483483483,0.532032032032032,0.5859933376353837,0.2501683031899122,0.6385056769625198
0.4983737803352516,0.6013513513513513,0.7429929929929929,1.0,0.6548337024957707,0.5584177756073739
0.5203902927195397,0.5275275275275274,0.752002002002002,0.5017702356244659,0.495254373266826,0.4997401328984774
0.3410057543157369,0.5858358358358358,0.0,0.1210474911488219,0.0282941207248373,0.5602333571690182
0.5201401050788093,0.5277777777777777,0.7517517517517517,0.5018469749027679,0.4952997192040044,0.4997558295690392
0.2414310733049788,0.6659159159159158,0.7279779779779779,0.570657690496538,0.5194115492613844,0.2584387045014563
1.0000000000000002,0.9987487487487484,0.0,1.0,0.6870502467865427,0.9708826761079232
0.3397548161120841,0.4782282282282281,0.0,0.0301846974902768,0.092174337687706,0.3639046340059647
0.5101325994495873,0.709209209209209,0.4507007007007007,0.0781798838446378,0.3738092331304393,0.5130788147269651
0.5801851388541408,0.5850850850850849,0.1546546546546546,1.0,1.0,0.7207457662591346
0.8951713785339006,0.3045545545545545,0.9354354354354354,0.5640493921900344,0.4446029614385126,0.3525664056368488
0.5008756567425571,0.7324824824824824,0.4594594594594594,0.9995116591380784,0.5837958037567365,0.662755288905942
0.4893670252689518,0.683183183183183,0.4286786786786787,0.8469504857247502,0.6691804593892251,0.6269075814918813
0.5203902927195397,0.5275275275275274,0.7525025025025025,0.5017859322950277,0.4951619373179622,0.4997401328984774
0.5203902927195397,0.5275275275275274,0.7522522522522521,0.5018469749027679,0.495254373266826,0.4996337443535588
0.1891418563922943,0.6028528528528527,0.9904904904904904,0.1480283237699914,0.0,0.2494497444930847
0.5486614961220917,0.4939939939939939,0.606106106106106,0.3881245966827703,0.0,0.8594956136526153
0.394045534150613,0.5300300300300299,0.7444944944944945,0.4365610338873676,0.3987599630256204,0.0
0.3787840880660497,0.5868368368368367,0.8345845845845845,0.0,1.0,0.9653277988035648
0.2769577182887166,0.9844844844844844,0.5065065065065065,0.0,1.0,0.801260965868462
0.3957968476357269,0.652152152152152,0.7304804804804804,0.3635697717006471,0.468608402950974,0.0
0.3417563172379285,1.0,0.0,1.0,0.7623157821302126,0.8980588450738616
0.5739304478358771,0.3768768768768768,0.8043043043043043,0.6021696286865375,0.4874252228055182,0.4412927080244868
0.0,0.9276776776776776,0.9887387387387386,1.0,1.0,1.0
0.5203902927195397,0.5275275275275274,0.7525025025025025,0.5018155815616443,0.4951619373179622,0.4996494410241205
0.8193645233925446,0.5805805805805805,0.775025025025025,0.4553935504124736,0.4721192249332891,1.0
0.5203902927195397,0.5275275275275274,0.7527527527527527,0.5018469749027679,0.4952090273296475,0.4996790902907372
0.4746059544658495,0.4449449449449448,0.6391391391391391,0.5054624413554947,0.0,0.8639046340059646
0.4973730297723294,0.6934434434434433,0.5285285285285285,0.2415752480945986,0.4118998203603258,0.5712977658405567
0.0,0.7730230230230228,0.994994994994995,0.0,0.5129253361703612,0.8822331129985873
0.5459094320740556,0.5122622622622621,0.741991991991992,0.5119643511170797,0.4688368767113731,0.5623401991733087
0.5208906680010009,0.5277777777777777,0.7522522522522521,0.5018469749027679,0.4952386765962642,0.499694786961299
0.5201401050788093,0.5277777777777777,0.7525025025025025,0.5018469749027679,0.4952386765962642,0.4997261803024225
0.5206404803602703,0.5277777777777777,0.7530030030030029,0.5018312782322061,0.495177633988524,0.4998011755062176
0.2964723542656994,0.6373873873873873,0.0,0.321389329752167,0.4973594711966095,0.0
0.5203902927195397,0.5275275275275274,0.752002002002002,0.5018923208399463,0.4952090273296475,0.4997558295690392
0.5298974230673006,0.4331831831831831,0.6936936936936937,0.6907128032509549,0.528018556952753,0.4532727558121283
0.3647735801851389,0.5578078078078077,0.7279779779779779,0.4203550935695973,0.0669183947538238,0.6803809058722988
0.5461596197147862,0.4917417417417417,0.6446446446446445,0.540882850515374,0.0,0.6642499607583237
0.2594445834375782,0.6759259259259258,0.7862862862862863,0.5097057746306922,0.5098592531872962,0.1829603920679491
0.7120340255191395,0.5945945945945945,0.7612612612612613,0.4832429321380609,0.5315747248722466,1.0
0.3254941205904429,0.5535535535535534,0.9196696696696696,0.5251199051223469,0.9990529675427734,0.3170396079320509
0.6662496872654493,0.6266266266266265,0.5863363363363363,0.6014231647976002,0.0710082494724174,0.7820168477597362
0.6319739804853641,0.5302802802802802,0.7487487487487487,0.50550953136718,0.5338629506252507,1.0
0.6432324243182388,0.5012512512512511,0.8065565565565564,0.4766206812355024,1.0,0.4078413589828558
0.4330748061045785,0.7855355355355353,1.0,0.0,0.6308300050578161,0.945183738249298
0.5316487365524144,0.7469969969969968,0.5668168168168168,1.0,0.8184749812511991,0.4242007778572301
0.5211408556417314,0.5272772772772771,0.7525025025025025,0.5018923208399463,0.495177633988524,0.4998168721767794
0.5201401050788093,0.5275275275275274,0.7530030030030029,0.5018155815616443,0.4951165913807838,0.4997401328984774
0.6920190142606957,0.5295295295295295,0.6263763763763763,0.4354936602891676,0.0,0.6671800059298533
0.3727795846885164,0.6356356356356355,0.9074074074074072,0.5340774717895949,0.752793135322741,0.4174390009941224
0.6850137603202403,0.4234234234234233,0.75,0.509111045223852,0.505127579050177,1.0
0.5208906680010009,0.5277777777777777,0.7532532532532532,0.5018155815616443,0.4952090273296475,0.499694786961299
0.0800600450337754,0.6869369369369368,0.0,0.9996494410241206,1.0,0.9361651289743098
0.4558418814110584,0.6849349349349348,0.7367367367367367,1.0,0.7164413903761968,0.5462249507298952
0.5891918939204405,0.6093593593593593,0.745995995995996,0.4972077367145124,0.4604600868549104,0.0
0.5106329747310484,0.5678178178178177,0.7675175175175175,0.0224479829778327,0.4419327833685055,0.416783228979542
0.5113835376532401,0.7402402402402402,0.55005005005005,1.0,0.6721401538273715,0.5058600903430595
0.4858643982987242,0.6981981981981981,0.5237737737737738,0.5467272441878717,0.5649650313061374,0.5753265779514101
0.7240430322742059,0.5898398398398397,0.6451451451451451,0.6311648673631338,0.2606972809878438,0.7610338873676683
0.5841881411058295,0.577077077077077,0.5945945945945945,0.4593299265744632,0.0,0.7168686886303783
0.7105328996747562,1.0,0.0,0.993498090238415,0.6136299422711338,1.0
0.5384038028521393,0.4466966966966966,0.571071071071071,0.468608402950974,0.0,0.8444791321485254
0.7105328996747562,0.6173673673673673,0.5578078078078078,0.5903884053926783,0.2324955962118702,0.7202574253972129
0.4480860645484114,0.8075575575575574,0.6524024024024023,0.0,0.3740377068908384,0.5389748330048659
0.2907180385288967,0.6616616616616615,0.7542542542542542,0.4300608682002895,0.463709297661196,0.0913354378499049
0.0355266449837378,0.6293793793793793,0.6483983983983983,0.0,0.0,0.0745330240507874
0.5206404803602703,0.5275275275275274,0.7525025025025025,0.5017545389539041,0.495254373266826,0.4997715262396009
0.5203902927195397,0.5275275275275274,0.752002002002002,0.5018609274988227,0.4952386765962642,0.4997104836318607
0.4555916937703279,0.6058558558558558,0.7702702702702702,0.0,0.435920958543349,0.4062995971187889
0.4838628971728798,0.4484484484484484,0.6939439439439439,0.4229328356907407,0.4430315503078291,0.4643511170797216
0.5041280960720542,0.6764264264264264,0.7044544544544544,0.4287632767671835,0.4101452814064217,0.0
0.7398048536402303,0.5898398398398397,0.746996996996997,0.5388684444599473,0.5708861642569371,1.0
0.5206404803602703,0.5275275275275274,0.7525025025025025,0.5018155815616443,0.495177633988524,0.4997401328984774
0.7810858143607707,0.4709709709709709,0.7474974974974975,0.5065001656870781,0.4832743254791845,0.7565306869909483
0.6577433074806106,0.5883383383383383,0.6131131131131131,0.5227235467499172,0.8227933097301916,0.4636953450651412
0.5526644983737805,0.4984984984984984,0.7192192192192192,0.477796187453128,1.0,0.3725116416973333
0.5203902927195397,0.5277777777777777,0.7525025025025025,0.5018155815616443,0.4951933306590858,0.499694786961299
0.550162621966475,0.6689189189189189,0.7840340340340339,0.4971606467028271,0.4451680415787362,0.0
0.5203902927195397,0.5275275275275274,0.7525025025025025,0.5018469749027679,0.4951462406474005,0.4997401328984774
0.5726795096322244,0.6278778778778777,0.7605105105105104,0.4896681026213439,0.455820848666655,0.0
0.6109582186639981,0.5565565565565564,0.6396396396396395,0.4894396288609449,0.0,0.8046793519019132
0.5201401050788093,0.5277777777777777,0.7530030030030029,0.5018609274988227,0.4952090273296475,0.499694786961299
0.1611208406304729,0.5773273273273272,0.7014514514514514,0.5819959188656539,0.6003226537837696,0.4421159111917261
0.5379034275706781,0.4471971971971971,0.6331331331331331,0.0951357762003592,0.4192406299597119,0.4998622181139578
0.5208906680010009,0.5277777777777777,0.7530030030030029,0.5018312782322061,0.4951933306590858,0.4996651376946823
0.6617463097322994,0.6153653653653652,0.7267267267267267,0.4956659748504456,0.4676020719605142,1.0
0.1811358518889168,0.7762762762762762,0.714964964964965,0.5439053316357675,0.4802221950921743,0.4902174860910058
0.3632724543407556,0.5407907907907907,0.6436436436436436,0.667057920714373,0.2332751975164379,0.5812023649650313
0.4971228421315988,0.7214714714714714,0.567067067067067,0.9608263425013516,0.7195999093081257,0.4318764497619338
0.5206404803602703,0.5275275275275274,0.7525025025025025,0.5017859322950277,0.495177633988524,0.4997261803024225
0.5013760320240181,0.4181681681681681,0.8430930930930931,0.6689362889582643,0.5631180564033695,0.4883565585921831
0.5203902927195397,0.5275275275275274,0.7522522522522521,0.5018016289655894,0.4952386765962642,0.4997854788356559
0.4871153365023769,0.5060060060060059,0.7269769769769769,0.5957601548738162,0.4948113783420828,0.5160699025062351
0.1646234676007006,0.6879379379379378,0.8178178178178177,0.0,0.0,0.5058757870136212
0.3507630723042283,0.6824324324324323,0.6926926926926926,1.0,1.0,0.0759823499659905
0.4868651488616464,0.612112112112112,0.7024524524524525,0.0,0.4266110888257146,0.4757207387899611
0.5156367275456594,0.7229729729729728,0.7827827827827827,1.0,0.8338716709977849,0.3888728046462145
0.5203902927195397,0.5275275275275274,0.7525025025025025,0.5018155815616443,0.495177633988524,0.499694786961299
0.7082812109081813,0.5518018018018017,0.7537537537537538,0.3481573852834993,0.9685630570137956,0.3582887140938661
0.4115586690017514,0.076076076076076,1.0,0.351024643772782,1.0,0.7567452081552923
0.3770327745809358,0.5525525525525524,0.7552552552552552,0.5147426618065124,0.4899890123306067,0.4945672079111219
0.5203902927195397,0.5275275275275274,0.7522522522522521,0.5018923208399463,0.4952090273296475,0.4997401328984774
0.0042531898924194,0.6921921921921921,0.7279779779779779,0.4628250518862166,0.4733697263547098,0.5061496067111987
0.6472354265699276,0.5417917917917917,0.6821821821821821,0.5463470359453756,0.997772816854736,0.3365889390794775
0.4813610207655743,0.7835335335335334,0.5222722722722722,0.0,0.2234159443291417,0.5681845928458064
0.4235676757568177,0.4396896896896896,0.8455955955955955,0.3570068193313218,1.0,0.2184261471650069
0.4866149612209158,0.3893893893893893,0.6679179179179179,0.213068350279924,0.3617995360761812,0.4699373877252036
0.539654741055792,0.6038538538538537,0.542042042042042,0.0,0.4354779636186058,0.3907040828784205
0.5203902927195397,0.5275275275275274,0.752002002002002,0.5018766241693845,0.4952386765962642,0.4996790902907372
0.638729046785089,0.5272772772772771,0.7489989989989989,0.4878525210596997,0.4995273558086401,1.0
0.6062046534901178,0.6994494494494493,0.7442442442442442,0.5558225927411619,0.488738510909186,1.0
0.9997498123592696,0.9504504504504504,0.8033033033033032,1.0,0.0,0.0
0.4968726544908682,0.6436436436436435,0.6186186186186186,0.0,0.3327886007290231,0.4669149066048101
0.4808606454841132,0.7159659659659658,0.4186686686686686,0.6784589357657359,0.5681531995046828,0.5803774177232851
0.5861896422316739,0.4371871871871871,0.6981981981981982,0.6254425589061164,0.5062873885972409,0.4460540314282226
0.6822616962722043,0.8153153153153152,1.0,0.0037532483387689,0.9875473080209988,0.6483178401381307
0.5138854140605456,0.5092592592592592,0.7630130130130129,0.267870659434571,0.4422379964072065,0.4691734830911976
0.4413309982486866,0.4909909909909909,0.8516016016016015,0.6137537715611211,0.5200376720093483,0.5641871740760765
0.5499124343257444,0.669169169169169,0.4739739739739739,1.0,0.6907581491881333,0.4171198353593666
0.5208906680010009,0.5275275275275274,0.7527527527527527,0.5019080175105081,0.4951933306590858,0.4997261803024225
0.5203902927195397,0.5277777777777777,0.7522522522522521,0.5018155815616443,0.495177633988524,0.4997401328984774
0.510883162371779,0.7269769769769768,0.6606606606606606,1.0,0.7470394335246002,0.4675549819488288
0.5201401050788093,0.5277777777777777,0.7525025025025025,0.5019219701065629,0.4951619373179622,0.4997261803024225
0.1583687765824368,0.6018518518518517,0.6028528528528528,0.5529849835184959,1.0,0.2668329351029876
0.0065048786589942,1.0,0.6058558558558558,1.0,1.0,0.9946125538483004
0.3482611958969228,0.4967467467467467,0.806056056056056,0.6549714843818127,0.5666271343111777,0.4013254966252158
0.5203902927195397,0.5275275275275274,0.7527527527527527,0.5018609274988227,0.4951462406474005,0.4996790902907372
0.461596197147861,0.5252752752752752,0.7565065065065064,0.3780054763939515,1.0,0.3437623175262047
0.7035276457343009,0.4732232232232231,0.1796796796796797,0.7014406055426687,1.0,1.0
0.4468351263447587,0.5825825825825824,0.8726226226226226,0.3041753143694299,0.3277220642865863,0.436683119102848
0.0,1.0,0.0,0.0,0.559028201684776,1.0
0.4390793094821117,0.4291791791791791,0.7277277277277276,0.0,0.3590072727906936,0.4759649092209219
0.2321741305979485,0.5743243243243242,0.7034534534534533,0.5209533111254513,0.9023614768822924,0.297277499694787
0.5203902927195397,0.5275275275275274,0.7527527527527527,0.5018312782322061,0.4951933306590858,0.4996337443535588
0.539654741055792,0.7132132132132131,0.6051051051051051,1.0,0.7517693635872125,0.4918202905628128
0.2106579934951214,1.0,0.2527527527527528,1.0,0.991347646371453,0.0
0.5206404803602703,0.5277777777777777,0.7525025025025025,0.5018609274988227,0.4952090273296475,0.4997104836318607
0.5203902927195397,0.5272772772772771,0.7522522522522521,0.5018016289655894,0.4951933306590858,0.4998168721767794
0.6459844883662749,0.5457957957957957,0.6674174174174174,0.4836091877845021,0.2179988489108255,0.619505729284755
0.5203902927195397,0.5275275275275274,0.7527527527527527,0.5018469749027679,0.4951322880513455,0.4997854788356559
0.5203902927195397,0.5275275275275274,0.752002002002002,0.5018312782322061,0.495177633988524,0.4997715262396009
0.4320740555416563,0.5785785785785784,0.6226226226226226,0.5108498875071943,0.56575858520676,0.4604443901843487
0.4638478859144359,0.7117117117117115,0.5232732732732732,0.6394056194080611,0.5782566231229398,0.5180372185499764
0.5188891668751565,0.4489489489489489,0.7322322322322322,0.8989744841899645,0.5017859322950277,0.5484364372045973
0.5138854140605456,0.4256756756756756,0.7384884884884884,0.4004081134346059,0.359129358006174,0.5046235415176936
0.6987740805604205,0.4226726726726726,0.767017017017017,0.4994349198597764,0.4987181052374557,0.6107609397073442
0.5514135601701278,0.5848348348348348,0.7267267267267267,0.0,0.5180372185499764,0.6137834208277377
0.5201401050788093,0.5297797797797796,0.7525025025025025,0.5019376667771247,0.4951462406474005,0.4997715262396009
0.0490367775831874,0.6974474474474474,0.0,0.9989622756684164,0.7552034462912256,0.3320717861067025
0.505879409557168,0.5065065065065064,0.806056056056056,0.2502746917348309,0.5150461307707065,0.4802675410293527
0.4553415061295973,0.7184684684684683,0.8485985985985984,0.0,0.6650138653923295,0.8592653958177092
0.5203902927195397,0.5277777777777777,0.7527527527527527,0.5017859322950277,0.4951933306590858,0.4998168721767794
0.6687515636727548,0.5910910910910909,0.781031031031031,0.340145106998971,0.9986413659591538,0.3440204405532204
0.4883662747060296,0.4819819819819819,0.7847847847847848,0.9883408619216212,0.5510926626785496,0.5406090308177965
0.5203902927195397,0.5277777777777777,0.7527527527527527,0.5018766241693845,0.4951462406474005,0.4997401328984774
0.9794846134600952,0.7154654654654653,0.7159659659659658,0.5042415892006906,0.4945515112405602,0.0
0.3372529397047786,0.6894394394394393,0.7515015015015014,0.3595566562603555,0.4423600816226869,0.0
0.3690267700775582,1.0,0.6093593593593594,0.0,1.0,0.8797914086889791
0.8841631223417565,0.4859859859859859,0.932182182182182,0.6646022638087099,0.5253169855416223,0.0
0.5206404803602703,0.5277777777777777,0.7530030030030029,0.5018155815616443,0.4951619373179622,0.4997715262396009
0.2051538653990494,0.6058558558558558,0.7947947947947948,0.4560650190976159,0.4309154647086524,0.0085302684130666
0.5118839129347011,0.7049549549549549,0.5022522522522522,0.2077593874810331,0.4852276889268709,0.4451226956415578
0.5098824118088567,0.5310310310310309,0.7517517517517517,0.7711966095191587,0.5304916546034847,0.5355111010342362
0.5096322241681263,0.6476476476476476,0.7915415415415414,0.4516089087325811,0.4054293039398643,0.0
0.6092069051788843,0.5995995995995995,1.0,0.9808169244990146,0.9346233671102429,0.7035770968135758
0.6249687265449089,0.6316316316316315,0.7214714714714714,0.4740272424437972,0.3992186546209254,0.0
0.0,0.6458958958958958,0.53003003003003,0.0,0.0003366063798245,0.7265448139944538
0.508631473605204,1.0,0.474974974974975,1.0,0.2736383138287668,0.0
0.5206404803602703,0.5275275275275274,0.7527527527527527,0.5018609274988227,0.4952386765962642,0.499694786961299
0.208656492369277,0.6361361361361361,0.7407407407407407,0.4954671503566632,0.4885553830859654,0.0567539285278267
0.4505879409557169,0.4672172172172171,0.7334834834834835,0.5069135113452047,1.0,0.2401416188499572
0.4065549161871404,0.5247747747747746,0.7079579579579579,0.6300050578160699,0.2270017615152519,0.7053316357674799
0.4888666499874907,0.5015015015015014,0.7222222222222222,0.3727261628616775,0.431173587735668,0.4774299318066868
0.6745058794095573,1.0,0.0848348348348349,0.0,0.9998622181139578,0.5478120585311405
0.3677758318739055,0.5915915915915915,0.765015015015015,0.4838237089488463,0.4716919266791077,0.4019655719692345
0.6785088816612461,0.4869869869869869,0.6849349349349348,0.4785130020754486,0.9792751626349478,0.2796972286656086
0.4758568926695022,0.7167167167167166,0.5485485485485485,0.1391928423182238,0.491194167814849,0.4689450093307986
0.5486614961220917,0.5497997997997996,0.7657657657657657,0.5374801611524844,0.5665974850445611,0.4571637860369395
1.0000000000000002,1.0,1.0,0.0270418752289097,0.9549348588171688,0.9967490451192076
0.5203902927195397,0.5275275275275274,0.7525025025025025,0.5018469749027679,0.4951462406474005,0.4998011755062176
0.7077808356267202,0.4321821821821821,0.7990490490490489,0.5146188325165251,0.5031585189319288,0.0124683886495631
0.2762071553665249,0.7014514514514514,0.7505005005005004,0.5766398660550779,0.5481469208364581,0.7692135968048555
0.4901175881911435,0.4927427427427426,0.7842842842842842,0.2943788478643807,0.4225369307776828,0.4480073948759091
0.6202151613710284,0.4859859859859859,0.6631631631631631,0.5011144636098854,0.0,0.786717128555732
0.6194645984488367,0.5005005005005004,0.6473973973973973,1.0,0.5409909831347995,0.3915115893750981
0.5931948961721293,0.4897397397397396,0.7172172172172171,0.4675549819488288,0.474271412874758,0.0
0.338754065549162,0.5055055055055054,0.7004504504504504,0.6240839248652702,0.4134119329577759,0.6183162704710745
0.6877658243682764,0.5895895895895895,0.5425425425425425,0.5446064495875264,0.3759317718052915,0.6023074105725796
0.5831873905429074,0.4932432432432431,0.8658658658658658,0.5592270261785584,0.6766730034707082,0.3702234159443291
0.5203902927195397,0.5272772772772771,0.7527527527527527,0.5018312782322061,0.495177633988524,0.4997558295690392
0.4518388791593696,0.4709709709709709,0.8428428428428427,0.3449831696810088,1.0,0.234037358075937
0.2496872654490869,0.7745245245245245,0.7432432432432432,0.3469504857247502,0.4358738685316636,0.0
0.0,0.7444944944944943,0.4374374374374374,0.0,0.2519228421438164,0.7692885920086505
0.4891168376282213,0.6463963963963963,0.7497497497497497,0.0016481504089854,0.5682752847201632,0.4737673753422746
0.4873655241431074,0.5485485485485484,0.7354854854854854,0.6238240577637477,0.3968083436524408,0.5946160419973141
0.7260445334000503,0.537037037037037,0.7222222222222222,0.4138985297451907,0.836620332420601,0.3973106371104173
0.4368276207155367,0.552052052052052,0.8055555555555555,0.0711756806250763,0.4295725273383679,0.3721924760625774
0.6902677007755819,0.6173673673673673,0.6654154154154154,0.4160978076983448,0.8409072675584701,0.624099621535832
0.3917938453840381,0.593093093093093,0.6959459459459459,0.5494898582067426,0.0117498299527356,0.587428710954532
0.5281461095821868,0.5783283283283283,0.8393393393393392,0.3238467307323369,0.4663498264645865,0.4852573381934876
0.5208906680010009,0.5275275275275274,0.7530030030030029,0.5018155815616443,0.4951462406474005,0.4997261803024225
0.5208906680010009,0.6468968968968968,0.3748748748748748,0.0,0.1008423879868147,0.6169733331007901
0.5006254691018265,0.5523023023023022,0.7302302302302301,0.0002284737603991,0.4091529030120167,0.4207823918237787
0.5206404803602703,0.5275275275275274,0.7522522522522521,0.5018312782322061,0.4951462406474005,0.4997401328984774
0.5161371028271204,0.4907407407407406,0.7890390390390389,0.9959101452814064,0.5816907058269529,0.5711756806250763
0.5201401050788093,0.5275275275275274,0.7525025025025025,0.5018923208399463,0.4952229799257024,0.4997854788356559
0.6227170377783339,0.7865365365365364,0.6636636636636637,0.5302160908314003,0.5144374487678114,1.0
0.4763572679509633,0.7369869869869868,0.6346346346346345,1.0,0.6748417252385022,0.3184296353140206
0.5569176882661998,0.569069069069069,0.7675175175175175,0.5230584090552348,0.8340094528838271,0.4238345222107889
1.0000000000000002,1.0,0.0963463463463463,1.0,0.013856671957026,0.9961386190418056
1.0000000000000002,0.5332832832832832,0.7505005005005004,0.5303224793763189,0.487364180197778,0.0687950189232083
0.5203902927195397,0.5275275275275274,0.7522522522522521,0.5018155815616443,0.4951619373179622,0.4997104836318607
0.0,0.9549549549549547,0.1228728728728729,0.0,0.0,0.0
0.732799599699775,0.3736236236236235,0.7412412412412412,0.5020144060554267,0.4901110975460871,0.0
0.4948711533650239,0.4572072072072071,0.622122122122122,0.4319531890402358,0.0,0.8986989204178802
0.5203902927195397,0.5272772772772771,0.7527527527527527,0.5018155815616443,0.495254373266826,0.4997261803024225
0.5434075556667501,0.8138138138138137,0.5735735735735735,1.0,0.7615518774962067,0.4007604164849922
0.0718038528896673,0.6849349349349348,0.8095595595595595,0.422064286586323,0.4907825662312294,0.0
0.2256692519389543,0.6251251251251251,0.8425925925925926,0.3336745905785095,1.0,0.2695484591101732
0.0,0.8353353353353352,0.0,0.0,0.9971606467028272,1.0
0.3079809857393045,0.6423923923923922,0.9024024024024024,0.5632104923522333,0.8463557563179098,0.3264262169279871
0.5914435826870154,1.0,0.518018018018018,1.0,0.0243560004883408,0.0
0.5201401050788093,0.5277777777777777,0.7522522522522521,0.5018016289655894,0.4951462406474005,0.4997104836318607
0.5206404803602703,0.5275275275275274,0.7525025025025025,0.5018312782322061,0.4951933306590858,0.4996790902907372
0.3059794846134602,0.517017017017017,0.5908408408408408,0.5162216369883321,0.0,0.7335036712768369
0.5093820365273957,0.6096096096096095,0.7697697697697696,0.5365645220363814,0.59339518984251,1.0
0.4628471353515138,0.7357357357357356,0.5435435435435435,0.9672201196435112,0.776918917976176,0.4928126689572178
0.3390042531898925,0.98023023023023,0.0510510510510511,1.0,1.0,1.0
0.9954966224668504,0.8205705705705704,1.0,0.1007046061007726,0.5596839736993564,0.9991000575544586
0.6720040030022518,0.5337837837837837,0.7439939939939939,0.500915639116103,0.4913162530303294,0.5389294870676875
0.4623467600700526,0.7710210210210209,0.7902902902902902,0.0,0.0985227688926871,0.6594432914174093
0.8043532649487117,0.2204704704704704,0.7787787787787788,0.5032649074768474,0.4736906360639726,0.6812668957217852
0.5206404803602703,0.5275275275275274,0.7522522522522521,0.5018609274988227,0.4951322880513455,0.4997401328984774
0.3139854891168377,0.9624624624624624,0.0027527527527527,1.0,0.1407485567783455,0.4484800390672689
0.4831123342506881,0.7457457457457456,0.7012012012012012,0.0,0.3437919667928214,0.4248565498718105
0.5206404803602703,0.5277777777777777,0.7525025025025025,0.5019376667771247,0.4952229799257024,0.499694786961299
0.5586690017513136,0.7452452452452452,0.506006006006006,1.0,0.85844219265047,0.4654812773601688
0.5201401050788093,0.5275275275275274,0.7522522522522521,0.5018312782322061,0.4951619373179622,0.499694786961299
0.6579934951213412,0.5302802802802802,0.575075075075075,0.6834033869926923,0.6886530512583497,0.4924464133107766
0.5208906680010009,0.5272772772772771,0.752002002002002,0.5018766241693845,0.4952683258628809,0.4997401328984774
0.0805604203152364,0.7387387387387386,0.7587587587587588,0.4529518461028655,0.4849835184959101,0.542562394265483
0.4453340005003754,0.4654654654654653,0.802052052052052,0.0,0.5370842562394266,0.5010063309904599
0.2309231923942958,0.5350350350350349,0.7157157157157157,0.4780403578840888,1.0,0.3787850776985192
0.4263197398048537,0.7104604604604603,0.5027527527527528,0.3053351239164937,0.4710501072605821,0.6157978268831644
0.8591443582687017,0.3998998998998998,0.8023023023023023,0.5333135671555889,0.4764672026788984,0.9794443378621134
0.5201401050788093,0.5275275275275274,0.7522522522522521,0.5019080175105081,0.4951619373179622,0.499694786961299
0.4906179634726046,0.5312812812812812,0.7612612612612613,0.2033032771159984,0.4338751591467987,0.446176116643703
0.1541155866900176,0.5793293293293292,0.7680180180180181,0.5764410415612955,0.510637110417357,0.7699757573643546
0.4438328746559921,0.637137137137137,0.6323823823823823,0.2746917348309119,0.3889791931911331,0.0
0.7177883412559422,0.4612112112112111,0.7582582582582582,0.5024730976507317,0.4724854805797304,0.6799989535552959
0.5201401050788093,0.5277777777777777,0.7525025025025025,0.5018923208399463,0.4951619373179622,0.499694786961299
0.5201401050788093,0.5275275275275274,0.7525025025025025,0.5018609274988227,0.4952229799257024,0.499694786961299
0.5208906680010009,0.5272772772772771,0.7527527527527527,0.5018766241693845,0.4951462406474005,0.499694786961299
0.4043032274205655,0.5037537537537536,0.6333833833833833,0.4502956206289132,0.0,0.7375464359837453
0.2001501125844384,0.9797297297297296,1.0,0.0903744527966234,0.5135968048555034,1.0
0.5203902927195397,0.5275275275275274,0.7525025025025025,0.5017859322950277,0.4952386765962642,0.4997261803024225
0.7950963222416814,0.4787287287287286,0.7427427427427427,0.5035561679194935,0.4840521827092453,0.4377208434344315
0.5166374781085816,0.5287787787787787,0.8503503503503502,0.2070268761881508,1.0,0.0
0.5203902927195397,0.5275275275275274,0.7525025025025025,0.5018469749027679,0.4952090273296475,0.4998011755062176
0.5536652489367027,0.5172672672672671,0.71996996996997,1.0,0.6081064583078989,0.4812756160943195
0.9239429572179136,0.4544544544544543,0.7142142142142142,0.4792908593055095,0.4752323979280395,0.0
0.5349011758819116,0.5365365365365364,0.7685185185185185,0.5297573992360953,0.5459947328949892,0.0
0.169377032774581,0.8738738738738738,0.7282282282282282,0.0,0.2036067460801925,0.6416484992238869
0.3099824868651489,0.5545545545545545,0.8966466466466466,0.5388998378010709,0.8863072710466191,0.3918638924254844
0.6549912434325746,0.6093593593593593,0.5868368368368369,0.4829691124404834,0.3803878821703263,0.6701414444425066
0.5056292219164374,0.6016016016016015,0.6336336336336336,1.0,0.5625686729337077,0.4023318276156757
0.565674255691769,0.5783283283283283,0.3741241241241241,0.5802396358372429,0.5024870502467865,0.6579172262239043
0.5203902927195397,0.5277777777777777,0.7527527527527527,0.5018609274988227,0.4952090273296475,0.4998011755062176
0.3590192644483364,0.4772272272272271,0.7635135135135135,0.5746237159251443,0.5066536442436821,0.0
0.5644233174881162,0.6669169169169168,0.7202202202202201,0.4940021277708983,0.4916214660690304,0.0
0.4681010758068553,0.5130130130130129,0.8475975975975976,0.3489509391841219,1.0,0.1778328130177721
0.4588441330998249,0.6554054054054053,0.4314314314314314,0.4831679369342658,0.5479951863543611,0.5644313445070374
0.2431823867900926,0.5523023023023022,0.6263763763763763,0.4325775677136927,0.4477632244449483,0.0
0.5201401050788093,0.5272772772772771,0.7525025025025025,0.5018923208399463,0.495254373266826,0.4997261803024225
0.1758819114335753,0.4879879879879879,0.5255255255255254,0.5567539285278267,0.161534436751138,0.5209376144548895
0.4961220915686766,0.7307307307307306,0.506006006006006,1.0,0.6512635819802222,0.5428972565708007
0.3377533149862398,0.6669169169169168,0.7645145145145145,0.4232694420705652,0.3726651202539373,0.0008999424455413
0.2947210407805856,0.3065565565565564,0.6979479479479479,0.0190295969443815,1.0,0.959193888762928
0.5203902927195397,0.5275275275275274,0.7525025025025025,0.5018469749027679,0.4951165913807838,0.4997261803024225
0.2889667250437829,0.5082582582582582,0.8713713713713713,0.5160995517728517,0.9922929347541728,0.1869124649005005
0.0,0.915165165165165,0.3921421421421421,1.0,1.0,0.1290283760922266
0.6677508131098325,0.5367867867867867,0.4712212212212212,0.5537017981408165,0.8072588380975635,0.4268552592566754
0.7315486614961223,0.517017017017017,0.5945945945945945,0.4883112126550046,0.3595863055269721,0.6316689048956171
0.6282211658744059,0.5242742742742742,0.575075075075075,0.5389294870676875,0.0,0.7346774334199557
0.469352014010508,0.7397397397397396,0.5708208208208208,1.0,0.6646929556830667,0.5718924952473969
0.5203902927195397,0.5275275275275274,0.7527527527527527,0.5018155815616443,0.495254373266826,0.4997558295690392
0.5203902927195397,0.5277777777777777,0.7527527527527527,0.5017702356244659,0.4951619373179622,0.4997558295690392
0.7030272704528397,0.572072072072072,0.6208708708708708,0.4617576782880164,0.6779845474998691,0.5476585799745365
0.5201401050788093,0.5275275275275274,0.7522522522522521,0.5017859322950277,0.4952386765962642,0.4997261803024225
0.7965974480860647,0.4572072072072071,0.7802802802802802,0.4971466941067722,0.4771997139717808,0.4634197812930568
0.4623467600700526,0.6989489489489489,0.6806806806806807,1.0,0.6119067966583532,0.5979437361564086
0.4928696522391795,0.578078078078078,0.8238238238238238,0.103803826499468,0.4267645673823186,0.431555540052671
0.5203902927195397,0.5275275275275274,0.7522522522522521,0.5019219701065629,0.4951619373179622,0.499694786961299
0.5206404803602703,0.5275275275275274,0.7530030030030029,0.5018155815616443,0.4951619373179622,0.4998168721767794
0.5111333500125095,0.5105105105105104,0.7627627627627627,0.3221375377156112,1.0,0.1755131939236444
0.5203902927195397,0.5277777777777777,0.7530030030030029,0.5018312782322061,0.4950851980396603,0.4997401328984774
0.5206404803602703,0.5275275275275274,0.7525025025025025,0.5018609274988227,0.4952229799257024,0.4997854788356559
0.6832624468351265,0.5518018018018017,0.6156156156156156,0.554129096394998,0.8645307567539284,0.5126044264610984
1.0000000000000002,0.9064064064064062,0.771021021021021,0.5397997802466121,0.4765596386277622,0.0
0.5206404803602703,0.5275275275275274,0.7525025025025025,0.5018155815616443,0.4952229799257024,0.4997558295690392
0.472104078058544,0.7044544544544543,0.7374874874874874,1.0,0.5289498927394178,0.5196400230217835
0.5206404803602703,0.5275275275275274,0.7527527527527527,0.5018155815616443,0.4952090273296475,0.4997401328984774
0.4761070803102328,0.7995495495495495,0.6138638638638638,0.0,0.1163768596194429,0.6005528716186755
0.701776332249187,0.6486486486486486,0.7695195195195195,0.4562777961874531,0.5132619425501858,1.0
0.4090567925944459,0.611111111111111,0.7537537537537538,0.4482515653068699,0.504365418490678,0.3516664631913075
0.782086564923693,0.4124124124124123,0.7334834834834835,0.4703489893088233,0.4879135636674399,1.0
0.5206404803602703,0.5277777777777777,0.7527527527527527,0.5018016289655894,0.495254373266826,0.4997401328984774
0.4841130848136103,0.5683183183183182,0.7947947947947948,0.1036050020056856,0.5345187226398311,0.4749882274970787
0.5206404803602703,0.5275275275275274,0.7527527527527527,0.5019080175105081,0.4951322880513455,0.4997104836318607
0.4108081060795598,0.4949949949949949,0.6809309309309308,0.6528506897814674,0.170873955735389,0.5839492823133404
0.0322742056542407,0.8178178178178177,0.7815315315315314,0.5246769101976037,0.5212271308230287,0.976575335298324
0.4753565173880412,0.4491991991991991,0.6979479479479479,0.527559865357448,0.0,0.8679648394579416
0.7978483862897174,0.639139139139139,0.9892392392392392,0.0918394753823884,1.0,0.9840068367720668
0.513635226419815,0.4669669669669669,0.6406406406406406,0.560631006156583,0.0,0.8966252158292203
0.2932199149362022,0.4682182182182181,0.6146146146146145,0.5430803843940213,0.1301585363726738,0.6240385789280918
0.5201401050788093,0.5275275275275274,0.752002002002002,0.5018469749027679,0.4951933306590858,0.4997854788356559
0.5896922692019015,0.4552052052052051,0.5067567567567567,0.7519995814221183,1.0,0.9737359820011512
0.4843632724543409,0.684184184184184,0.5775775775775776,1.0,0.6016202452168756,0.5231054990669202
0.5206404803602703,0.5275275275275274,0.7530030030030029,0.5018469749027679,0.4951619373179622,0.4997104836318607
0.6377282962221668,0.5968468468468467,0.5840840840840841,0.6287999023318276,0.518755777246804,0.6709349983431292
0.602201651238429,0.4832332332332331,0.7652652652652652,0.3606711198702408,1.0,0.3226101819069711
0.6937703277458095,0.5558058058058057,0.6559059059059058,0.5789891344158222,0.3188708861642569,0.6118300573800513
0.5201401050788093,0.5277777777777777,0.752002002002002,0.5018609274988227,0.4951619373179622,0.4997104836318607
0.2534400800600451,0.5385385385385384,0.971971971971972,0.4742557162041962,0.9275738179535028,0.2787658928789438
0.5063797848386291,0.5050050050050049,0.7527527527527527,0.4217887228142386,0.5491846451680416,0.4967193958525908
0.803102326745059,0.3778778778778778,0.7662662662662663,0.5015714111306835,0.5061810000523222,0.7314578718802868
0.3460095071303478,0.5873373373373372,0.861111111111111,0.6511414967647418,0.5590578509513926,0.4286115422850864
0.5051288466349764,0.634134134134134,0.7457457457457457,0.5334670457121928,0.5495055548773043,1.0
0.4836127095321492,0.7730230230230228,0.5157657657657657,0.0211817848858503,0.4547831243350716,0.4892408043671625
0.5216412309231925,0.5843343343343342,0.0,1.0,0.0763346530163768,0.6568184592845806
0.6214660995746811,0.5165165165165164,0.7792792792792792,0.5167867171285557,0.4966723058409055,1.0
0.0135101325994496,0.6383883883883883,0.8015515515515514,0.5330397474580114,0.5103005040375325,0.815269372307585
0.7475606705028773,0.4592092092092091,0.761011011011011,0.5123149100929592,0.5040602054519769,0.8917418072100041
0.5631723792844635,0.6644144144144143,0.4144144144144144,1.0,0.7905174669061863,0.4415665277220643
0.8421315986990244,0.2577577577577577,0.7772772772772771,0.5107888448994541,0.4933167064897012,0.4515635627954026
0.5203902927195397,0.5275275275275274,0.7525025025025025,0.5018609274988227,0.4951619373179622,0.4996651376946823
0.453840380285214,0.7229729729729728,0.7162162162162162,1.0,0.5486056124317631,0.5313915970490259
0.5206404803602703,0.5275275275275274,0.7532532532532532,0.5018155815616443,0.4951322880513455,0.4997104836318607
0.5203902927195397,0.5277777777777777,0.752002002002002,0.5018016289655894,0.4952090273296475,0.4997558295690392
0.5409056792594448,0.5005005005005004,0.7124624624624624,0.8662103005040376,0.5366255646441216,0.4943997767584631
0.5228921691268452,0.7152152152152151,0.4329329329329329,0.5635610513281127,0.5417077977571202,0.4166925371051851
0.5206404803602703,0.5275275275275274,0.7525025025025025,0.5018766241693845,0.4952090273296475,0.4997401328984774
0.5028771578684015,0.6789289289289289,0.8395895895895895,0.3206568184592846,0.4255594118980763,0.0
0.0,0.998248248248248,0.3055555555555556,1.0,0.4773985384655632,0.0563109336030835
0.4696022016512385,0.864114114114114,0.6403903903903904,0.0,0.4502206254251181,0.453225665800443
0.8343757818363775,0.354104104104104,0.7635135135135135,0.481244222753196,0.485684636447669,0.9710954531977608
0.373029772329247,0.559059059059059,0.7242242242242242,0.4968257843975094,0.4879746062751801,0.3843085616617542
0.8071053289967478,0.392142142142142,0.7617617617617617,0.4934073983640581,0.4803599769782165,0.9495788060065926
0.5206404803602703,0.5275275275275274,0.7530030030030029,0.5018312782322061,0.4951462406474005,0.4997715262396009
0.5206404803602703,0.5275275275275274,0.7522522522522521,0.5018016289655894,0.495254373266826,0.4997401328984774
0.8636477358018516,0.7202202202202201,1.0,0.0,0.5435233793187645,0.773685403840452
0.4613460095071304,0.5117617617617617,0.8075575575575575,7.67392783019849e-05,0.5536861014702548,0.4844951776339885
0.4460845634225671,0.7977977977977977,0.7152152152152151,0.5934108865130718,0.5632558382894117,1.0
0.3462596947710784,0.6206206206206205,0.7354854854854854,0.4276191638906814,0.3780054763939515,0.0
0.2071553665248937,0.6138638638638638,0.7497497497497497,0.5733732145037236,0.504974100493573,0.8527198841934527
0.3942957217913436,0.2947947947947947,0.271021021021021,0.5229816697769328,0.2597205992640006,0.6616722186371802
0.3910432824618465,0.4206706706706706,0.5595595595595595,0.5171826220416136,0.0,0.7355477265988803
0.5203902927195397,0.5275275275275274,0.7527527527527527,0.5018609274988227,0.4951933306590858,0.4998168721767794
0.4766074555916939,0.4824824824824824,0.7064564564564564,0.5754190139002738,0.0,0.7433611803896263
0.7668251188391295,0.5588088088088087,0.7937937937937938,0.4835184959101453,0.5171686694455587,1.0
0.284463347510633,0.6218718718718718,0.6308808808808808,0.357298079773968,0.3473777839789316,0.0206480980867502
1.0000000000000002,0.4869869869869869,0.913163163163163,0.4699513403212585,0.4680904128224358,0.7608054136072693
0.5201401050788093,0.5277777777777777,0.7530030030030029,0.5018923208399463,0.4952229799257024,0.4997715262396009
0.5206404803602703,0.5275275275275274,0.7530030030030029,0.5018016289655894,0.495177633988524,0.4997558295690392
0.4653490117588192,1.0,0.8528528528528527,0.0,1.0,0.6168808971519263
0.5208906680010009,0.5277777777777777,0.7522522522522521,0.5017859322950277,0.4951933306590858,0.4997104836318607
0.5206404803602703,0.5275275275275274,0.7522522522522521,0.5018155815616443,0.4952229799257024,0.4997715262396009
0.3002251688766576,0.5142642642642642,0.7442442442442442,0.5528472016324537,0.6765509182552278,0.3851945515112406
0.0998248686514886,0.2997997997997997,0.6433933933933933,0.5146502258576486,1.0,0.948480039067269
0.4846134600950714,0.6746746746746746,0.4549549549549549,0.500687165355704,0.5070355965606851,0.560477527599979
0.7260445334000503,0.9076576576576576,0.0993493493493493,0.0,1.0,0.5864206358895652
0.339254440830623,0.5427927927927927,0.927927927927928,0.4612379440849713,1.0,0.2150984530059124
0.5203902927195397,0.5277777777777777,0.7525025025025025,0.5017859322950277,0.4951619373179622,0.4997401328984774
0.5206404803602703,0.5277777777777777,0.7527527527527527,0.5018469749027679,0.4951462406474005,0.4997261803024225
0.5078809106830124,0.683183183183183,0.5237737737737738,1.0,0.6527896471737272,0.4679822802030102
0.5203902927195397,0.5275275275275274,0.7530030030030029,0.5018469749027679,0.495100894710222,0.4997401328984774
0.4841130848136103,0.7372372372372371,0.5045045045045045,0.2225927411619024,0.4363639534680921,0.4593613199155868
0.4988741556167126,0.5718218218218217,0.7677677677677677,1.0,0.7350907790780823,0.5434623367110243
0.4966224668501377,0.7217217217217216,0.7067067067067067,0.4291295324136247,0.6044595985140485,0.5072797669916459
0.5534150612959721,0.5150150150150149,0.6113613613613613,0.4622146258088145,0.0,0.6805640336955194
1.0000000000000002,0.0272772772772773,0.6924424424424425,0.5160385091651115,0.500763904634006,0.546315642604252
0.1641230923192395,0.6463963963963963,0.7272272272272272,0.3856358023614769,0.4612675933515879,0.4043915796082808
0.4185639229422068,0.4799799799799799,0.7722722722722721,0.5406997226921534,0.4735999441896157,0.0
0.7262947210407807,0.4241741741741741,0.7612612612612613,0.5016934963461639,0.4682735406456564,0.4706071123358389
0.4731048286214662,0.6624124124124123,0.7142142142142142,1.0,0.6074803355599351,0.5656975425990198
0.5141356017012761,0.6821821821821821,0.4154154154154154,0.0,0.1913389259989186,0.7074541744423322
0.6554916187140357,0.5913413413413412,0.6461461461461461,0.5139020178942044,0.3822034637319706,0.666585276523013
0.3782837127845885,0.5410410410410409,0.6694194194194194,0.6756352791391248,0.3973263337809791,0.5072797669916459
0.5111333500125095,0.6293793793793793,0.509009009009009,0.5328566196347908,0.6956258611367878,0.5938381847672533
0.5566675006254692,0.5983483483483483,0.7532532532532532,0.5567399759317718,0.5508188429809722,1.0
0.4723542656992746,0.6864364364364364,0.69994994994995,1.0,0.7859846172628495,0.3704518897047282
1.0000000000000002,1.0,1.0,0.9988855363901146,0.0927394178279296,0.0389155344716326
0.6564923692769579,0.341091091091091,0.4804804804804805,1.0,0.0,0.6698658806704223
0.7503127345509133,0.568068068068068,0.612112112112112,0.5482393567853219,0.7385091651115335,0.4755829569039189
1.0000000000000002,0.3851351351351351,0.1396396396396396,1.0,0.0,0.0181750004360186
0.4866149612209158,0.4839839839839839,0.7835335335335334,0.2521827092453389,0.4637249943317578,0.4621082372638959
0.972979734801101,0.6944444444444443,0.7907907907907907,0.458124771090221,0.4894710222020684,0.0
0.5208906680010009,0.5277777777777777,0.7527527527527527,0.5018312782322061,0.4951933306590858,0.4997261803024225
0.3800350262697024,0.6096096096096095,0.66991991991992,0.4730802099865706,0.4464045904041021,1.0
0.6654991243432576,0.6118618618618618,0.6851851851851851,0.3875281232014231,0.9600327886007288,0.3114550813610758
0.5696772579434577,0.601101101101101,0.4579579579579579,1.0,0.7422781101208643,0.5122242182186023
0.5809357017763324,0.5030030030030029,0.82007007007007,0.3181994174791147,1.0,0.0413868880478574
0.5148861646234677,0.5725725725725724,0.8043043043043043,0.2693356820203359,0.4267645673823186,0.3646074960322305
0.3737803352514387,0.5392892892892892,0.6596596596596596,0.680595427036643,0.2029980640772973,0.6499973838882397
0.6980235176382288,0.4106606606606606,0.7464964964964964,0.4988558871234979,0.4723930446308666,0.5721070164117411
0.422316737553165,0.4326826826826826,0.8193193193193192,0.3313078814726965,1.0,0.2161832673491812
0.4230673004753566,0.5405405405405405,0.825075075075075,0.4207370458866002,1.0,0.1973054048868967
0.8448836627470604,0.8065565565565564,0.752002002002002,0.4328217381446535,0.4840835760503689,1.0
0.5208906680010009,0.5275275275275274,0.7530030030030029,0.5018609274988227,0.4951933306590858,0.4997401328984774
1.0000000000000002,1.0,0.9381881881881882,1.0,0.0,0.433617036119783
0.998999249437078,0.8260760760760759,0.8185685685685685,0.453989570434449,0.4721349216038509,0.0
0.5206404803602703,0.5275275275275274,0.7530030030030029,0.5018766241693845,0.495177633988524,0.4998011755062176
0.2964723542656994,0.5585585585585585,0.8393393393393392,0.52411183005738,0.8217869787397317,0.2976751486823517
0.0995746810107581,0.9124124124124122,0.0,1.0,0.7039730017266337,0.3712314910092959
0.693520140105079,0.5455455455455455,0.5307807807807807,0.5536721488741999,0.8875891658091634,0.4164483666742243
0.7815861896422318,0.6038538538538537,0.7625125125125125,0.5040741580480318,0.4335089035003575,0.0
0.5386539904928698,1.0,0.4962462462462462,0.3296754277342728,0.4646720267889844,0.0
0.5326494871153367,0.6949449449449449,0.68993993993994,0.0,0.3245025027469174,0.4424821668381673
0.5208906680010009,0.8118118118118117,0.6829329329329329,0.4976960775764341,0.5055548773043584,1.0
0.5639229422066552,0.4316816816816816,0.7164664664664664,0.0,0.1939323647906238,0.4705007237909203
0.3202401801351014,0.5535535535535534,0.7137137137137137,0.5023806617018679,0.5110033660637983,0.4901564434832656
0.5161371028271204,0.4589589589589589,0.7117117117117117,0.4948270750126445,0.0,0.8466156234194324
0.4440830622967227,0.7907907907907907,0.549049049049049,1.0,0.7403543959397946,0.5440117201806861
0.0,1.0,0.5307807807807807,1.0,0.0,0.4851962955857474
0.4373279959969979,0.7282282282282281,0.7252252252252251,1.0,0.7702809704030555,0.5526640738092331
0.7060295221416064,0.4787287287287286,0.7942942942942943,0.5397387376388719,0.4767881123881612,0.5837190644784345
1.0000000000000002,0.8088088088088087,1.0,0.7963775572492457,0.0183895216003627,0.972743603606746
0.5201401050788093,0.5277777777777777,0.7525025025025025,0.5017859322950277,0.4951462406474005,0.4997104836318607
0.0,0.8706206206206204,0.1078578578578579,0.0061199574445821,0.4775049270104818,0.0
0.0,1.0,0.0275275275275275,1.0,0.9681968013673544,0.0
0.5206404803602703,0.5277777777777777,0.7517517517517517,0.5017859322950277,0.4951619373179622,0.4996790902907372
0.6554916187140357,0.4584584584584584,0.7735235235235235,0.4882955159844429,0.472820342885048,0.0010063309904599
0.7005253940455343,0.5913413413413412,0.632132132132132,0.4492282470307132,0.6127299998255925,0.5829412072483736
0.1536152114085565,0.6328828828828827,0.7630130130130129,0.5146798751242653,0.5003505589758794,0.7661614664178453
0.8804103077307983,0.2052052052052051,0.7527527527527527,0.5406090308177965,0.5032649074768474,0.943872194220137
0.5206404803602703,0.528028028028028,0.7527527527527527,0.5017248896872875,0.4951933306590858,0.4997854788356559
0.6810107580685516,0.7682682682682681,0.7229729729729729,0.4254059333414723,0.4930411427176169,1.0
0.5203902927195397,0.5275275275275274,0.7527527527527527,0.5018923208399463,0.4951322880513455,0.4998011755062176
0.0,1.0,0.4534534534534534,0.0,0.1088843155379598,0.3824772834295481
0.3264948711533652,0.5938438438438437,0.8233233233233233,0.4211033015330415,0.8800669724610635,0.3591136613356123
0.4993745308981737,0.7805305305305305,0.5012512512512513,0.9869525786141584,0.7008144827947049,0.4684113225316985
1.0000000000000002,0.592092092092092,0.0,0.2189755306346687,0.7373493555644697,0.3421734656504526
0.4620965724293221,0.5543043043043042,0.8383383383383383,0.5958979367598584,1.0,0.2052252472225613
0.4871153365023769,0.5085085085085084,0.7052052052052051,0.5502834121073652,0.5013882833074629,0.4958491026736662
0.5404053039779836,0.4749749749749749,0.6136136136136136,0.5153373912133526,0.0,0.7025097232153757
0.4878658994245685,0.6929429429429428,0.3836336336336336,0.6026283202818424,0.5239897448418996,0.4941399096569405
0.2494370778083564,0.7469969969969968,0.6841841841841841,0.6078308945358145,0.5312538151629838,0.6709960409508694
0.9509632224168127,0.1273773773773773,0.7757757757757757,0.5186493887018854,0.5241275267279418,0.0838882397056002
0.7718288716537405,0.5047547547547546,0.7525025025025025,0.5006418194185256,0.4977414235136125,0.6305404886896768
1.0000000000000002,1.0,0.0,0.0,1.0,0.260224636796484
0.4973730297723294,0.7595095095095095,0.5823323323323323,0.0,0.3399009365680102,0.4973141252594311
0.5206404803602703,0.5277777777777777,0.7527527527527527,0.5017859322950277,0.495254373266826,0.4998011755062176
0.5201401050788093,0.5277777777777777,0.7522522522522521,0.5018312782322061,0.4951619373179622,0.4997401328984774
0.4916187140355267,0.7194694694694693,0.4196696696696697,1.0,0.7778049078256624,0.6996250239810244
0.2209156867650739,1.0,0.2034534534534535,0.1551092662678549,0.7885780560545546,0.0
0.519139354515887,0.7540040040040039,0.5685685685685685,0.0,0.1859671765177808,0.7242094982297644
0.4635976982737054,0.7374874874874874,0.497997997997998,0.999909308125643,0.8295986884559708,0.4994663132008999
0.519139354515887,0.7117117117117115,0.4582082082082082,1.0,0.6559342135096011,0.6404590404102063
0.2689517137853391,0.5898398398398397,0.6411411411411411,0.4980309398817517,0.1882867956119085,0.453836091877845
0.0485364023017264,0.8503503503503502,0.7632632632632632,0.4172872665120254,0.4863421525367564,0.0002441704309608
0.3107330497873406,1.0,0.9957457457457456,0.0,0.6045206411217887,0.8802030102725988
0.5208906680010009,0.5272772772772771,0.7525025025025025,0.5018766241693845,0.495177633988524,0.4997104836318607
0.6845133850387792,0.5475475475475474,0.6621621621621621,0.4778415333903064,0.992491759247955,0.4410938835307044
0.4928696522391795,0.4489489489489489,0.66991991991992,0.4836248844550639,0.0,0.759996163036085
0.6319739804853641,0.5442942942942942,0.6516516516516516,0.4708983727784851,0.0,0.7551737970246089
0.5206404803602703,0.5275275275275274,0.7530030030030029,0.5018469749027679,0.4951322880513455,0.4997104836318607
0.599449587190393,0.5265265265265264,0.7580080080080079,0.5220520780647749,0.4746830144583777,0.993712611402759
0.8756567425569178,0.4979979979979979,0.7282282282282282,0.4960775764340652,0.4499607583235956,0.2657341681636639
0.49311983987991,0.7940440440440439,0.6378878878878879,0.0,0.3648970124003697,0.6336065716727418
1.0000000000000002,0.975975975975976,1.0,0.0,1.0,0.9975269023492684
0.5273955466599951,0.7422422422422421,0.6248748748748748,1.0,0.6939323647906238,0.3232363046549348
0.5186389792344259,0.5197697697697696,0.7347347347347346,0.297734447215585,0.4289777979315276,0.4776130596299074
0.5203902927195397,0.5277777777777777,0.7530030030030029,0.5019080175105081,0.495100894710222,0.4997715262396009
0.4973730297723294,0.6013513513513513,0.7580080080080079,1.0,0.6732232240961333,0.4641836859270628
0.2039029271953966,1.0,0.4426926926926927,1.0,1.0,0.3252803599769782
0.422316737553165,0.8260760760760759,0.6291291291291291,0.6978844376231752,0.5226311108010534,1.0
0.359769827370528,0.537037037037037,0.7777777777777777,0.5219142961787328,0.9993285313148578,0.3557563179099011
0.5203902927195397,0.5275275275275274,0.7527527527527527,0.5018609274988227,0.4952090273296475,0.4996494410241205
0.5208906680010009,0.5275275275275274,0.7525025025025025,0.5018312782322061,0.4951619373179622,0.4997558295690392
0.4663497623217414,0.7825325325325323,0.7755255255255256,0.5674067356157455,0.473125555923749,1.0
0.3745308981736303,0.6046046046046045,0.7142142142142142,0.3916040253239618,0.0539616652423391,0.5927690670945462
0.5203902927195397,0.5277777777777777,0.7527527527527527,0.5018609274988227,0.4951322880513455,0.4997261803024225
0.4938704028021017,0.4902402402402401,0.7409909909909909,0.187873449953782,0.4358895652022254,0.4443134450703734
0.4946209657242933,0.5375375375375374,0.8083083083083082,0.0710692920801576,0.5656051066501561,0.4083907424525175
0.615461596197148,0.5548048048048047,0.7482482482482482,0.4877914784519594,0.5102708547709158,1.0
0.3435076307230423,0.5405405405405405,0.8278278278278277,0.5205103162007081,0.7444913406700734,0.3039764898756475
0.4866149612209158,0.5938438438438437,0.7372372372372371,0.4269633918761009,0.3836841829882972,0.0
0.325994495871904,0.5668168168168167,0.7402402402402402,0.5278197324589706,0.4933620524268797,0.8019167378830423
0.0,0.7910410410410409,1.0,0.3425554179674556,0.9457331217189596,0.8823098522768893
0.4851138353765325,0.7464964964964964,0.5785785785785785,0.0,0.3597083907424525,0.4556673701100511
0.1738804103077308,0.5367867867867867,0.7567567567567567,0.5233025794861956,0.5084395765387097,0.6429164413903762
0.5203902927195397,0.5275275275275274,0.7525025025025025,0.5018923208399463,0.4952229799257024,0.4997261803024225
0.4921190893169879,0.7157157157157156,0.4244244244244244,0.6196121178296736,0.5670858259064827,0.5309799954654063
0.5206404803602703,0.5277777777777777,0.7525025025025025,0.5018155815616443,0.4952840225334426,0.4997558295690392
0.0978233675256443,1.0,0.013013013013013,0.4287022341594433,0.8516054205835673,0.0
0.3485113835376533,0.5565565565565564,0.744994994994995,0.5363517449465441,0.4949491602281249,0.9397195528192964
0.5206404803602703,0.5272772772772771,0.7522522522522521,0.5018016289655894,0.4952090273296475,0.4997261803024225
0.5203902927195397,0.5277777777777777,0.7522522522522521,0.5018155815616443,0.4952229799257024,0.4997261803024225
0.5203902927195397,0.5277777777777777,0.7517517517517517,0.5018312782322061,0.4952090273296475,0.4997854788356559
0.5203902927195397,0.5277777777777777,0.7527527527527527,0.5018016289655894,0.4951933306590858,0.4997401328984774
0.4625969477107832,0.7217217217217216,0.534034034034034,0.0003505589758794,0.364256937056351,0.4175610862096028
0.5201401050788093,0.5277777777777777,0.752002002002002,0.5018469749027679,0.4952229799257024,0.4997715262396009
0.6372279209407057,0.4191691691691691,0.783033033033033,0.5232868828156338,0.5119800477876415,0.9995413084046952
0.4488366274706031,0.9504504504504504,0.825075075075075,1.0,0.8925039677695031,0.1671189633221131
0.4978734050537904,0.6936936936936936,0.4579579579579579,0.375823639185866,0.5265238851003715,0.4608716884385301
0.3440080060045035,1.0,0.0,0.7161675706786194,0.8032596752533268,0.0
0.5203902927195397,0.5275275275275274,0.752002002002002,0.5018155815616443,0.4952090273296475,0.4997558295690392
0.085814360770578,0.5745745745745745,0.0,0.1374522559603746,0.0832324676910197,0.0787903099220398
0.6740055041280962,0.5643143143143142,0.5783283283283283,0.6450075867241049,0.1447634162931441,0.6844550639203306
0.5644233174881162,0.4491991991991991,0.7082082082082082,0.4851666463191307,0.4968554336641261,0.0
0.3252439329497124,0.5553053053053052,0.858108108108108,0.3743132706629227,1.0,0.1892774299318067
0.5746810107580687,0.551051051051051,0.6621621621621621,0.5531681113417165,1.0,0.3423426408776183
0.5206404803602703,0.5277777777777777,0.7532532532532532,0.5018155815616443,0.495100894710222,0.4997401328984774
0.7400550412809609,0.5357857857857857,0.6036036036036035,0.4097179831522403,0.7343879170518164,0.5091406944904686
0.2937202902176633,0.518018018018018,0.8373373373373373,0.3898023963583724,0.9985192807436734,0.3459738040009069
0.5203902927195397,0.5277777777777777,0.7530030030030029,0.5018609274988227,0.4951619373179622,0.4997261803024225
0.5206404803602703,0.5653153153153152,0.761011011011011,0.4870432704885152,0.4571480893663777,0.0
0.5796847635726796,0.5437937937937937,0.8078078078078077,0.4270697804210196,1.0,0.35139264349373
0.3797848386289718,0.5235235235235234,0.7655155155155156,0.4753841324101365,0.5609972618030242,0.4926138444634355
0.5203902927195397,0.5275275275275274,0.7525025025025025,0.5018016289655894,0.4951462406474005,0.4996790902907372
0.5206404803602703,0.5275275275275274,0.7525025025025025,0.5018155815616443,0.495254373266826,0.4997715262396009
0.3750312734550914,0.5297797797797796,0.872122122122122,0.4835027992395835,0.9052461761166436,0.38906988506549
0.5203902927195397,0.5275275275275274,0.7527527527527527,0.5018016289655894,0.4951933306590858,0.4997715262396009
0.790342757067801,0.6016016016016015,0.5057557557557557,0.5253012888710605,0.4341036329071978,0.700127317439001
0.5201401050788093,0.5275275275275274,0.7522522522522521,0.5018155815616443,0.4951462406474005,0.4996790902907372
1.0000000000000002,0.9657157157157156,0.0,0.9984442855398784,0.5994384080087901,0.5016185011423688
0.3680260195146361,0.4612112112112111,0.7457457457457457,0.4917139020178942,0.0,0.7671381481416886
0.4843632724543409,0.674174174174174,0.4379379379379379,0.5430960810645831,0.5183127823220608,0.6620384742836214
0.4828621466099576,0.4334334334334333,0.7489989989989989,0.1899035526797705,0.4745452325723355,0.439368993843417
0.5814360770577935,0.4642142142142141,0.8098098098098098,0.8578003732319444,0.6190173884228334,0.4108167500915639
0.4628471353515138,0.5247747747747746,0.5017517517517517,0.0,0.6915970490259343,0.390672689537297
0.4738553915436578,0.7239739739739739,0.6231231231231231,0.0,0.3921220154525001,0.366637598758219
0.4598448836627472,0.6178678678678677,0.7707707707707707,0.5223102010917906,0.5313602037079024,1.0
0.4578433825369028,0.4957457457457456,0.7862862862862863,0.4741632802553325,0.930625948340513,0.2417444233217643
0.5676757568176134,0.642142142142142,0.2772772772772772,1.0,0.9804977588642588,0.2121998011755062
0.6514886164623469,0.7545045045045045,0.7535035035035034,0.4897448418996459,0.488065298149537,1.0
0.2451838879159371,0.7277277277277276,0.7134634634634633,0.324380417531437,0.4871810523745574,0.0
0.4963722792094072,0.7582582582582581,0.5175175175175175,0.0,0.2847027225003052,0.4614507211748085
0.4993745308981737,0.6453953953953953,0.3668668668668668,0.4734150722918883,0.6129741702565533,0.5455377853741912
0.4718538904178135,0.7372372372372371,0.5097597597597597,0.0069431606118213,0.2695327624396114,0.5675741667684043
0.5206404803602703,0.5275275275275274,0.7522522522522521,0.5018766241693845,0.4951322880513455,0.4997401328984774
0.5481611208406306,0.7812812812812812,0.5292792792792792,1.0,0.7915237978966462,0.3991262186720616
0.7312984738553917,0.5788288288288287,0.7247247247247247,0.4973594711966095,0.5032509548807925,1.0
0.654240680510383,0.6211211211211211,0.7637637637637638,0.5195336344768648,0.5041055513891554,1.0
0.7975981986489868,0.9609609609609608,0.7349849849849849,0.0,1.0,0.620726581439559
0.5203902927195397,0.5275275275275274,0.7527527527527527,0.5018923208399463,0.4951619373179622,0.4997715262396009
0.5201401050788093,0.7419919919919918,0.5365365365365365,0.3508275633535064,0.5390672689537297,0.4946125538483004
0.7395546659994998,0.5978478478478477,0.5147647647647647,0.5564033695519472,0.3668503758480562,0.5093848649214294
0.6352264198148613,0.4902402402402401,0.7555055055055054,0.4979542006034498,0.464855154612205,1.0
0.5203902927195397,0.5277777777777777,0.7527527527527527,0.5018766241693845,0.4951322880513455,0.4998325688473412
0.3500125093820366,0.5723223223223222,0.812062062062062,0.4166611437640616,1.0,0.4014475818406962
0.7573179884913688,0.4562062062062061,0.7532532532532532,0.4969321729424281,0.5160385091651115,0.7331513682264506
0.5203902927195397,0.5275275275275274,0.752002002002002,0.5019080175105081,0.495254373266826,0.4997854788356559
0.4655991993995498,0.8350850850850849,0.7329829829829829,0.7649092209219177,0.550222369499625,1.0
0.0,1.0,0.5755755755755756,0.0,0.0,0.311362645412212
0.6509882411808858,0.552052052052052,0.8363363363363363,0.3947468475853288,0.8188412368976403,0.4841585712541639
0.5203902927195397,0.5275275275275274,0.7527527527527527,0.5018155815616443,0.495254373266826,0.4997104836318607
0.430572929697273,0.8513513513513512,1.0,0.9968414810680712,0.310980693095209,0.2754242461237944
1.0000000000000002,0.6233733733733733,0.0,0.730512583497567,0.2851753666916651,0.4630535256466156
0.5949462096572431,0.5800800800800799,0.7775275275275275,0.5651324624587962,0.5586009034305945,1.0
0.5206404803602703,0.5275275275275274,0.7525025025025025,0.5018923208399463,0.4951933306590858,0.4996790902907372
0.5198899174380787,0.5272772772772771,0.7527527527527527,0.5018155815616443,0.4952229799257024,0.4997261803024225
0.4185639229422068,0.567067067067067,0.7069569569569569,0.0,0.447168495038108,0.4116260006627483
1.0000000000000002,0.9489489489489488,0.6441441441441441,0.9953921551528682,0.3319793501578387,0.0
0.5203902927195397,0.5272772772772771,0.752002002002002,0.5018155815616443,0.4951933306590858,0.4996790902907372
0.3787840880660497,0.9279279279279278,0.1276276276276276,0.4173483091197656,0.0,0.0
1.0000000000000002,0.7159659659659658,0.0,0.0045781955805151,1.0,1.0
0.4668501376032025,0.7247247247247246,0.531031031031031,0.996626959903727,0.6618082564487154,0.4750021800931335
0.8799099324493371,0.9772272272272272,0.1258758758758759,0.0,1.0,0.3405724052531524
0.3727795846885164,0.533033033033033,0.6103603603603603,0.5933655405758934,0.3831034061775119,0.6427943561748958
0.5203902927195397,0.5277777777777777,0.7522522522522521,0.5018609274988227,0.4951933306590858,0.4996790902907372
0.5524143107330499,0.9416916916916916,0.700950950950951,1.0,0.0,0.0
0.5574180635476609,0.6734234234234233,0.7612612612612613,0.4507072222125329,0.3666532954287807,0.0
1.0000000000000002,0.9952452452452452,1.0,1.0,0.0,0.0232729302195789
0.5851888916687518,0.6829329329329328,0.4419419419419419,0.0,0.8867502659713623,0.0005336867991
0.3322491868901677,0.6774274274274273,0.7612612612612613,0.555960374627204,0.4871810523745574,0.6136002930045171
0.519139354515887,0.5110110110110109,0.8318318318318317,0.6561783839405619,0.5670404799693043,0.5114760102551581
0.725043782837128,1.0,0.0,0.6377574689990757,0.3748626541325845,0.0
0.5206404803602703,0.5277777777777777,0.7527527527527527,0.5018609274988227,0.4950851980396603,0.4997715262396009
0.3417563172379285,0.7755255255255254,0.6509009009009008,0.3877583410363291,0.3702234159443291,0.0
0.0,0.8653653653653652,0.0,0.011857962572161,0.4255594118980763,0.9872577916528594
0.5206404803602703,0.5275275275275274,0.7527527527527527,0.5018312782322061,0.4951462406474005,0.4997401328984774
0.5499124343257444,0.7367367367367366,0.4136636636636637,0.0,0.1618849957270174,0.5219142961787328
0.5203902927195397,0.5275275275275274,0.7522522522522521,0.5018312782322061,0.495254373266826,0.4997854788356559
0.5301476107080312,0.7732732732732732,0.5773273273273273,1.0,0.7555086593299265,0.4619547587072919
0.2631973980485365,0.7082082082082081,0.9767267267267266,0.6272424437971991,0.7977658405567085,0.3443866961996616
0.5203902927195397,0.5275275275275274,0.7527527527527527,0.5018923208399463,0.4951619373179622,0.4997558295690392
0.5203902927195397,0.5275275275275274,0.7525025025025025,0.5018155815616443,0.4952090273296475,0.4997401328984774
0.2922191643732801,0.6814314314314314,0.4396896896896897,1.0,1.0,0.0
0.5419064298223669,0.5137637637637636,0.6358858858858858,0.5278511258000942,0.0,0.8263494776496851
0.5206404803602703,0.5277777777777777,0.7530030030030029,0.5019219701065629,0.4951462406474005,0.4997715262396009
0.8854140605454093,0.7259759759759759,0.5452952952952953,0.8646371452988472,0.5590892442925162,0.002900395904913
0.5669251938954217,0.5147647647647646,0.7297297297297297,0.4979855939445733,0.4979402480073949,1.0
0.4803602702026521,0.5633133133133132,0.7682682682682682,0.9093674241763609,0.500381952317003,0.5074768474109214
0.5206404803602703,0.5275275275275274,0.7510010010010009,0.5018155815616443,0.4952229799257024,0.4997558295690392
0.5203902927195397,0.5275275275275274,0.7522522522522521,0.5018312782322061,0.4951619373179622,0.4997104836318607
0.6822616962722043,1.0,1.0,0.0,1.0,0.1677293893995151
0.5203902927195397,0.5272772772772771,0.7525025025025025,0.5018016289655894,0.4952090273296475,0.4997261803024225
0.5196397297973482,0.5277777777777777,0.752002002002002,0.5018766241693845,0.4951462406474005,0.499694786961299
0.5048786589942458,0.709209209209209,0.4637137137137137,0.5346722011964351,0.5596839736993564,0.5363360482759824
0.3905429071803854,0.4832332332332331,0.6546546546546546,0.6506078099656417,0.3214346756893455,0.6426112283516752
0.5258944208156119,0.4787287287287286,0.7557557557557557,0.5414775799222142,0.615675741667684,1.0
0.5476607455591695,0.9426926926926926,0.9001501501501501,0.0,1.0,1.0
0.4888666499874907,0.7139639639639639,0.4707207207207207,0.6922842143816383,0.6254879048432949,0.5028533058932277
0.5201401050788093,0.5275275275275274,0.7522522522522521,0.5018609274988227,0.495254373266826,0.4996790902907372
0.5846885163872906,1.0,0.9877377377377377,0.0,1.0,1.0
0.7150362772079061,0.8448448448448447,0.6361361361361361,0.5300940056159199,0.5038910302248112,1.0
0.6487365524143109,0.5868368368368367,0.4584584584584584,0.5666428309817395,0.0322758428240055,0.5873066257390516
0.4883662747060296,0.4632132132132131,0.7092092092092092,1.0,0.9469539738737638,0.4898215811779479
0.151113335001251,0.6944444444444443,0.3808808808808809,0.0,0.6344611681811048,0.0289638453354728
0.727295471603703,0.4019019019019018,0.7592592592592592,0.4789403003296301,0.4491061618152328,0.1893384725395469
0.3262446835126346,0.5633133133133132,0.9389389389389388,0.5491236025603013,0.6832342117655266,0.4248112039346321
1.0000000000000002,0.5585585585585585,0.7332332332332332,0.5269197900134294,0.4484800390672689,0.0308265169088023
0.641481110833125,0.4226726726726726,0.7482482482482482,0.496170012382929,0.500151734482097,0.998383242932138
0.4028021015761822,0.6921921921921921,0.7397397397397396,0.5694961368749673,0.5543279208887804,0.6053909343007133
1.0000000000000002,0.6544044044044043,0.1378878878878879,0.6076477667125939,0.93125032701397,0.8473027887751365
0.5589191893920442,0.6016016016016015,0.7817817817817817,0.5203271883774875,0.4895163681392469,1.0
0.5161371028271204,0.4794794794794794,0.8013013013013013,0.9827545912761392,0.6346756893454488,0.5421647452779182
0.5999499624718541,0.542042042042042,0.7389889889889889,0.4616652423391527,0.5233793187644976,1.0
0.4781085814360772,0.8113113113113113,0.4822322322322322,0.0,0.1795873519716762,0.6387655440640424
0.4883662747060296,0.7157157157157156,0.7304804804804804,0.4527826708756998,0.3545808116922755,0.0
0.3400050037528147,0.7762762762762762,0.0,1.0,1.0,0.7743551284510874
0.469352014010508,0.5080080080080079,0.720970970970971,0.0,0.4718140118945881,0.4028201684775974
0.3252439329497124,0.6566566566566565,0.7927927927927927,0.3784031253815163,0.4138235345413956,0.039266093447512
0.8326244683512636,0.4682182182182181,0.7665165165165164,0.4767724157175994,0.4841446186581091,1.0
0.23742807105329,0.7852852852852852,0.7444944944944945,0.4740865409770305,0.4742557162041962,0.0
0.2829622216662498,0.5800800800800799,0.7597597597597596,0.5592880687862986,0.4935451802501003,0.0016777996756021
0.4488366274706031,0.7339839839839839,0.4967467467467467,1.0,0.8538639970699549,0.4945375586445052
0.5203902927195397,0.5275275275275274,0.7522522522522521,0.5018609274988227,0.4952229799257024,0.4997715262396009
0.3309982486865149,0.608108108108108,0.7487487487487487,0.5477806651900169,0.6167134659992675,0.4675863752899524
0.4350763072304229,0.7117117117117115,0.6313813813813813,1.0,0.6597171111149869,0.5150932207823918
0.6062046534901178,0.5232732732732732,0.7234734734734735,0.4393846905139787,1.0,0.3160018836004674
0.5033775331498626,0.4972472472472471,0.7990490490490489,0.3035352390254111,0.5615012993355076,0.4680904128224358
0.0,0.6338838838838838,0.0,0.6026736662190209,1.0,1.0
0.5186389792344259,0.5513013013013012,0.7059559559559558,0.0091720878315922,0.4792769067094546,0.3672009348239357
0.2491868901676258,0.7102102102102101,0.7407407407407407,0.5126201231316602,0.5044107644278564,0.8307898913441583
0.5203902927195397,0.7667667667667666,0.5590590590590591,1.0,0.7147478940300329,0.5258820656818459
0.505379034275707,0.6468968968968968,0.7292292292292292,1.0,0.7353035561679195,0.4480370441425257
0.3757818363772831,0.6784284284284283,0.1946946946946947,1.0,0.0,0.7386469469975757
0.0292719539654742,0.6599099099099098,0.752002002002002,0.5666881769189179,0.5010377243315834,0.9756283028410974
0.3465098824118089,0.5347847847847846,0.7487487487487487,0.6310131328810367,0.4126933742609484,0.5605699635488428
0.0152614460845634,1.0,0.0,0.0,0.356916127456965,0.0
0.625969477107831,0.652152152152152,0.7805305305305306,1.0,0.0,0.2236147688229241
0.5203902927195397,0.5275275275275274,0.7522522522522521,0.5018766241693845,0.4952386765962642,0.4997558295690392
0.2687015261446085,0.5315315315315314,0.7680180180180181,0.5294068402602159,0.5301393515530983,0.9245966827702878
0.6559919939954968,0.5135135135135134,0.744994994994995,0.4862357639918377,0.5041195039852102,1.0
0.539654741055792,0.6954454454454453,0.5085085085085085,0.1939620140572405,0.5034340827040131,0.5312991611001622
0.5534150612959721,0.4792292292292291,0.7024524524524525,0.9722709594153862,0.4617873275546331,0.4815040898547186
0.0,0.7449949949949949,0.5823323323323323,1.0,0.3506583881263407,0.0
0.4645984488366276,0.7837837837837837,0.504004004004004,0.9999703507333833,0.7379894309084883,0.6124247867868915
0.1936452339254441,0.659159159159159,0.8373373373373373,0.4584753300661004,1.0,0.2334269319985349
0.6532399299474607,0.5262762762762762,0.5830830830830831,0.4792769067094546,0.0021661405375237,0.7761253640755533
0.5201401050788093,0.5277777777777777,0.7532532532532532,0.5018469749027679,0.4951619373179622,0.4996790902907372
1.0000000000000002,0.3518518518518517,0.942192192192192,0.9827092453389608,0.0,0.6895216003627676
0.1481110833124844,0.527027027027027,0.6296296296296295,0.6970158885187575,0.1543610583044107,0.6494480004185779
0.5331498623967977,0.4604604604604603,0.7912912912912913,0.5223729877740377,0.4919423757782932,0.0
0.4788591443582688,0.7895395395395394,0.5312812812812813,0.0,0.3224880966914907,0.4265203969513578
0.5879409557167877,0.4969969969969969,0.632132132132132,0.3768317142508328,0.0,0.903767200934824
0.0,0.9924924924924924,0.3761261261261261,0.0,0.370772799413991,0.0110033660637983
0.3327495621716288,0.5450450450450449,0.82007007007007,0.5050211905052584,0.5296510106911767,0.6073739470150165
0.3660245183887917,0.5765765765765765,0.7357357357357357,0.4617262849468929,0.4738737638871932,0.5236391858660202
0.3565173880410309,0.5755755755755755,0.6984484484484484,0.4116260006627483,0.4764828993494602,0.131211957374819
1.0000000000000002,1.0,0.0,0.3291417409351728,0.2555086593299266,0.2276592776043393
0.5291468601451089,0.6443943943943943,0.4076576576576576,0.4101906273436001,0.5541447930655597,0.4821145159321206
0.4938704028021017,0.6216216216216215,0.7872872872872873,1.0,0.6768700838899838,0.4925981477928737
0.4148111083312485,0.6826826826826826,0.7274774774774775,1.0,0.699516891361599,0.4482655179029248
0.4315736802601952,0.5968468468468467,0.4474474474474474,0.0,0.7322514257809094,0.5907093151019411
0.4966224668501377,0.6323823823823823,0.4349349349349349,1.0,0.772082599368645,0.3226555278441495
0.5206404803602703,0.5275275275275274,0.7522522522522521,0.5018312782322061,0.4951933306590858,0.4997401328984774
0.6089567175381537,0.4937437437437436,0.7632632632632632,0.503448035300068,0.4765753352983239,0.0
0.4713535151363524,0.6028528528528527,0.7119619619619619,0.0,0.3326054729058025,0.4961839649789839
0.5426569927445586,0.6016016016016015,0.8686186186186186,0.0,0.2355337740028254,0.6153862252995448
0.5203902927195397,0.5272772772772771,0.7522522522522521,0.5018155815616443,0.4951165913807838,0.4997715262396009
0.4255691768826621,0.5528028028028027,0.7642642642642642,0.4956659748504456,0.4725604757835254,0.9998168721767792
0.516387290467851,0.6463963963963963,0.7172172172172171,1.0,0.7074541744423322,0.4236967403247467
0.3697773329997499,0.7062062062062061,0.7677677677677677,0.5036939498055357,0.4847096987983326,0.0017248896872874
0.644233174881161,0.5407907907907907,0.5467967967967968,0.4619251094406753,0.9262919231909588,0.5619739435268675
0.0900675506629973,1.0,0.0,0.0658963670928022,0.1485777072396533,0.0
0.5206404803602703,0.5275275275275274,0.7530030030030029,0.5018766241693845,0.4950712454436053,0.4997558295690392
0.6014510883162374,0.6048548548548548,0.0918418418418419,1.0,0.2064304027068036,0.4444808762230322
0.5206404803602703,0.5277777777777777,0.7525025025025025,0.5018469749027679,0.4952229799257024,0.4997558295690392
0.5206404803602703,0.5277777777777777,0.7522522522522521,0.5017702356244659,0.4952090273296475,0.4996494410241205
0.4726044533400051,0.7645145145145145,0.5833333333333333,0.0,0.37046758637529,0.5645987756596962
0.372529397047786,0.4957457457457456,0.0915915915915916,0.8212218985995081,0.8951131032317701,0.0338019080175105
0.5516637478108583,0.6246246246246245,0.7232232232232232,0.5165721959642116,0.5576085250361895,1.0
0.6775081310983239,0.5100100100100099,0.7477477477477477,0.5113853183808013,0.4905994384080088,0.0
0.4746059544658495,0.5137637637637636,0.7542542542542542,0.2620105690915116,0.389833789699496,0.4030486422379964
0.2974731048286215,0.6238738738738737,0.9717217217217216,0.3651115335647139,0.9099307602420776,0.3047090011685299
0.0,0.842092092092092,0.9044044044044044,1.0,1.0,0.9931946212742208
0.4888666499874907,0.7132132132132131,0.4502002002002002,0.2833597851300207,0.4421630012034114,0.598294295132288
0.4893670252689518,0.547047047047047,0.814064064064064,0.0867572422693897,0.4392626052984983,0.2741737447023736
0.7055291468601452,0.9304304304304304,0.781031031031031,0.5347175471336135,0.4772311073129044,0.0
0.3249937453089818,0.7074574574574574,0.7084584584584583,0.5675131241606641,0.5624622843887891,0.9966583532448504
0.0,1.0,0.0092592592592593,0.0,0.2380818668573521,1.0
0.5203902927195397,0.5275275275275274,0.7525025025025025,0.5018312782322061,0.495177633988524,0.4997261803024225
0.4948711533650239,0.5718218218218217,0.7312312312312312,0.6188342605996128,0.0,0.7407066989901809
0.5206404803602703,0.5275275275275274,0.752002002002002,0.5018766241693845,0.495254373266826,0.4997104836318607
0.5554165624218165,0.7760260260260259,0.6041041041041041,1.0,0.7067670090866282,0.3780368697350751
0.1623717788341256,0.6098598598598598,0.5125125125125125,0.0,0.0,0.1068559568864782
0.6269702276707532,0.4381881881881881,0.7034534534534533,0.9452151315904216,0.4492125503601514,0.3321938713221829
0.5283962972229174,0.7132132132132131,0.4709709709709709,1.0,0.8865217922109632,0.3562446587718227
0.3139854891168377,0.3298298298298298,0.4542042042042042,0.3102185325357099,0.0,0.0951357762003592
0.5128846634976234,0.822072072072072,0.6596596596596596,0.6562690758149188,0.5485602664945847,1.0
0.3690267700775582,1.0,0.3523523523523523,0.0,1.0,0.93575352739069
1.0000000000000002,0.389139139139139,0.7332332332332332,0.4997401328984774,0.4817639569562412,0.1551092662678549
0.5203902927195397,0.5265265265265264,0.7525025025025025,0.5014964159268884,0.4950398521024818,0.4997558295690392
0.4958719039279461,0.5085085085085084,0.8055555555555555,0.3067844498316968,0.4575143450128189,0.4795507264070321
0.4513385038779085,0.7957957957957957,0.7197197197197197,0.5037079024015906,0.5331618326734918,1.0
0.3510132599449588,0.6661661661661661,0.7815315315315314,0.5175192284214382,0.4607949491602281,0.0
0.5203902927195397,0.5275275275275274,0.7522522522522521,0.5018155815616443,0.4951619373179622,0.4997558295690392
0.719539654741056,0.394144144144144,0.808058058058058,0.4602769590316898,0.3844620402183581,0.0
0.3164873655241432,0.5057557557557557,0.7777777777777777,0.5523745574410939,0.5044247170239112,0.6194603833475766
0.5376532399299476,0.5050050050050049,0.8886386386386386,0.301335961072257,1.0,0.147219073198807
0.0750562922191644,0.7835335335335334,0.0255255255255255,1.0,0.35293266128329,0.248275982349966
0.4318238679009258,0.7875375375375374,0.591091091091091,0.0,0.3341472347698694,0.4903395713064862
0.2719539654741056,0.6749249249249248,0.7444944944944945,0.5193208573870276,0.4716762300085459,0.3496206637947573
0.8073555166374783,0.7642642642642641,0.7522522522522521,0.4792001674311527,0.4620314979855939,0.0
0.9712284213159872,0.3548548548548548,1.0,0.5062263459895007,0.5968903151542634,0.4467865427211051
0.536902677007756,0.5593093093093092,0.7975475475475475,0.1239618396497898,0.33486404939219,0.4026527373249385
0.3114836127095323,1.0,0.0,0.5684741092139456,0.5394649179412945,1.0
0.5206404803602703,0.5277777777777777,0.7525025025025025,0.5018312782322061,0.4952090273296475,0.4997401328984774
0.7295471603702779,0.5240240240240239,0.5798298298298298,0.4553464604007883,0.0,0.6030085285243385
0.5203902927195397,0.5275275275275274,0.752002002002002,0.5018923208399463,0.4952090273296475,0.4997104836318607
0.7150362772079061,0.5833333333333333,1.0,0.7512356767881123,0.3529640546244136,0.6465336519176099
0.659744808606455,0.6248748748748748,0.0185185185185185,0.9998936114550814,0.4342867607304184,0.9990686642133352
0.4128096072054041,0.5633133133133132,0.7622622622622621,0.324900151734482,1.0,0.3133630988715838
0.4413309982486866,1.0,0.792042042042042,0.0,0.3479725133857718,1.0
0.4823617713284965,0.4314314314314313,0.7002002002002001,0.5176256169663568,0.0,0.7989709960409508
0.5364023017262949,0.9176676676676676,0.5485485485485485,0.0,0.7723267697996059,0.2311840521827092
0.5206404803602703,0.5277777777777777,0.7522522522522521,0.5019219701065629,0.4951165913807838,0.4997104836318607
0.4963722792094072,0.5100100100100099,0.771021021021021,0.2169907738458587,0.4139142264157525,0.4801315032178174
0.32874655991994,0.595095095095095,0.8501001001001001,0.4100685421281197,0.9059647348134712,0.3441425257687008
0.474355766825119,0.8100600600600599,0.7645145145145145,0.3731377644452971,0.3073338333013586,0.0
0.5206404803602703,0.5277777777777777,0.7522522522522521,0.5018469749027679,0.4951462406474005,0.4997261803024225
0.4423317488116088,0.4429429429429428,0.6754254254254254,0.6061530948602124,0.0,0.8676299771526239
0.6787590693019766,0.5090090090090089,0.7532532532532532,0.5397387376388719,0.427115126358198,0.0
0.7748311233425071,0.5823323323323323,0.6894394394394394,0.4951165913807838,0.965479533285662,0.5571358808448297
0.5188891668751565,0.5275275275275274,0.7522522522522521,0.5016777996756021,0.4954514536861015,0.4997401328984774
0.4863647735801852,0.5558058058058057,0.7312312312312312,1.0,0.5648725953572736,0.5967228840016046
0.7520640480360272,0.8603603603603602,0.7312312312312312,0.4618937160995517,0.4456267331740412,1.0
0.6439829872404305,0.5910910910910909,0.7032032032032032,0.4994349198597764,0.0,0.6752690234926836
0.5203902927195397,0.5275275275275274,0.7522522522522521,0.5018469749027679,0.495177633988524,0.4997715262396009
0.2747060295221417,0.5893393393393392,0.8125625625625625,0.5275912586985716,0.5190766869560668,0.4247641139229468
0.547410557918439,0.4694694694694694,0.6418918918918919,0.366484120201615,0.0,0.8953886670038544
0.3782837127845885,0.4879879879879879,0.6969469469469469,0.5989797164134851,0.0,0.6434047822522978
0.5033775331498626,0.7032032032032031,0.5275275275275275,1.0,0.7139386434588486,0.5388684444599473
0.7187890918188643,0.5833333333333333,0.5327827827827828,0.5043497218201162,0.6926504700280796,0.5542511816104784
0.6352264198148613,0.5002502502502502,0.7840340340340339,0.5501770235624466,0.4990390149467185,1.0
0.6770077558168628,0.7497497497497496,0.7595095095095095,0.4991157542250204,0.5213649127090709,1.0
0.0112584438328747,1.0,1.0,0.0,7.67392783019849e-05,1.0
0.7240430322742059,0.8648648648648647,1.0,0.0,0.7540593334147234,0.9427106405985664
0.5203902927195397,0.5275275275275274,0.7527527527527527,0.5018609274988227,0.4952090273296475,0.4997715262396009
0.7275456592444335,0.5795795795795795,0.5685685685685685,0.4910720825993686,0.6932155501683032,0.559256675445175
1.0000000000000002,1.0,0.1328828828828829,1.0,0.0577306102516699,1.0
0.5336502376782588,0.4744744744744744,0.7790290290290289,0.675773061025167,0.4492282470307132,0.5492613844463435
0.5931948961721293,1.0,0.3771271271271271,0.0,1.0,1.0
0.4833625218914187,0.4987487487487486,0.8385885885885885,0.4545686031707274,1.0,0.4161431536355233
0.3272454340755568,0.6253753753753752,0.7757757757757757,0.5851701344681445,0.5270732685700333,0.0
0.5206404803602703,0.5275275275275274,0.7527527527527527,0.5018016289655894,0.4951462406474005,0.4997715262396009
0.4550913184888668,0.8373373373373372,0.5858358358358358,1.0,0.8609152903012016,0.4423914749638105
0.5446584938704029,0.5205205205205204,0.7510010010010009,0.5408985471859358,0.5224950729895181,0.431555540052671
0.4856142106579936,0.7507507507507506,0.5798298298298298,0.5234857073094162,0.6059856637075536,0.4795960723442105
0.5246434826119591,0.7597597597597596,0.6093593593593594,1.0,0.6459528751068245,0.4358599159356088
0.9719789842381787,0.9131631631631628,0.0,0.9006540279400737,0.531009644732023,0.9630692223171772
0.3822867150362773,0.6323823823823823,0.6989489489489489,0.389375098104191,0.3482777264244728,0.0
0.7162872154115588,0.286036036036036,0.859109109109109,0.5060885641034585,0.3857282383103406,0.6581770933254268
0.6750062546910184,0.8310810810810809,0.7757757757757757,0.5453703542215323,0.4655876659050875,1.0
0.9922441831373532,0.3095595595595595,0.7645145145145145,0.5005947294068402,0.4991907494288156,0.5810959764201127
0.7815861896422318,0.3881381381381381,0.78003003003003,0.5233636220939358,0.538732406648412,1.0
0.7943457593194898,0.4847347347347346,0.7825325325325325,0.5050368871758202,0.4736138967856707,0.0
0.0920690517888417,0.5382882882882882,0.647147147147147,0.5574567905540925,0.6785496276400927,0.3551301951619373
0.5011258443832876,0.5975975975975975,0.7044544544544544,1.0,0.8421752097249595,0.3201527809268012
0.5113835376532401,0.6709209209209208,0.4056556556556556,0.0,0.3935730854422101,0.6085791024992587
0.3910432824618465,0.598098098098098,0.7687687687687688,0.4626262273924342,0.468151455430176,0.0
0.4968726544908682,0.772022022022022,0.6343843843843844,0.0,0.3582590648272494,0.4854265134206533
0.0,0.4284284284284283,0.6308808808808808,0.0573033119974885,1.0,1.0
0.5404053039779836,0.4732232232232231,0.788038038038038,0.4757660847271395,1.0,0.2426600624378673
0.4986239679759821,0.4882382382382381,0.7727727727727727,0.5171983187121754,0.518527303486405,0.484221357936411
0.5206404803602703,0.5277777777777777,0.7530030030030029,0.5018312782322061,0.4952229799257024,0.4997715262396009
0.3267450587940956,0.5563063063063062,0.6976976976976976,0.5919912098644854,0.6426408776182919,1.0
0.5061295971978985,0.4612112112112111,0.7424924924924925,0.2765683590002965,1.0,0.1622059054362802
0.5203902927195397,0.5275275275275274,0.7522522522522521,0.5018155815616443,0.4952090273296475,0.4998168721767794
0.3985489116837629,0.4762262262262261,0.6556556556556556,0.7363726738406264,0.1870188534454192,0.6508519803966025
0.5999499624718541,0.4314314314314313,0.7535035035035034,0.4997401328984774,0.4942166489352425,0.5286900256378952
0.3877908431323493,0.7855355355355353,0.7134634634634633,0.3571602978879258,0.4846329595200307,0.0
0.5206404803602703,0.5277777777777777,0.7525025025025025,0.5017545389539041,0.495177633988524,0.4997854788356559
0.6707530647985991,0.5052552552552552,0.6396396396396395,0.5059978722291016,0.9958334060031044,0.3012609658684619
0.505879409557168,0.4912412412412411,0.7507507507507507,0.694680572754068,0.0,0.772234333850742
0.4638478859144359,0.4737237237237236,0.7745245245245245,0.4692798716361163,1.0,0.3035805849625896
0.0575431573680261,0.8495995995995995,0.7707707707707707,0.6470219927795315,0.5243403038177791,1.0
0.6892669502126596,0.5287787787787787,0.7655155155155156,0.4886146816191988,0.4957270174581858,0.8773950503165495
0.432824618463848,0.8298298298298297,0.5455455455455456,1.0,1.0,0.0
0.5126344758568928,0.7715215215215214,0.7752752752752752,0.2640999703507334,0.4334339082965624,0.0
0.6737553164873656,0.6338838838838838,0.0,0.3235711669602525,0.4599403526518653,0.417241920574847
0.5203902927195397,0.5275275275275274,0.7525025025025025,0.5018609274988227,0.495177633988524,0.4997401328984774
0.1828871653740306,0.7404904904904903,0.7647647647647646,0.3930986971763434,0.4618483701623733,0.0095226468074716
0.0,0.9256756756756754,0.4269269269269269,0.1600083715576329,1.0,1.0
0.3222416812609458,0.5190190190190189,0.6924424424424425,0.7222857840486945,0.2586061356541151,0.6120899244815738
0.6427320490367777,0.4114114114114113,1.0,0.9442680991331948,0.4430315503078291,0.3944730278877513
0.6765073805354017,0.7232232232232231,0.007007007007007,0.0,1.0,0.3471807035596561
0.4913685263947962,0.4181681681681681,0.6864364364364364,0.2065838812634076,0.4433524600170919,0.4972827319183076
0.4313234926194647,0.5337837837837837,0.7344844844844844,0.5893663777316567,0.0,0.6844550639203306
0.0,0.522022022022022,0.0,0.9217433768770602,0.9720878315921656,0.7747981233758305
0.8548911683762823,1.0,0.0695695695695696,0.0,1.0,0.3060222892721977
0.3945459094320742,0.5815815815815815,0.767017017017017,0.518984251007203,0.5745330240507874,1.0
0.4268201150863148,0.6584084084084083,0.2757757757757758,0.0,0.932486875839336,0.4216369883321416
0.4245684263197399,0.5825825825825824,0.8453453453453452,0.5466522489840766,0.885163158170117,0.365186528768509
0.7137853390042533,0.7317317317317316,0.6879379379379379,0.4386678758916581,0.4704553778537419,0.0
0.5736802601951465,0.5255255255255254,0.7439939939939939,0.2171582049985175,0.3351396131642744,0.4997854788356559
0.2489367025268952,0.6594094094094093,0.7572572572572571,0.5141915342623437,0.4947799850009592,1.0
0.4841130848136103,0.8758758758758758,0.6168668668668669,0.3860787972862201,0.4762247763224445,0.0
0.4731048286214662,0.7797797797797796,0.506006006006006,0.999618047682997,0.7538762055915029,0.5546645272686049
0.5208906680010009,0.5275275275275274,0.7525025025025025,0.5017859322950277,0.4951619373179622,0.4998168721767794
0.5516637478108583,0.5775775775775774,0.6924424424424425,0.6432826970368174,0.4077942689711704,0.4744841899645953
0.5021265949462098,0.5618118118118117,0.7432432432432432,1.0,0.612775345762771,0.5738458586950834
0.3662747060295223,0.6278778778778777,0.7655155155155156,0.5025480928545267,0.4914086889791932,1.0
0.4073054791093321,0.854104104104104,0.5840840840840841,0.0,0.1120899244815739,0.6281737795838638
1.0000000000000002,0.4549549549549548,0.9594594594594594,0.9978338594624764,0.0,0.3039921865462092
0.4806104578433827,0.5187687687687687,0.812062062062062,0.0,0.4815040898547186,0.4836091877845021
0.6847635726795098,0.6383883883883883,0.6606606606606606,0.3803564888292028,0.0346878978669968,0.5882519141217712
0.4508381285964474,0.777027027027027,0.6636636636636637,1.0,0.7406142630413172,0.5563876728813855
0.4395796847635728,0.582082082082082,0.8288288288288288,0.0008999424455413,0.3284249263128521,0.41264802832377
0.4866149612209158,0.7532532532532531,0.5045045045045045,0.999909308125643,0.682745870903605,0.6543924516455343
0.503127345509132,0.7212212212212211,0.5030030030030029,0.1250449099185517,0.4178209533111254,0.4679683276069554
0.341506129597198,0.5227727727727727,0.8373373373373373,0.7051938538814378,1.0,0.3896192685351518
0.5203902927195397,0.5275275275275274,0.752002002002002,0.5018469749027679,0.4951462406474005,0.4996790902907372
0.7147860895671756,0.382132132132132,0.7525025025025025,0.5213806093796327,0.4951462406474005,0.5215637372028533
0.4861145859394547,0.7439939939939939,0.6288788788788788,0.0,0.150897326333781,0.6003087011877147
0.427820865649237,0.5255255255255254,0.6869369369369369,0.6098313479951863,0.0,0.9655266232973472
0.5288966725043784,0.7384884884884884,0.6774274274274273,1.0,0.5950590369220573,0.4519594677084605
0.8121090818113588,1.0,1.0,0.0,1.0,0.4953154158745662
0.5471603702777084,0.5715715715715715,0.3453453453453453,0.8090133770514676,0.5550900814482794,0.6164535988977449
0.5201401050788093,0.5275275275275274,0.7525025025025025,0.5018469749027679,0.4952229799257024,0.4997558295690392
0.5206404803602703,0.5272772772772771,0.752002002002002,0.5018766241693845,0.4952997192040044,0.4997558295690392
0.4773580185138855,0.4932432432432431,0.6406406406406406,0.0014353733191481,0.3845387794966601,0.3822802030102726
0.4948711533650239,0.4947447447447446,0.745995995995996,0.1860125224549593,0.6411915517030887,0.4061618152327467
0.4818613960470354,0.608108108108108,0.6891891891891891,1.0,0.6131886914208975,0.537740028254007
0.0,0.7885385385385384,0.3533533533533534,0.0,0.0,0.296667073617385
0.526394796097073,0.4269269269269268,0.6984484484484484,0.8498351849591015,0.5508031463104104,0.4652667561958247
0.5203902927195397,0.5275275275275274,0.7522522522522521,0.5017545389539041,0.4951322880513455,0.4996494410241205
0.4728546409807357,0.6246246246246245,0.6969469469469469,1.0,0.7119852800111621,0.5342449029422537
0.6554916187140357,0.5715715715715715,0.7632632632632632,0.4183406875141706,0.0,0.6036660446134259
0.7648236177132852,0.4564564564564564,0.7512512512512513,0.5333449604967124,0.4795803756736487,0.7418351151961211
0.5118839129347011,0.5855855855855855,0.7742742742742742,0.999312834644296,0.56874967298603,0.5905575806198441
0.5203902927195397,0.5272772772772771,0.7522522522522521,0.5019080175105081,0.4953607618117446,0.4997261803024225
0.5364023017262949,0.5092592592592592,0.6263763763763763,0.4650993250431658,0.0,0.764895268325863
0.0,0.8623623623623622,0.254004004004004,0.0,0.086436332560127,0.0458429984128922
0.6054540905679261,0.4241741741741741,0.7489989989989989,0.4896227566841655,0.4887071175680625,1.0
0.479859894921191,0.4992492492492492,0.7294794794794794,0.5100563336065717,1.0,0.3054415124614124
0.7012759569677259,0.4794794794794794,0.7497497497497497,0.5070042032195615,0.4840975286464237,0.7007987861241433
0.5203902927195397,0.5272772772772771,0.7525025025025025,0.5018016289655894,0.4952386765962642,0.4997104836318607
0.7443082311733802,0.557057057057057,0.5988488488488488,0.5118876118387777,0.0003819523170029,0.7294748591659836
0.0,0.3188188188188188,0.7957957957957957,0.6717285522437518,0.0106824563545354,0.1416798925650104
1.0000000000000002,0.6343843843843843,1.0,0.9285801489439628,0.2311840521827092,0.685646266808518
0.5203902927195397,0.5275275275275274,0.7527527527527527,0.5018312782322061,0.4951933306590858,0.4997104836318607
0.4671003252439331,0.4499499499499498,0.5195195195195195,0.0,0.4759195632837434,0.508347140589846
0.7358018513885416,0.7034534534534533,1.0,1.0,1.0,0.0440727627884263
0.0,0.9857357357357356,0.3961461461461461,0.293294033521112,0.4488305980431484,0.0
0.8276207155366526,0.4629629629629629,0.795045045045045,0.509339518984251,0.4706838516141409,0.1933062420426601
0.6384788591443584,0.4777277277277276,0.6796796796796796,0.5580358232903709,1.0,0.1412682909813907
0.4543407555666751,0.5250250250250249,0.5135135135135135,0.6239164937126114,0.0,0.7401259221793955
0.0,0.9489489489489488,0.0,0.9947346390637808,1.0,1.0
0.5311483612709533,0.7444944944944943,0.7557557557557557,0.0,0.5777525855904564,0.5724279261210039
0.9294470853139856,0.2207207207207207,0.8083083083083082,0.499923260721698,0.4623367110242949,0.7411793431815407
0.0,0.7427427427427427,0.2209709709709709,0.244674468493294,0.0070042032195615,0.0153984338210928
0.4951213410057544,0.5948448448448448,0.6223723723723723,0.0,0.2902279505380469,0.4018591834243159
0.2897172879659746,0.5878378378378377,0.7707707707707707,0.4951322880513455,0.4897448418996459,0.289922737499346
0.5288966725043784,0.4739739739739739,0.7334834834834835,0.6143641976385231,0.45835324485062,0.4609780769834487
0.5216412309231925,0.5272772772772771,0.7525025025025025,0.5019080175105081,0.4951619373179622,0.4998168721767794
0.5206404803602703,0.5277777777777777,0.7527527527527527,0.5018766241693845,0.4951462406474005,0.4997104836318607
0.3272454340755568,0.592092092092092,0.882132132132132,0.5595008458761358,0.8116068158431728,0.3370458866002755
0.0,0.6509009009009008,0.6453953953953954,0.0,0.0,0.3869647871357064
0.5203902927195397,0.5275275275275274,0.7525025025025025,0.5018766241693845,0.495177633988524,0.4997854788356559
0.5201401050788093,0.5275275275275274,0.7515015015015014,0.5018312782322061,0.4952840225334426,0.4997261803024225
0.7640730547910934,0.4284284284284283,0.7522522522522521,0.4917295986884559,0.5081343635000087,0.9715837940596822
1.0000000000000002,0.762012012012012,1.0,1.0,0.0,0.2897378656016185
0.0,1.0,0.0,0.0,0.089031515426339,0.0
0.5203902927195397,0.5275275275275274,0.7525025025025025,0.5018469749027679,0.4952386765962642,0.4997401328984774
0.1446084563422567,0.641141141141141,0.0780780780780781,0.0152903012016673,0.9954061077489228,0.0
0.8306229672254193,0.8433433433433433,0.9549549549549547,0.0,1.0,1.0
0.3595196397297974,0.5225225225225224,0.7780280280280281,0.4595584003348623,0.8203062594834052,0.4656487085128277
0.4756067050287717,0.8388388388388387,0.6188688688688688,0.0,0.3554354082006383,0.4563388387951933
0.2586940205153866,0.5102602602602602,0.8065565565565564,0.519748155641209,0.4898372778485096,0.6116469295568306
0.7753314986239681,0.607107107107107,0.6606606606606606,0.5241275267279418,0.2785531157891065,0.6635174494654412
0.5008756567425571,0.7314814814814814,0.544044044044044,1.0,0.6056037113905506,0.5501159809547064
0.5203902927195397,0.5277777777777777,0.7525025025025025,0.5018155815616443,0.495177633988524,0.4997261803024225
0.0,0.5305305305305305,0.8483483483483483,0.1874008057624221,0.1845614524652493,0.9254512792786508
0.6532399299474607,0.4979979979979979,0.7772772772772771,0.5176709629035352,0.468303189912273,0.744674468493294
1.0000000000000002,1.0,0.5355355355355355,0.0,0.9973908645377332,1.0
0.3672754565924444,0.5548048048048047,0.8731231231231231,0.4464656330118423,1.0,0.2576451506008337
0.5203902927195397,0.5275275275275274,0.7522522522522521,0.5018312782322061,0.4952229799257024,0.4997261803024225
0.4170627970978234,0.5332832832832832,0.7840340340340339,0.4632070042032196,1.0,0.188942567626489
0.5206404803602703,0.5275275275275274,0.7530030030030029,0.5017859322950277,0.4951619373179622,0.4997104836318607
0.425068801601201,0.8273273273273272,0.5815815815815816,0.0,0.4647330693967246,0.3889948898616949
0.659744808606455,0.6103603603603602,0.5242742742742742,0.5064094738127213,0.2867171285557319,0.5306119957444582
0.2344258193645235,1.0,0.4797297297297297,1.0,0.7309398817517484,0.0
0.5076307230422819,0.7284784784784784,0.5593093093093093,1.0,0.7070251321136438,0.4081151786804332
0.0357768326244684,0.629129129129129,0.0,0.0,0.6359575841079931,0.7684043462336712
0.4460845634225671,0.4822322322322321,0.8413413413413413,0.3416397788513525,1.0,0.2026004150897326
0.5203902927195397,0.5275275275275274,0.7522522522522521,0.5018155815616443,0.4952090273296475,0.4997558295690392
0.9929947460595449,0.4739739739739739,1.0,0.0,0.8018399986047404,0.230664317979664
0.0152614460845634,1.0,0.0,1.0,0.0,0.8664841202016149
0.5201401050788093,0.5277777777777777,0.752002002002002,0.5018312782322061,0.495177633988524,0.499618047682997
0.3039779834876158,0.7710210210210209,0.0725725725725726,1.0,0.0,0.7515879798384987
0.2807105328996748,0.5030030030030029,0.6726726726726726,0.5082564487154891,0.0066082983065036,0.6884542267645674
0.5359019264448338,0.5010010010010009,0.7672672672672671,0.4929033608315747,0.4944451226956415,0.440743324554825
0.4143107330497874,0.5447947947947946,0.853103103103103,0.3972199452360605,1.0,0.343059455499939
0.4781085814360772,0.4934934934934934,0.7389889889889889,0.3354134328618519,0.4853497741423513,0.4210422589253013
0.5206404803602703,0.5272772772772771,0.7522522522522521,0.5018609274988227,0.4952090273296475,0.4997715262396009
0.4078058543907932,0.5215215215215214,0.7434934934934935,0.6020789368121806,0.3529640546244136,0.653734935556447
0.7007755816862649,1.0,0.1413913913913914,0.5505432792088878,0.0,0.0
0.4310733049787342,0.4827327327327326,0.8173173173173172,0.4998011755062176,1.0,0.1863473847602769
0.3244933700275207,0.5803303303303302,0.931931931931932,0.5732057833510648,0.6462894814866491,0.4207666951532169
0.5484113084813611,0.588088088088088,0.7632632632632632,1.0,0.6791757503880566,0.4437501090046566
1.0000000000000002,0.6909409409409408,1.0,1.0,0.0,0.7887925772188988
0.0,1.0,0.3025525525525525,1.0,0.9626105307218724,0.4004552034462912
0.0918188641481111,1.0,0.3893893893893894,1.0,1.0,0.5975007412316654
0.7373029772329248,0.606106106106106,0.6916916916916916,0.4968414810680712,0.0631023597328078,0.6774055147635907
0.4565924443332501,0.5803303303303302,0.7022022022022022,1.0,0.7243769293824233,0.4742557162041962
0.5203902927195397,0.5277777777777777,0.7525025025025025,0.5018766241693845,0.495177633988524,0.4997401328984774
0.5201401050788093,0.5272772772772771,0.7522522522522521,0.5018016289655894,0.495254373266826,0.4997401328984774
0.0705529146860145,0.8043043043043042,0.0,1.0,0.5905104906081587,0.3672776741022376
0.9929947460595449,0.146146146146146,0.7615115115115114,0.5202504490991855,0.4971466941067722,0.2198144304724698
0.4255691768826621,0.7197197197197196,0.4411911911911911,1.0,0.6756038857980013,0.6125172227357553
0.6815111333500127,0.5548048048048047,0.5563063063063063,0.3823865915551912,0.6747196400230218,0.4387742644365767
0.0770577933450088,0.8210710710710709,0.0,0.3509496485689869,1.0,1.0
0.5071303477608208,0.4486986986986986,0.8656156156156156,0.5705495578771125,1.0,0.1358651481591293
0.5203902927195397,0.5275275275275274,0.7522522522522521,0.5018609274988227,0.4951462406474005,0.4997261803024225
0.5206404803602703,0.5275275275275274,0.7530030030030029,0.5018609274988227,0.4951933306590858,0.4997261803024225
0.5206404803602703,0.5277777777777777,0.7525025025025025,0.5018766241693845,0.4951619373179622,0.4997104836318607
0.3059794846134602,1.0,0.4822322322322322,0.5327955770270506,0.0,0.0
1.0000000000000002,0.4814814814814814,0.1611611611611612,0.5529535901773723,0.7327868566545163,0.6973054048868967
0.5201401050788093,0.5285285285285284,0.7535035035035034,0.5020457993965503,0.4949788094947416,0.4998011755062176
0.5366524893670254,0.551051051051051,0.8576076076076076,0.9993599246559812,0.8992186546209253,0.4153042537977222
0.4505879409557169,0.5212712712712712,0.7705205205205206,0.5842841446186581,0.5452482690060519,0.4377818860421717
0.3267450587940956,0.5450450450450449,0.7352352352352352,0.5013115440291609,0.4989622756684165,0.5108655841777561
0.5208906680010009,0.5277777777777777,0.7527527527527527,0.5018609274988227,0.4951933306590858,0.4998168721767794
0.5208906680010009,0.5275275275275274,0.7527527527527527,0.5018766241693845,0.4951322880513455,0.4997261803024225
0.1718789091818864,0.7114614614614614,0.7164664664664664,0.0,0.0,1.5696670561837767e-05
0.8478859144358271,0.289039039039039,0.7895395395395395,0.5105760678096168,0.505356052810576,0.0429129532413625
0.5011258443832876,0.6358858858858858,0.7715215215215214,1.0,0.6486544465179552,0.4356453947712646
0.5203902927195397,0.5277777777777777,0.7522522522522521,0.5018469749027679,0.4952386765962642,0.4997558295690392
0.6042031523642734,0.554054054054054,0.0,0.8913598548930011,0.3528419694089331,0.502532396183965
0.7640730547910934,0.847097097097097,0.7530030030030029,0.5034340827040131,0.4742853654708129,1.0
0.4245684263197399,0.5187687687687687,0.6806806806806807,0.6032683956258611,0.0,0.7950799658161396
0.3900425318989243,0.5873373373373372,0.802052052052052,0.7167779967560214,0.722317177389818,0.3192981844184384
0.5198899174380787,0.5275275275275274,0.7525025025025025,0.5018609274988227,0.4952386765962642,0.4997104836318607
0.0,1.0,0.1626626626626627,0.0,0.0,0.2920278354291295
0.4681010758068553,0.7527527527527527,0.5963463463463463,1.0,0.6786717128555732,0.5610879536773811
0.5206404803602703,0.5275275275275274,0.7527527527527527,0.5018016289655894,0.4951462406474005,0.4997558295690392
0.6607455591693772,0.7865365365365364,0.6766766766766766,0.5573800512757905,0.5466522489840766,1.0
0.4976232174130599,0.7535035035035034,0.5432932932932932,0.9922789821581176,0.5935172750579905,0.5658196278145002
0.5206404803602703,0.527027027027027,0.7522522522522521,0.5018312782322061,0.4951462406474005,0.499694786961299
0.5206404803602703,0.5277777777777777,0.7527527527527527,0.5018469749027679,0.4951462406474005,0.4997104836318607
0.8844133099824871,0.852102102102102,0.7530030030030029,0.4497305404886896,0.5052950102028358,0.0
0.5206404803602703,0.5272772772772771,0.752002002002002,0.5018155815616443,0.495177633988524,0.4997261803024225
0.5824368276207157,0.4729729729729729,0.7647647647647646,0.4917749446256344,0.5109109301149345,0.4957427141287476
0.5223917938453841,0.4847347347347346,0.6924424424424425,0.5644313445070374,1.0,0.0652388510037149
0.4415811858894172,0.7840340340340339,0.5923423423423423,0.0,0.2964385998569859,0.5121788722814239
0.0,0.7815315315315314,0.1276276276276276,1.0,0.4593159739784083,0.0323839754434309
0.5203902927195397,0.5275275275275274,0.7522522522522521,0.5018766241693845,0.4952090273296475,0.4997104836318607
0.5203902927195397,0.5275275275275274,0.7522522522522521,0.5018469749027679,0.4952090273296475,0.4997854788356559
0.2889667250437829,0.7324824824824824,0.7735235235235235,0.4025463487800199,0.4578195580515199,0.0
0.5091318488866652,0.7424924924924924,0.58008008008008,1.0,0.637345867415456,0.4902645761026911
0.5674255691768828,0.4709709709709709,0.7602602602602602,0.4954218044194848,0.468913615989675,0.0
0.6384788591443584,0.564064064064064,0.5505505505505506,0.4441303172471528,0.0,0.8454715105429303
0.4886164623467602,0.593093093093093,0.802052052052052,0.1280970403055618,0.4807872752323979,0.3914208975007412
0.531898924193145,0.5295295295295295,0.8308308308308308,0.3903221305614175,0.0,0.7615222282295899
0.510883162371779,0.6754254254254253,0.7262262262262262,1.0,0.6430681758724732,0.4082983065036538
0.3657743307480611,0.5765765765765765,0.7154654654654654,0.4920191150565952,0.5260808901756283,0.9826482027312208
0.2912184138103578,0.5698198198198198,0.9662162162162162,0.0,0.9882344733767028,0.4525855904564243
0.5016262196647487,0.6644144144144143,0.5948448448448448,1.0,0.9453825627430804,0.1870641993825976
0.3760320240180136,0.5042542542542542,0.7134634634634633,0.5666585276523013,0.0,0.7661161204806669
0.6257192894671004,0.4131631631631631,0.7807807807807807,0.5345658126515165,0.4885239897448419,0.0011144636098854
0.9449587190392796,0.6466466466466465,0.6211211211211211,6.104260774025816e-05,0.7469330449796815,1.0
0.3775331498623969,0.8616116116116115,0.8025525525525525,1.0,1.0,0.0
0.5203902927195397,0.5275275275275274,0.752002002002002,0.5019219701065629,0.495254373266826,0.4997261803024225
0.5203902927195397,0.5272772772772771,0.752002002002002,0.5018609274988227,0.4952090273296475,0.4997715262396009
0.5201401050788093,0.5277777777777777,0.752002002002002,0.5018609274988227,0.4951619373179622,0.4997261803024225
0.5203902927195397,0.5277777777777777,0.7522522522522521,0.5018016289655894,0.4952229799257024,0.4997401328984774
0.0,1.0,0.0,0.0,0.2612623611280674,0.5903744527966235
0.5056292219164374,0.5713213213213212,0.7354854854854854,1.0,0.6915203097476323,0.485150949648569
0.6662496872654493,0.4509509509509509,0.7527527527527527,0.5112318398241973,0.4894396288609449,0.8358721244571568
0.8553915436577435,0.315065065065065,0.7847847847847848,0.5220067321275965,0.4903395713064862,0.245284894570696
0.5203902927195397,0.5272772772772771,0.7522522522522521,0.5018016289655894,0.4952386765962642,0.4997401328984774
0.2887165374030523,0.3358358358358357,0.5285285285285285,0.4867851474614995,0.4956345815093221,0.4961543157123672
0.5203902927195397,0.5275275275275274,0.752002002002002,0.5018469749027679,0.4952229799257024,0.4997261803024225
0.4821115836877659,0.7132132132132131,0.6356356356356356,0.0,0.3640267192214451,0.408359349111394
0.5028771578684015,0.679179179179179,0.4544544544544544,0.3876362558208486,0.5003662556464412,0.5299876170710013
0.4030522892169128,0.6313813813813813,0.0,0.5395102638784729,0.5850620018487189,0.0
0.5203902927195397,0.5275275275275274,0.7522522522522521,0.5018312782322061,0.4952683258628809,0.4997401328984774
0.6297222917187892,0.5050050050050049,0.7482482482482482,0.4608420391719134,0.3903378272319793,0.0
0.1058293720290218,0.3586086086086085,0.0,0.5284144618658109,0.437065071419851,0.1141043305370005
0.5121341005754317,0.4972472472472471,0.7072072072072071,1.0,0.6765805675218445,0.4421159111917261
0.4505879409557169,0.5855855855855855,0.7995495495495495,0.0,0.5163751155449361,0.4650225857648639
0.5201401050788093,0.5272772772772771,0.7522522522522521,0.5019219701065629,0.4951322880513455,0.4997558295690392
0.4605954465849388,0.8195695695695695,1.0,0.0,0.960046741196784,0.6085791024992587
0.4851138353765325,0.6931931931931931,0.4451951951951952,0.7111167309067443,0.6266791077314823,0.5139944538430682
0.3072304228171129,0.7880380380380378,0.8203203203203202,0.7655667370110051,0.5617454697664684,1.0
0.409557167875907,0.6594094094094093,0.0,0.8934492561522228,0.3977082860979821,0.328119713274151
0.3149862396797599,0.6143643643643643,0.79004004004004,0.4893332403160263,0.4581858136979612,0.260758323595584
0.3712784588441332,0.5367867867867867,0.7127127127127126,0.6055740621239339,0.4517309939480615,0.5224479829778328
0.5203902927195397,0.5275275275275274,0.7527527527527527,0.5018155815616443,0.4952386765962642,0.4997401328984774
0.4320740555416563,0.543043043043043,0.6901901901901901,0.6464412159687462,0.0253030329455674,0.661839649789839
0.7005253940455343,0.339089089089089,0.5580580580580581,0.3974327223258977,1.0,0.9945061653033818
0.3257443082311735,0.6003503503503502,0.8861361361361361,0.5063641278755429,0.893053351239165,0.2049810767916005
0.0698023517638229,0.3465965965965965,0.1131131131131131,0.0854143048991052,1.0,0.9993738772520362
0.5203902927195397,0.5275275275275274,0.7522522522522521,0.5018155815616443,0.4951619373179622,0.4997104836318607
0.5203902927195397,0.5277777777777777,0.7525025025025025,0.5017859322950277,0.4952090273296475,0.4996651376946823
0.5013760320240181,0.4892392392392392,0.7892892892892892,0.3639517240176501,0.4803442803076547,0.4799012853829115
0.6007005253940457,0.3836336336336335,0.7965465465465464,0.6988768160175802,0.3706821075396341,0.4108010534210021
0.753815361521141,0.5825825825825824,0.6716716716716716,0.4682124980379162,0.0012051554842422,0.8105690915115893
0.667500625469102,0.9109109109109108,0.6619119119119119,0.4196225822767149,0.4507543122242182,0.0
0.0,0.7757757757757757,0.0,0.0,0.3569614733941434,1.0
0.1733800350262697,0.5575575575575574,0.6286286286286286,0.5678026405288034,0.2357308544221009,0.5980187313602037
0.5201401050788093,0.5275275275275274,0.7522522522522521,0.5018469749027679,0.4951462406474005,0.4996651376946823
0.5011258443832876,0.568068068068068,0.755005005005005,0.5432181662800635,0.4068646772590125,0.5366866072518618
0.5201401050788093,0.5275275275275274,0.7527527527527527,0.5017859322950277,0.4952229799257024,0.4997854788356559
0.4320740555416563,0.7507507507507506,0.7372372372372371,0.0,0.3517275057990477,0.4733243804175314
0.3212409306980236,0.5660660660660659,0.7137137137137137,0.6175384132410137,0.69025411165565,0.5086837469696706
0.3815361521140857,0.7675175175175174,0.7062062062062061,0.7141374679526309,0.5629663219212725,1.0
0.015511633725294,0.897147147147147,0.7397397397397396,0.5010534210021452,0.4719500497061235,0.9536233147880078
0.3642732049036778,0.2765265265265264,0.9051551551551552,0.2285888693164972,1.0,0.4061321659661301
0.5091318488866652,0.5090090090090089,0.7319819819819819,1.0,0.4875926539581771,0.5296510106911767
0.158869151863898,0.6463963963963963,0.8353353353353352,0.4104504944451227,0.3999965118509863,0.6555976071297765
0.0,0.9116616616616616,0.0,0.0,0.9982908069832744,0.9046828400509268
0.7503127345509133,0.4204204204204203,0.7567567567567567,0.5132619425501858,0.5072797669916459,0.8829045816837295
0.5206404803602703,0.5277777777777777,0.7530030030030029,0.5018155815616443,0.4951462406474005,0.4998325688473412
0.5203902927195397,0.5275275275275274,0.7522522522522521,0.5017859322950277,0.495254373266826,0.4997261803024225
0.6577433074806106,0.6016016016016015,0.7059559559559558,0.5044561103650348,0.149509043026318,0.6885902645761027
0.4583437578183639,0.7339839839839839,0.4877377377377377,0.6437256919615606,0.5054170954183163,0.5727470917557598
0.4595946960220166,0.7247247247247246,0.6301301301301301,0.0,0.3102795751434501,0.5831853776793344
0.4180635476607456,0.4969969969969969,0.9629629629629628,0.3931300905174669,1.0,0.1929713797373424
0.5206404803602703,0.5275275275275274,0.7532532532532532,0.5018016289655894,0.495177633988524,0.4996651376946823
0.5083812859644735,0.5162662662662661,0.7004504504504504,0.5392050508397719,0.5014650225857649,0.5411427176168966
0.4993745308981737,0.4652152152152151,0.6186186186186186,0.4851962955857474,0.0,0.99401782444146
0.1836377282962222,1.0,0.0375375375375375,1.0,0.0,0.4763608141339798
0.524143107330498,0.4001501501501501,0.7642642642642642,0.5125137345867415,0.4954375010900466,1.0
0.3880410307730799,0.7094594594594593,0.6979479479479479,0.4031096848457366,0.2793466696897291,0.0
0.5206404803602703,0.4804804804804804,0.7697697697697696,0.5745173273802257,0.4450163070966392,0.5092017370982088
0.6747560670502879,0.6308808808808808,1.0,0.0064408671538447,0.9085738702757382,0.501069117672707
0.5016262196647487,0.7429929929929928,0.591091091091091,1.0,0.5562812843364668,0.5472469783909168
0.7035276457343009,0.5823323323323323,0.6023523523523523,0.5769904250309573,0.40559847916703,0.6341106092052252
0.5203902927195397,0.5275275275275274,0.7525025025025025,0.5018609274988227,0.4951322880513455,0.4996790902907372
0.8268701526144611,0.4146646646646645,0.756006006006006,0.509111045223852,0.4884019045293615,0.1757259710134817
0.5248936702526896,0.6714214214214214,0.4727227227227227,0.1392678375220189,0.4066048101574899,0.4285958456145247
0.5056292219164374,0.4764764764764764,0.6726726726726726,0.8454104679351901,0.4948113783420828,0.4795053804698537
0.2769577182887166,0.8796296296296295,0.0,0.4584142874583602,0.1565132462458796,0.1307846591206376
0.7282962221666252,0.5125125125125124,0.6033533533533533,0.4486335176238729,0.9472138409752864,0.428489457069606
0.2484363272454341,0.5377877877877877,0.6406406406406406,0.4387289184993983,1.0,0.2462458796239775
0.5278959219414562,0.4707207207207206,0.7297297297297297,0.5179308300050578,0.5095522960740883,1.0
1.0000000000000002,0.9369369369369368,1.0,0.1230462005336868,0.8828295864799344,0.7623454313968292
0.2146609957468102,0.6824324324324323,0.7510010010010009,0.5519629558574742,0.49801524321119,0.973584247519054
0.5203902927195397,0.5275275275275274,0.7530030030030029,0.5018155815616443,0.495177633988524,0.499694786961299
0.4831123342506881,0.4564564564564564,0.8463463463463463,0.3029841114812425,1.0,0.3348797460627518
0.5008756567425571,0.7444944944944943,0.7107107107107107,0.4683502799239583,0.3551005458953206,0.0
0.1978984238178635,0.4847347347347346,0.587087087087087,0.9495631093360308,1.0,0.7919981861625128
0.4573430072554417,0.7467467467467466,0.632132132132132,1.0,0.7112231194516629,0.455820848666655
0.7307980985739306,0.4947447447447446,0.0585585585585586,0.901538273715053,0.6595357273662731,0.8549627640092785
0.5311483612709533,0.5372872872872871,0.6488988988988988,0.0,0.3148891640650889,0.4463278511258001
0.5451588691518641,0.5760760760760759,0.745995995995996,0.5443326298899489,0.5257146345291871,1.0
0.4303227420565425,0.7379879879879878,0.6088588588588588,1.0,0.8649894483492335,0.3813017772119225
0.5181386039529648,0.4994994994994994,0.6303803803803804,0.5077681078535675,0.0,0.6581003540471249
0.9492119089316988,0.2707707707707707,0.1381381381381381,0.7717616896593822,0.6216282679596072,0.1490363988349582
0.5439079309482113,0.6759259259259258,0.4191691691691691,1.0,0.800940056159199,0.628158082913302
0.1160870652989743,0.8788788788788787,0.0,1.0,1.0,1.0
0.4285714285714287,0.5257757757757757,0.6256256256256256,0.5472312817203551,0.4863264558661946,0.6280220451017667
0.3840380285213911,0.694194194194194,1.0,0.5712210265622547,0.8891309276732302,0.2506112981146555
0.5914435826870154,0.3898898898898898,0.3135635635635636,1.0,0.0,0.2587892634773358
0.5261446084563424,0.5745745745745745,0.8731231231231231,0.0,0.4412927080244868,0.3663166890489562
0.6522391793845386,0.606106106106106,0.7189689689689689,0.4769712402113818,0.4987494985785792,0.0
0.5206404803602703,0.5275275275275274,0.7517517517517517,0.5018312782322061,0.495177633988524,0.4997401328984774
0.4728546409807357,0.5815815815815815,0.7052052052052051,0.0,0.3995692135968048,0.4765142926905837
0.5201401050788093,0.5275275275275274,0.7522522522522521,0.5018766241693845,0.4952683258628809,0.499694786961299
1.0000000000000002,0.993993993993994,1.0,1.0,0.0,0.5446674921952666
0.5088816612459346,0.4144144144144143,0.7444944944944945,0.2499694786961299,0.4934841376423601,0.4394910790588974
0.996247185389042,0.7354854854854853,1.0,0.0,0.9769712402113818,0.9919877217154716
0.6810107580685516,0.5437937937937937,0.5823323323323323,0.4735232049113138,0.7870519908610496,0.3532849643336763
0.5208906680010009,0.5275275275275274,0.7522522522522521,0.5018016289655894,0.4952229799257024,0.4997261803024225
1.0000000000000002,1.0,1.0,1.0,0.0,0.1919476080018138
0.0768076057042783,1.0,0.5337837837837838,0.0,0.2452535012295725,1.0
0.3592694520890669,0.5427927927927927,0.6891891891891891,0.5370075169611246,0.5532134572788949,1.0
0.4831123342506881,0.6936936936936936,0.8175675675675675,0.0,0.2333048467830545,0.416783228979542
0.4045534150612961,0.5995995995995995,0.7244744744744744,0.5586619460383347,0.5947224305422327,1.0
0.6234676007005255,0.5110110110110109,0.8173173173173172,0.3863700577288662,0.9988105411863196,0.2630325967525332
0.5211408556417314,0.5277777777777777,0.7527527527527527,0.5018609274988227,0.4951619373179622,0.4998011755062176
0.5111333500125095,0.4987487487487486,0.7179679679679679,0.248886408427368,0.4553935504124736,0.498688455970839
0.0580435326494871,0.8333333333333333,0.0,1.0,0.7049496834504769,0.0687182796449064
0.2564423317488117,0.558058058058058,0.8506006006006005,0.6018347663812198,0.7215236234891954,0.3930533512391649
0.2879659744808607,0.5973473473473473,0.7740240240240239,0.6103353855276697,0.8238920766695152,0.4084674817308195
0.317738303727796,0.5225225225225224,0.842092092092092,0.3554214556045834,1.0,0.2843818127910424
0.6980235176382288,0.327077077077077,0.284034034034034,0.2218741824650749,1.0,1.0
0.7563172379284465,0.4461961961961961,0.7640140140140139,0.5016481504089855,0.4859445035491916,0.9156548127736016
0.0735551663747811,0.7412412412412411,0.0,0.0,0.0,0.3028166803285836
0.5549161871403554,0.5065065065065064,0.6946946946946947,0.4946596438599857,1.0,0.3382981320962032
0.5123842882161622,0.4844844844844844,0.7632632632632632,0.1509269756003977,0.3386486910720826,0.4429094650923487
0.4736052039029273,0.5785785785785784,0.7845345345345345,1.0,0.6551249629384167,0.4671904703768945
0.190392794595947,0.9449449449449449,0.0898398398398399,1.0,0.6320508572126201,0.0
0.5384038028521393,0.5808308308308308,0.6879379379379379,0.5349774142351361,0.9997558295690392,0.4824354256413834
0.5203902927195397,0.5275275275275274,0.752002002002002,0.5018312782322061,0.4952683258628809,0.4997104836318607
0.5248936702526896,0.5475475475475474,0.7747747747747746,0.3350314805448489,0.4182029056281284,0.5101784188220521
0.4923692769577184,0.7957957957957957,0.6834334334334333,1.0,0.6020178942044404,0.5842387986814797
0.5481611208406306,0.5237737737737737,0.7319819819819819,0.5140554964508084,0.4938503932888013,0.4984442855398782
0.2566925193895423,0.6501501501501501,0.7172172172172171,0.4971153007656487,1.0,0.2445070373406352
0.0,0.7827827827827827,0.816066066066066,0.6021085860787972,0.532917662242531,0.9524931545075606
0.5636727545659246,0.5893393393393392,0.7384884884884884,0.0,0.2759439803268395,0.6776950311317299
0.5203902927195397,0.5272772772772771,0.7525025025025025,0.5018469749027679,0.4952229799257024,0.4996790902907372
0.7545659244433327,0.4687187187187186,0.7522522522522521,0.4886007290231439,0.4750789193714355,0.0
1.0000000000000002,0.8130630630630629,0.534034034034034,0.9287789734377452,0.0,0.0
0.8256192144108083,1.0,0.7237237237237237,0.4200498805308963,0.3567783455709228,0.0
0.5278959219414562,0.5650650650650649,0.7332332332332332,0.463786036939498,0.4815040898547186,0.4054903465476045
0.5206404803602703,0.5275275275275274,0.7525025025025025,0.5018923208399463,0.4952229799257024,0.4997401328984774
0.3014761070803103,1.0,0.296046046046046,0.0,0.3269895529937039,0.3025428606310062
0.6162121591193397,0.7587587587587585,0.5638138138138138,0.6228334234438495,0.5117358773566807,1.0
0.1471103327495622,0.7072072072072071,0.7282282282282282,0.5861468161919877,0.4964141828138898,1.0
0.7092819614711035,0.4514514514514514,0.7680180180180181,0.4682124980379162,0.3891780176849155,0.0
0.4973730297723294,0.7479979979979978,0.4994994994994994,0.9800704606100772,0.6430681758724732,0.554511048712001
0.6892669502126596,0.5467967967967967,0.6126126126126126,0.5992552801855695,1.0,0.4702112074227811
0.3169877408056043,1.0,0.2099599599599599,1.0,1.0,0.4714931021853253
0.5201401050788093,0.5275275275275274,0.7527527527527527,0.5017702356244659,0.4951619373179622,0.4997854788356559
0.6557418063547662,0.5285285285285284,0.7342342342342342,0.5070652458273017,0.545933690287249,1.0
0.5514135601701278,0.5487987987987987,0.521021021021021,0.5427751713553203,0.730512583497567,0.4293283569074071
0.5206404803602703,0.5277777777777777,0.7532532532532532,0.5018609274988227,0.4951619373179622,0.4997401328984774
0.5203902927195397,0.5277777777777777,0.7527527527527527,0.5018766241693845,0.4951933306590858,0.4997401328984774
0.1498623967975983,0.6458958958958958,0.6046046046046045,0.5294835795385179,0.9914383382458098,0.3946858049775886
0.5206404803602703,0.5272772772772771,0.7522522522522521,0.5018155815616443,0.4951619373179622,0.4997261803024225
0.3740305228921692,0.659159159159159,0.7657657657657657,0.496626959903727,0.4571637860369395,0.0154751730993948
0.505379034275707,0.527027027027027,0.771021021021021,1.0,0.6439541657219596,0.4921708495386923
0.5246434826119591,0.4984984984984984,0.744994994994995,0.4151821685822418,1.0,0.2385388143781502
0.6700025018764075,0.6036036036036034,0.7612612612612613,0.4202783542912953,0.1078326386103214,0.6064426112283516
0.5203902927195397,0.5277777777777777,0.7527527527527527,0.5019533634476865,0.4952229799257024,0.4997104836318607
0.4948711533650239,0.593093093093093,0.7327327327327327,0.5593630639900936,0.586970019359227,1.0
0.5013760320240181,0.5375375375375374,0.6606606606606606,0.0,0.2561504787484521,0.385773584247519
0.0,0.986236236236236,0.0,0.0,0.4861590247135358,0.5856427786595043
0.4323242431823869,0.5695695695695695,0.921921921921922,0.4305178157210876,0.9266878281040166,0.1823656626611088
0.5203902927195397,0.5277777777777777,0.752002002002002,0.5018469749027679,0.4952386765962642,0.4996790902907372
0.2064048036027021,0.7850350350350348,0.7575075075075075,0.3948549802047543,0.4713710169698449,0.0
0.5203902927195397,0.5277777777777777,0.7525025025025025,0.5019080175105081,0.495177633988524,0.4997558295690392
0.5083812859644735,0.638138138138138,0.6944444444444444,0.4388806529814953,0.3981512810227253,0.0
0.4453340005003754,0.572072072072072,0.6906906906906907,0.6204824110085982,0.0618815075780037,0.6358651481591293
0.3249937453089818,0.7892892892892891,0.4116616616616616,0.0,0.0,0.1999302370197255
0.3617713284963724,0.4532032032032031,1.0,0.939445733121719,0.2841533390306434,0.5750667108498875
0.5206404803602703,0.5275275275275274,0.7522522522522521,0.5018609274988227,0.4951933306590858,0.4996790902907372
0.5203902927195397,0.5277777777777777,0.7530030030030029,0.5018469749027679,0.4951933306590858,0.4996790902907372
0.370277708281211,1.0,0.1228728728728729,0.0,1.0,0.9996633936201756
0.5203902927195397,0.5272772772772771,0.7525025025025025,0.5018469749027679,0.4951619373179622,0.4997854788356559
0.4638478859144359,0.7540040040040039,0.0277777777777778,0.0,1.0,0.5451558330571882
0.4618463847885916,0.5257757757757757,0.7429929929929929,0.4096569405445001,0.4377818860421717,0.5026701780700071
0.4991243432574432,0.6854354354354353,0.4294294294294294,0.3412578265343495,0.4756736487782758,0.5190295969443814
0.427320490367776,0.324074074074074,0.4504504504504504,0.9655109266267856,0.0,0.4204300887733924
0.6559919939954968,0.5565565565565564,0.7852852852852852,0.4690513978757172,0.9996947869612988,0.1360325793117882
0.4500875656742558,0.5588088088088087,0.75,0.4923086314247344,0.4689746585974153,0.088954776148037
0.3785339004253191,0.7742742742742741,0.6946946946946947,0.7227898215811779,0.5632854875560284,1.0
0.4608456342256694,0.6243743743743743,0.6774274274274273,0.5045014563022132,0.491194167814849,0.0304899105289778
0.6497373029772331,1.0,0.5032532532532532,1.0,0.0,0.0003366063798245
0.3562672004003003,0.664164164164164,0.2467467467467468,1.0,0.1675009156391161,0.2847794617786072
0.6502376782586942,0.5100100100100099,0.8028028028028027,0.4692798716361163,0.9992831853776794,0.3831347995186354
0.4841130848136103,0.7272272272272271,0.4687187187187187,0.6661579782688316,0.5180843085616618,0.510255158100354
0.3157368026019516,0.619119119119119,0.7947947947947948,0.449624151943771,0.4807558818912744,0.0621117254129096
0.5106329747310484,0.6086086086086085,0.7872872872872873,1.0,0.6313636918569161,0.4670683851614141
0.5201401050788093,0.5275275275275274,0.7525025025025025,0.5018016289655894,0.4952386765962642,0.4996494410241205
0.5033775331498626,0.6809309309309308,0.4056556556556556,0.65112580009418,0.5723808361093186,0.509949945061653
0.1933950462847136,0.517017017017017,0.6731731731731732,0.4686240996215358,0.9886460749603224,0.2340216614053752
0.536902677007756,0.5598098098098097,0.7339839839839839,0.0,0.433617036119783,0.43622617158205
0.5206404803602703,0.5275275275275274,0.7525025025025025,0.5018766241693845,0.495177633988524,0.4997104836318607
0.5203902927195397,0.5275275275275274,0.7527527527527527,0.5018155815616443,0.4952229799257024,0.4997261803024225
0.560170127595697,0.6008508508508508,0.6816816816816816,1.0,0.8241519437710378,0.3721314334548372
0.0903177383037279,0.7224724724724724,0.7892892892892892,0.4942323456058042,0.4880809948200987,0.5636360465319078
0.0,0.7747747747747746,0.617117117117117,0.0,0.0,0.3815006017057049
0.5203902927195397,0.5275275275275274,0.752002002002002,0.5018766241693845,0.495177633988524,0.4996790902907372
0.593945459094321,0.6589089089089089,0.7477477477477477,0.395189842510072,0.300101156321398,0.0
0.0958218663997999,0.7234734734734733,0.7184684684684685,0.5760590892442925,0.5131852032718838,0.7712576521268988
0.7595696772579437,0.3826326326326326,0.7502502502502502,0.6166820726581439,0.0,0.1341402584718419
0.5203902927195397,0.5275275275275274,0.7522522522522521,0.5017702356244659,0.4952229799257024,0.4997715262396009
0.5201401050788093,0.5277777777777777,0.7517517517517517,0.5018155815616443,0.495177633988524,0.499694786961299
0.2892169126845135,0.8218218218218216,0.2267267267267267,1.0,0.0979733854230253,0.0988436786019499
0.6972729547160372,0.5185185185185184,0.7262262262262262,0.4986727593002773,0.4823429896925196,0.0
0.4838628971728798,0.5613113113113112,0.7532532532532532,0.5351762387289185,0.5485899157612013,1.0
0.5113835376532401,0.583083083083083,0.7339839839839839,1.0,0.6486840957845719,0.4343024574009801
0.5206404803602703,0.5275275275275274,0.7530030030030029,0.5018312782322061,0.4952840225334426,0.4996494410241205
0.0948211158368776,0.8566066066066065,0.7387387387387387,0.4305038631250327,0.4421926504700281,0.4258035823290371
0.5479109331999,0.7700200200200199,0.5055055055055054,1.0,0.7867938678340338,0.4786507839614908
0.373029772329247,0.617117117117117,0.8148148148148147,0.5432792088878037,0.614836841829883,0.3726651202539373
0.4956217162872155,0.7194694694694693,0.4101601601601601,0.0,0.4114725221061444,0.5392050508397719
0.5303977983487617,0.4817317317317316,0.6461461461461461,0.4347158030591067,0.0,0.8322549139299231
0.9592194145609207,0.4079079079079078,0.6063563563563563,0.0,0.9956502781798836,0.947091755759806
0.5056292219164374,0.7387387387387386,0.5397897897897898,1.0,0.6351640302073704,0.4319217956991122
0.5201401050788093,0.5275275275275274,0.7527527527527527,0.5019219701065629,0.495177633988524,0.4997715262396009
0.5203902927195397,0.5272772772772771,0.752002002002002,0.5018609274988227,0.4952840225334426,0.4997104836318607
0.4045534150612961,0.5222722722722721,0.6316316316316316,0.731810174930673,0.2050578160699025,0.6105185133508904
0.5206404803602703,0.5275275275275274,0.7525025025025025,0.5018609274988227,0.4951165913807838,0.4997558295690392
0.4976232174130599,0.7922922922922921,0.5442942942942943,1.0,0.6934893698658806,0.5157943387341507
0.641481110833125,0.4682182182182181,0.7647647647647646,0.5202347524286237,0.4876379998953555,0.5164204614821145
0.4966224668501377,0.5447947947947946,0.8686186186186186,0.3076704396811832,1.0,0.2916301864415648
0.8588941706279711,0.6994494494494493,0.0327827827827827,0.9405288033904808,0.3770898372778485,0.7065838812634075
0.7900925694270704,0.7967967967967966,0.7645145145145145,0.4914836841829883,0.4983361529204527,1.0
0.5203902927195397,0.528028028028028,0.7525025025025025,0.5017859322950277,0.495177633988524,0.4996494410241205
0.6347260445334002,0.7322322322322321,1.0,0.0,0.5174738824842597,0.6019254582555766
0.7623217413059797,0.6666666666666665,0.7955455455455455,0.5413711913772956,0.5501613268918848,1.0
0.5203902927195397,0.6383883883883883,0.3773773773773773,0.3243490241903134,0.3930219578980414,0.5321241083419084
0.7450587940955719,0.5085085085085084,0.7342342342342342,0.5104382859235747,0.4957584107993093,0.5128032509548808
0.5399049286965225,0.6711711711711711,0.6551551551551551,0.0,0.4729581247710902,1.0
0.487615711783838,0.6844344344344343,0.4334334334334334,0.5168634564068577,0.547002807959956,0.4878978669968781
1.0000000000000002,0.8886386386386385,0.0,1.0,0.6229555086593299,0.9927202330083542
0.2209156867650739,0.5047547547547546,0.0,0.2326019847567887,1.0,1.0
0.4298223667750814,0.4677177177177176,0.6974474474474475,0.436149432303748,0.0,0.8584875385876485
0.5026269702276709,0.6969469469469468,0.4547047047047047,0.0709472068646772,0.4811221375377156,0.4953764584823064
0.4028021015761822,0.4724724724724723,0.8333333333333333,0.2932643842544953,1.0,0.1280220451017667
0.5596697523142358,0.4544544544544543,0.7012012012012012,0.7443082128468528,0.5776461970455378,0.4560650190976159
0.4838628971728798,0.7815315315315314,0.6131131131131131,1.0,0.6391474963810454,0.5378464167989256
0.7007755816862649,0.7640140140140139,0.6994494494494494,0.5378010708617472,0.5268587474056892,0.0
0.4941205904428322,0.559059059059059,0.7865365365365364,0.9999546540628216,0.684959101452814,0.4472138409752865
0.5206404803602703,0.5275275275275274,0.7522522522522521,0.5018923208399463,0.495177633988524,0.4997261803024225
0.6612459344508383,0.6013513513513513,0.5980980980980981,0.5314822889233828,0.3966548650958369,0.6709646476097458
0.5203902927195397,0.5272772772772771,0.7522522522522521,0.5018469749027679,0.4952386765962642,0.499694786961299
0.5203902927195397,0.5272772772772771,0.7522522522522521,0.5018155815616443,0.4952229799257024,0.4997104836318607
1.0000000000000002,0.9967467467467466,0.0,0.0,1.0,0.0003209097092628
1.0000000000000002,0.709209209209209,1.0,0.1968467132915918,0.3102185325357099,0.9557441093883532
0.3460095071303478,0.8165665665665665,0.7780280280280281,0.0574097005424071,0.0383801035980257,1.0
0.5484113084813611,0.5160160160160159,0.724974974974975,0.9175610862096027,0.4810000523222352,0.4992674887071175
0.0172629472104078,0.6473973973973972,0.6088588588588588,0.5581125625686729,0.7316863456406858,0.4347907982629018
0.5481611208406306,0.4361861861861861,0.7282282282282282,0.4790623855451105,0.422521234107121,0.4336623820569615
0.5201401050788093,0.5275275275275274,0.7527527527527527,0.5018155815616443,0.4952386765962642,0.4997104836318607
0.5381536152114087,0.7827827827827827,0.0022522522522522,1.0,0.0042276366046357,0.8085407328601077
0.5926945208906681,0.5192692692692692,0.521021021021021,0.5490172140153827,0.1134328618518583,0.6412979402480075
0.9382036527395547,0.4607107107107106,0.7837837837837838,0.4975739923609537,0.4940492177825836,0.0
0.4078058543907932,0.4764764764764764,0.5948448448448448,0.6581613966548651,0.2599194237577829,0.6292725465231874
0.6567425569176885,0.7087087087087086,0.7027027027027026,0.4722709594153862,0.5242025219317369,1.0
0.5198899174380787,0.5267767767767767,0.7527527527527527,0.5018766241693845,0.4951165913807838,0.4998325688473412
0.5208906680010009,0.5277777777777777,0.7530030030030029,0.5018766241693845,0.4951933306590858,0.4997261803024225
1.0000000000000002,0.9909909909909907,1.0,1.0,0.0,0.5308108202382406
0.5789342006504881,0.5165165165165164,0.7825325325325325,0.4759195632837434,0.5059054362802379,1.0
0.7037778333750314,0.5350350350350349,0.7372372372372371,0.5128956869037445,0.5326577951410084,1.0
0.4816112084063048,0.652152152152152,0.7439939939939939,0.4612675933515879,0.3395957235293091,0.0
0.0,0.9604604604604604,0.1696696696696697,0.0,0.0,0.0
0.2354265699274456,0.5988488488488487,0.7397397397397396,0.5611803896262448,0.5213649127090709,0.7137869089767515
0.5206404803602703,0.527027027027027,0.752002002002002,0.5018312782322061,0.4951619373179622,0.4997715262396009
0.5218914185639231,0.4637137137137136,0.7667667667667667,0.9857160297887926,0.5826673875507962,0.5117358773566807
0.4966224668501377,0.5345345345345345,0.7777777777777777,0.1692258053264035,0.4943073408095993,0.4059176448017859
0.555166374781086,0.658158158158158,0.7585085085085085,0.5068821180040811,0.5048677119486544,0.0
0.4701025769326996,0.8110610610610609,0.7172172172172171,0.0,0.232663027364529,0.6225578596717651
0.735551663747811,0.3223223223223223,0.7562562562562563,0.495711320787624,0.4414147932399672,0.7608961054816261
0.4413309982486866,0.4842342342342342,0.6759259259259258,0.6872176779392015,0.0,0.7649249175924795
0.5203902927195397,0.5275275275275274,0.7530030030030029,0.5018469749027679,0.4952683258628809,0.4997854788356559
0.5281461095821868,0.7039539539539539,0.5342842842842843,1.0,0.8140799134939045,0.4633290894187
0.4956217162872155,0.7605105105105103,0.5192692692692692,0.0,0.3848439925353611,0.2952020510316201
0.2576932699524644,0.6634134134134133,0.6346346346346345,0.4895774107469871,0.686270645481975,0.0
0.0,1.0,0.0,0.0,0.8134380940753789,0.0
0.3417563172379285,0.5563063063063062,0.8781281281281281,0.5202504490991855,0.8496520571358808,0.3976768927568586
0.5091318488866652,0.7237237237237236,0.6986986986986987,1.0,0.7540279400735999,0.4417043096081064
0.5206404803602703,0.5275275275275274,0.7525025025025025,0.5018766241693845,0.4951619373179622,0.4997401328984774
1.0000000000000002,1.0,1.0,0.0883286534000732,0.8008022742731569,0.80974588834435
0.6019514635976984,0.5337837837837837,0.0,0.8091808082041265,0.3708495386922929,0.6109597642011266
0.9339504628471356,0.7207207207207206,0.7017017017017017,0.0,0.9109998779147844,0.8669567643929748
0.5203902927195397,0.5277777777777777,0.7527527527527527,0.5018766241693845,0.4952229799257024,0.4997715262396009
0.5203902927195397,0.5277777777777777,0.7522522522522521,0.5018155815616443,0.4952090273296475,0.4997401328984774
1.0000000000000002,0.2352352352352352,0.8766266266266265,0.4605507787292673,0.5197167623000855,0.0
0.5691768826619966,0.5533033033033032,0.5492992992992993,0.4514868235171007,0.0,0.711146380173361
0.1541155866900176,0.9519519519519518,0.0525525525525525,0.0027469173483091,0.795355529588224,0.0
0.38353765323993,0.6649149149149148,0.7342342342342342,0.3475155658649738,0.4630849189877392,0.0
0.3895421566174632,0.5575575575575574,0.68993993993994,0.6188203080035579,0.4846783054572091,0.5128346442960043
0.3952964723542658,1.0,0.4286786786786787,0.0,1.0,0.4872420949822976
0.7020265198899176,0.4684684684684684,0.7642642642642642,0.5075535866892233,0.4977867694507909,1.0
0.2929697272954717,0.581081081081081,0.8616116116116115,0.53314613600293,0.6054362802378918,0.4169053141950224
0.469352014010508,0.6876876876876876,0.4604604604604604,0.5561435024504247,0.5696182220904477,0.5056612658492771
0.4898674005504129,0.7059559559559558,0.4599599599599599,0.9469243246071471,0.6477388074018522,0.5993930620716117
0.5206404803602703,0.5275275275275274,0.7530030030030029,0.5018016289655894,0.495177633988524,0.4997401328984774
0.7020265198899176,0.6096096096096095,0.5167667667667667,0.5518094773008703,0.409046514467098,0.5323368854317456
0.4943707780835628,0.7012012012012011,0.4326826826826827,0.5632854875560284,0.4935451802501003,0.5813401468510735
0.5331498623967977,0.5055055055055054,0.7590090090090089,0.8059141566527721,0.5177947921935225,0.5235327973211016
0.503127345509132,0.4882382382382381,0.6198698698698698,0.5797373423792664,0.0,0.7408898268134014
0.5829372029021768,0.4819819819819819,0.552052052052052,0.440056159199121,0.0,0.8048171337879554
0.472104078058544,0.6869369369369368,0.4744744744744744,0.6184993982942951,0.6037113905506043,0.6185447442314735
0.993495121341006,0.4832332332332331,0.7404904904904904,0.5207091406944905,0.4618187208957566,0.1519960932731046
0.4668501376032025,0.5855855855855855,0.9226726726726726,0.1430995692135968,0.4816575684113225,0.3927777874670806
0.5203902927195397,0.5277777777777777,0.752002002002002,0.5018312782322061,0.4952090273296475,0.4997104836318607
0.5203902927195397,0.5272772772772771,0.7517517517517517,0.5018766241693845,0.495177633988524,0.499694786961299
0.5201401050788093,0.5275275275275274,0.7527527527527527,0.5017545389539041,0.4951462406474005,0.4998168721767794
0.487615711783838,0.7059559559559558,0.4934934934934935,0.8908854666271343,0.6818912743952421,0.5463766852119922
0.5203902927195397,0.5275275275275274,0.7530030030030029,0.5018155815616443,0.4952090273296475,0.499694786961299
0.5201401050788093,0.5275275275275274,0.7525025025025025,0.5017859322950277,0.4952386765962642,0.4998325688473412
0.3482611958969228,0.954204204204204,0.7219719719719719,0.0,1.0,0.8380382649946805
0.8116087065298976,0.881131131131131,1.0,0.0,0.6896890315154263,0.8092104574707432
0.5203902927195397,0.5277777777777777,0.7522522522522521,0.5018469749027679,0.495254373266826,0.499694786961299
0.5208906680010009,0.5275275275275274,0.7525025025025025,0.5017545389539041,0.4951462406474005,0.4997104836318607
0.0410307730798099,1.0,0.0,0.7802152187941469,1.0,1.0
0.4943707780835628,0.7052052052052051,0.7022022022022022,1.0,0.7705094441634547,0.3579991977257268
0.0252689517137854,1.0,0.0863363363363364,0.0,0.0,0.0
0.5116337252939707,0.4829829829829829,0.6626626626626626,0.5492317351797269,0.0,0.8776252681514554
0.4003002251688767,0.8433433433433433,0.0007507507507508,0.7524565289429164,0.9927673230200392,0.0
0.5206404803602703,0.5275275275275274,0.7530030030030029,0.5018155815616443,0.4952090273296475,0.4997401328984774
0.4468351263447587,0.5112612612612611,0.6524024024024023,0.7896157803861381,0.0011284162059403,0.7689694263738946
0.8226169627220417,0.2945445445445445,0.8823823823823823,0.0061339100406369,1.0,0.5859933376353837
0.4961220915686766,0.7002002002002001,0.4562062062062062,0.4126637249943318,0.4555452848945707,0.5229066745731378
0.8181135851888919,0.5045045045045045,0.7797797797797796,0.5302928301097023,0.5144374487678114,0.0
0.5494120590442834,0.4834834834834834,0.6241241241241241,0.0,0.5246612135270419,0.4812599194237578
0.5203902927195397,0.5277777777777777,0.752002002002002,0.5018469749027679,0.4951933306590858,0.4997558295690392
0.4846134600950714,0.4486986986986986,0.7657657657657657,0.4042694943928004,1.0,0.1447320229520205
0.5206404803602703,0.5275275275275274,0.7527527527527527,0.5017702356244659,0.4950851980396603,0.4997261803024225
0.2869652239179385,0.6046046046046045,0.7592592592592592,0.6054362802378918,0.8087378132793832,0.4259256675445175
0.5889417062797099,0.6816816816816815,0.7324824824824825,0.4939881751748434,0.5848788740254984,0.0
0.9472104078058544,0.554054054054054,0.7292292292292292,0.5271936097110068,0.5327955770270506,0.0
0.0,1.0,0.2194694694694694,1.0,1.0,1.0
0.5426569927445586,0.5247747747747746,0.7617617617617617,0.527331391597049,0.4967490451192075,0.4908436088389696
0.5208906680010009,0.5272772772772771,0.7525025025025025,0.5018155815616443,0.4952229799257024,0.4997104836318607
0.5211408556417314,0.752002002002002,0.0012512512512513,1.0,1.0,0.9997401328984774
0.5469101826369779,0.5850850850850849,0.767017017017017,1.0,0.531238118492422,0.5162216369883321
0.5364023017262949,0.7587587587587585,0.6453953953953954,1.0,0.6959310741754887,0.4099168076460226
0.4883662747060296,0.5492992992992992,0.7677677677677677,0.5022585764863875,0.5282627273837138,1.0
0.6937703277458095,0.5835835835835835,0.6458958958958958,0.5495509008144828,0.2874653365191761,0.5744266355058688
0.5661746309732301,0.4391891891891891,0.6606606606606606,0.5121178296736837,1.0,0.3059612466644575
0.7202902176632476,0.5965965965965965,0.566066066066066,0.5714651969932155,0.7862741336309886,0.5686572370371662
0.3222416812609458,0.5605605605605605,0.8015515515515514,0.5987965885902645,0.9148909081395956,0.3388789089069885
0.1225919439579685,0.7344844844844844,0.7925425425425425,0.6130055635976769,0.5277447372551756,0.9999389573922596
0.4813610207655743,0.7772772772772771,0.4932432432432432,0.0,0.3801280150688038,0.5488951287999023
0.5206404803602703,0.6981981981981981,0.4389389389389389,0.5478277552017022,0.5902052775694577,0.5112318398241973
0.8013510132599451,0.5555555555555555,0.7705205205205206,0.4685944503549191,0.4623681043654185,1.0
0.5203902927195397,0.5275275275275274,0.7527527527527527,0.5018469749027679,0.495100894710222,0.4996651376946823
0.1438578934200651,1.0,1.0,1.0,0.0,0.3320107434989623
0.1703777833375032,1.0,0.0,0.0,0.2908069832743255,1.0
0.5203902927195397,0.5275275275275274,0.7522522522522521,0.5017859322950277,0.4952090273296475,0.4996337443535588
0.5203902927195397,0.5275275275275274,0.7525025025025025,0.5018016289655894,0.495254373266826,0.499694786961299
0.083562672004003,0.6916916916916915,0.7877877877877877,0.565376632889757,0.525728587125242,0.8882152885571272
0.9191893920440332,0.4657157157157156,0.7827827827827827,0.4758114306643179,0.4660149641592689,0.0
0.378033525143858,0.5558058058058057,0.7237237237237237,0.5312538151629838,0.5016638470795473,0.8035352390254111
0.3380035026269703,0.8758758758758758,0.0,1.0,0.0,0.9898372778485096
0.5544158118588943,1.0,0.3393393393393393,1.0,0.0,0.1572300608682003
0.4828621466099576,0.6924424424424424,0.5052552552552553,0.9231020109179064,0.5624465877182273,0.5951497287964141
0.5203902927195397,0.5275275275275274,0.7515015015015014,0.5018016289655894,0.4952090273296475,0.4996651376946823
0.5113835376532401,0.8045545545545545,0.6016016016016016,1.0,0.7156321398050125,0.3732755463313393
0.6802601951463599,0.5505505505505505,0.765015015015015,0.5110940579381551,0.4958491026736662,1.0
0.5331498623967977,0.7174674674674674,0.4704704704704704,1.0,0.6354221532343862,0.6993808535500636
0.5206404803602703,0.5275275275275274,0.7525025025025025,0.5018923208399463,0.4952683258628809,0.4996790902907372
0.5203902927195397,0.528028028028028,0.7530030030030029,0.5018469749027679,0.4951322880513455,0.4997401328984774
0.5203902927195397,0.5275275275275274,0.7522522522522521,0.5017859322950277,0.4952090273296475,0.4996790902907372
0.3775331498623969,0.4964964964964964,0.1974474474474474,1.0,0.031391597049026,0.6675323089802396
0.5203902927195397,0.5275275275275274,0.7522522522522521,0.5018016289655894,0.4951322880513455,0.4996790902907372
0.8263697773329999,0.4381881881881881,0.8208208208208208,0.1830667806128678,0.8662870397823395,0.9079477475277744
0.6720040030022518,0.584084084084084,0.755005005005005,0.5922807262326246,0.0382126724453669,0.6336990076216056
0.4650988241180886,0.4914914914914914,0.8018018018018018,0.4640162547744039,0.9918202905628128,0.114301410956276
0.5123842882161622,0.59009009009009,0.9777277277277276,0.9970542581579084,1.0,0.2905942061844882
0.7905929447085316,0.6186186186186186,0.7587587587587588,0.4909343007133265,0.5047002807959956,0.0621117254129096
0.4598448836627472,0.7352352352352352,0.6051051051051051,0.0,0.2929277778746708,0.408969775188796
0.6609957468101078,0.6946946946946946,0.7690190190190189,0.4973141252594311,0.4716605333379842,1.0
0.4738553915436578,0.6821821821821821,0.4514514514514514,0.0,0.4141427001761515,0.7676718349407887
0.5203902927195397,0.5275275275275274,0.7527527527527527,0.5017702356244659,0.4952229799257024,0.4997558295690392
0.4543407555666751,0.5050050050050049,0.6674174174174174,0.7254913929923086,0.0,0.7657795141008423
0.6667500625469104,0.6013513513513513,0.5940940940940941,0.5742574602787031,0.0347942864119155,0.7328618518583114
0.5006254691018265,0.7179679679679678,0.4364364364364364,1.0,0.888918150583393,0.4921412002720756
0.6484863647735803,0.5500500500500499,0.6058558558558558,0.6389172785461394,0.0430664317979663,0.7161815232746742
1.0000000000000002,0.938188188188188,1.0,1.0,0.6916580916336745,0.0676509060467063
0.3420065048786591,0.523023023023023,0.7740240240240239,0.6517222735755271,0.1687828104016603,0.7211259745016307
0.5206404803602703,0.5272772772772771,0.7527527527527527,0.5018155815616443,0.4952090273296475,0.4997854788356559
0.5206404803602703,0.5275275275275274,0.752002002002002,0.5018312782322061,0.4952229799257024,0.4997104836318607
0.1125844383287466,0.5225225225225224,1.0,0.1178575788757695,0.0,0.1421228874897536
0.3422566925193896,0.5548048048048047,0.71996996996997,0.4594677084605054,0.4819767340460784,0.4564469714146188
1.0000000000000002,1.0,1.0,0.884552732092715,0.1045816837295289,0.6487765317334356
0.0,0.4537037037037036,1.0,1.0,0.9996633936201756,0.9964595287510682
1.0000000000000002,0.8886386386386385,0.0,1.0,0.0008545965083628,0.4598793100441251
0.4530898173630224,0.5200200200200199,0.73998998998999,0.5311927725552436,1.0,0.0635767479986745
0.4923692769577184,0.7442442442442441,0.523023023023023,0.5714198510560371,0.4696007813453791,0.5432949055583655
0.7520640480360272,0.5613113113113112,0.5195195195195195,0.4641226433193226,0.6557807349529972,0.5507717529692868
1.0000000000000002,0.5505505505505505,0.2542542542542543,0.337473184854457,0.5137956293492858,0.0
0.3455091318488867,0.5555555555555555,0.862112112112112,0.4953450651411828,0.9999703507333833,0.2860299632000279
0.4255691768826621,0.4887387387387386,0.7104604604604604,0.4880966914906605,0.5658196278145002,0.5602037079024016
0.5258944208156119,0.4909909909909909,0.808058058058058,0.3611891099987792,1.0,0.2860910058077681
0.5206404803602703,0.5275275275275274,0.7522522522522521,0.5018469749027679,0.495177633988524,0.4997401328984774
0.7030272704528397,0.9304304304304304,0.7877877877877877,0.5229066745731378,0.5292690583741737,1.0
0.4671003252439331,0.5668168168168167,0.7935435435435434,0.1020021975338786,0.5610583044107644,0.4086349128834783
0.4135601701275958,0.4994994994994994,0.806056056056056,0.5804088110644087,0.5675445175017877,0.3963200027905192
0.5203902927195397,0.5275275275275274,0.752002002002002,0.5018155815616443,0.495177633988524,0.4997261803024225
0.6642481861396049,0.5165165165165164,0.5945945945945945,0.5295899680834365,0.00352477457837,0.7442314735685508
0.0,0.7752752752752752,0.8223223223223222,0.4158065472556987,0.458429984128922,0.5517187854265134
0.7015261446084565,0.5753253253253252,0.5873373373373373,0.4734918115701902,0.7296265936480806,0.4136700559847917
0.3074806104578435,0.5400400400400399,0.7144644644644644,0.6051310671991907,0.3621814883931841,0.4352023998465214
0.4883662747060296,0.5500500500500499,0.8328328328328327,0.1631058478818215,0.5604321816628006,0.4574079564679003
0.5359019264448338,1.0,0.0510510510510511,0.5317264593543436,0.2490538395800268,0.0
0.5969477107830875,0.4882382382382381,0.6669169169169169,0.3375202748661423,0.0,0.8383295254373266
0.6072054040530399,0.4927427427427426,0.7557557557557557,0.5213649127090709,0.5373423792664422,1.0
0.4255691768826621,0.643143143143143,0.5427927927927928,1.0,0.8796239775363204,0.5966007987861242
0.4756067050287717,0.5347847847847846,0.7379879879879879,0.639941050281668,0.5521600362767497,0.4747737063327345
0.0057543157368026,0.7795295295295295,0.7857857857857857,0.5779967560214172,0.5476428833039747,0.9993442279854196
0.618213660245184,0.5130130130130129,0.6403903903903904,0.4768334583253396,0.0,0.8023126427961003
0.1763822867150363,0.6078578578578577,0.7685185185185185,0.5626454122120097,0.568672933707728,0.8792420252193174
0.516387290467851,0.7154654654654653,0.4817317317317317,0.386614228159827,0.4747126637249943,0.4612989866927115
0.2189141856392294,0.5778278278278277,0.8738738738738738,0.3896192685351518,1.0,0.3409997035073339
0.5203902927195397,0.5275275275275274,0.7527527527527527,0.5018312782322061,0.4952229799257024,0.4997261803024225
0.3975481611208407,0.5210210210210209,0.7432432432432432,0.604656678933324,0.5654673247641139,0.5446378429286499
0.5411558669001753,0.709209209209209,0.5027527527527528,0.1422449727052339,0.4754312224218218,0.469449046863282
0.4708531398548913,0.6856856856856856,0.7685185185185185,1.0,0.6383068524687374,0.4692798716361163
0.5126344758568928,0.5598098098098097,0.783033033033033,0.3608385510228997,0.4912552104225892,0.462641924062996
0.4020515386539906,0.6318818818818818,0.7484984984984985,0.5074018522071263,0.4940788670492003,0.0
0.3955466599949964,0.6501501501501501,0.6541541541541541,0.4972234333850742,0.5416310584788182,0.0308875595165425
0.3815361521140857,0.587087087087087,0.7835335335335334,0.4696007813453791,0.4637249943317578,0.0
0.2474355766825119,0.5455455455455455,0.797047047047047,0.5602787031061967,0.5246455168564801,0.5762875630046915
0.388541406054541,0.5645645645645645,0.8603603603603602,0.4180965170832098,1.0,0.2105813000331374
0.5206404803602703,0.5275275275275274,0.7525025025025025,0.5018155815616443,0.4952386765962642,0.4997558295690392
0.5206404803602703,0.5277777777777777,0.7527527527527527,0.5018609274988227,0.495177633988524,0.4997401328984774
0.6144608456342258,0.5132632632632632,0.7665165165165164,0.3168407834382685,1.0,0.2814378150234578
0.693520140105079,0.7642642642642641,0.8363363363363363,0.4838690548860247,0.5311160332769416,0.0
0.4580935701776333,0.7987987987987987,0.7352352352352352,0.0,0.000305213038701,0.5484521338751591
0.5614210657993497,0.4284284284284283,0.2007007007007007,0.471827964490643,1.0,1.0
0.5459094320740556,0.5613113113113112,0.632132132132132,0.0,0.5188011231839824,0.377121230618972
0.5013760320240181,0.7109609609609608,0.7857857857857857,0.4910877792699304,0.5362750056682422,0.0
0.5203902927195397,0.5275275275275274,0.7522522522522521,0.5017859322950277,0.4952090273296475,0.4996651376946823
0.5203902927195397,0.5277777777777777,0.7532532532532532,0.5018923208399463,0.4951322880513455,0.4997715262396009
0.3822867150362773,0.5435435435435434,0.7412412412412412,0.5942497863508729,0.5220067321275965,0.4595287510682456
0.4228171128346261,0.5768268268268267,0.7825325325325325,0.6699879658859026,0.5404259029945759,0.3922597973385423
0.1961471103327496,0.5340340340340339,0.6353853853853854,0.5363970908837226,0.8919231909587177,0.2568359000296493
0.7097823367525646,0.3808808808808808,0.7607607607607607,0.4878071751225212,0.4999686066588765,1.0
0.6760070052539406,0.5232732732732732,0.7795295295295295,0.519748155641209,0.5207701833022307,1.0
0.5366524893670254,0.4491991991991991,0.6991991991991992,0.4648098086750266,0.0,0.8623175262047194
0.4423317488116088,0.7132132132132131,0.5923423423423423,0.0,0.3691246490050055,0.3209009888902454
0.4285714285714287,0.7047047047047046,0.7187187187187187,1.0,0.643861729773096,0.5798890768613635
0.7568176132099076,0.8205705705705704,0.6746746746746746,0.5711913772956381,0.6833406003104452,1.0
0.5206404803602703,0.5277777777777777,0.7527527527527527,0.5018016289655894,0.4951322880513455,0.499694786961299
0.8811608706529899,0.8365865865865865,0.6689189189189189,0.421605594991018,0.3670788496084552,0.0
0.5203902927195397,0.5275275275275274,0.7522522522522521,0.5018155815616443,0.4951933306590858,0.4996790902907372
0.4896172129096824,0.5598098098098097,0.7712712712712713,0.0800425554179674,0.4773531925283848,0.4914086889791932
0.4263197398048537,0.5983483483483483,0.7752752752752752,0.5307811709716239,0.5068053787257791,0.3541535134380941
0.5153865399049289,0.7469969969969968,0.5740740740740741,1.0,0.5182831330554442,0.4878525210596997
0.4788591443582688,0.7329829829829828,0.535035035035035,0.0779671067548006,0.4582468563057014,0.4466644575056246
0.5096322241681263,0.6929429429429428,0.6701701701701701,0.0,0.2758811936445925,0.4099168076460226
0.3482611958969228,0.5718218218218217,0.7885385385385384,0.6551546122050333,0.7121841045049444,0.3346512723023528
0.5011258443832876,0.5217717717717717,0.7457457457457457,0.5015260651935051,0.5115980954706385,1.0
0.4440830622967227,0.6488988988988988,0.4011511511511511,0.0,0.7120463226189022,0.4535012295725273
0.5206404803602703,0.5275275275275274,0.7527527527527527,0.5018766241693845,0.4951933306590858,0.4996651376946823
0.7710783087315488,0.4529529529529528,0.75,0.5061496067111987,0.4877304358442192,0.0
0.4628471353515138,0.5250250250250249,0.6924424424424425,0.6662643668137502,0.0329787048502712,0.6308143083872543
0.5201401050788093,0.5275275275275274,0.7525025025025025,0.5018312782322061,0.4952090273296475,0.4997401328984774
0.5206404803602703,0.5275275275275274,0.752002002002002,0.5018766241693845,0.4952229799257024,0.4997104836318607
0.7010257693269955,0.9559559559559558,0.6836836836836836,0.0,0.4875630046915604,1.0
0.5206404803602703,0.5277777777777777,0.7530030030030029,0.5019080175105081,0.4951322880513455,0.4997261803024225
0.490367775831874,0.7840340340340339,0.6196196196196195,1.0,0.8264715628651655,0.4314334548371906
0.4916187140355267,0.5475475475475474,0.69994994994995,0.7429495788060065,0.0,0.830728848736418
0.8648986740055042,0.7014514514514514,0.5858358358358358,1.0,1.0,0.0
0.5328996747560671,0.4359359359359358,0.6679179179179179,0.3860491480196034,0.0,0.9495177633988524
0.5203902927195397,0.5277777777777777,0.7522522522522521,0.5018923208399463,0.4951933306590858,0.499694786961299
0.2812109081811359,0.6629129129129128,0.7545045045045045,0.3214050264227288,0.4565376632889757,0.0
0.4380785589191895,0.9209209209209208,0.0,0.0,0.8210684200429043,0.51255908052392
0.7340505379034278,0.5828328328328327,0.524024024024024,0.4478399637232502,0.5280639028899314,0.5775851544377976
0.4828621466099576,0.4947447447447446,0.6836836836836836,0.6902698083262117,0.3400387184540523,0.546620855642953
0.4723542656992746,0.6996996996996996,0.4431931931931931,0.5171233235083803,0.5610112143990791,0.5106981530250972
0.7573179884913688,0.3908908908908908,0.7417417417417417,0.4990529675427734,0.5029596944381464,0.3798524512967194
0.9647235426569928,1.0,0.0,0.5888483876031184,0.260835062873886,0.0036782531349738
0.4901175881911435,0.5613113113113112,0.6473973973973973,0.5902366709105813,0.0,0.8178174651621117
0.4963722792094072,0.5745745745745745,0.3953953953953953,0.0343059455499939,0.4363639534680921,0.5204335769224061
0.5784338253690269,0.4106606606606606,0.7352352352352352,0.4946282505188621,0.4939114358965415,0.8466766660271727
0.5203902927195397,0.5272772772772771,0.752002002002002,0.5018469749027679,0.4952229799257024,0.4997854788356559
0.0022516887665749,0.6809309309309308,0.8158158158158157,0.4733086837469696,0.4978635087290929,0.7075291696461272
0.5549161871403554,1.0,0.514014014014014,0.0,0.5495212515478661,1.0
0.6832624468351265,0.4411911911911911,0.7545045045045045,0.4980309398817517,0.4969164762718663,0.8970368174128398
0.4365774330748062,0.7787787787787787,0.4649649649649649,1.0,0.7605455465057467,0.5295603188168199
0.4948711533650239,0.5275275275275274,0.7875375375375375,0.6036346512723023,0.5178558348012627,0.5079965816139665
0.453840380285214,0.5065065065065064,0.7222222222222222,0.0346565045258733,0.5530006801890577,0.4244902942253693
0.505879409557168,0.4572072072072071,0.5863363363363363,0.4218497654219788,0.0,0.7911121963130265
0.5444083062296724,0.6383883883883883,0.4016516516516516,0.2693810279575144,0.302009173831906,0.6358198022219509
0.5206404803602703,0.5275275275275274,0.7527527527527527,0.5017405863578492,0.4952090273296475,0.4997261803024225
0.9357017763322494,0.9902402402402402,0.7737737737737738,0.5233950154350594,0.5230130631180564,0.0
0.7413059794846136,0.5623123123123122,0.7887887887887888,0.5776461970455378,0.515231002668434,0.0
0.5206404803602703,0.528028028028028,0.7527527527527527,0.5018469749027679,0.4951165913807838,0.4997261803024225
0.5063797848386291,0.6611611611611611,0.7432432432432432,1.0,0.6837225526274482,0.4913633430420147
0.3907930948211159,0.7422422422422421,0.0175175175175175,0.7584857945131416,0.987226398311736,0.0
0.5206404803602703,0.5275275275275274,0.7530030030030029,0.5018923208399463,0.4952090273296475,0.4997854788356559
0.7705779334500877,0.6066066066066065,0.5793293293293293,0.4847550447355111,0.1625111184749813,0.5984460296143851
0.5208906680010009,0.5275275275275274,0.7522522522522521,0.5018469749027679,0.4951933306590858,0.4996651376946823
0.5203902927195397,0.5277777777777777,0.7532532532532532,0.5018609274988227,0.4950712454436053,0.4998011755062176
0.0485364023017264,0.714214214214214,0.210960960960961,0.0,0.2746917348309119,0.2655353436698816
0.4726044533400051,0.4977477477477476,0.772022022022022,0.5251199051223469,1.0,0.2284057414932766
0.4913685263947962,0.7119619619619618,0.4989989989989989,0.0462999459336903,0.2979943143171076,0.5183895216003628
0.4873655241431074,0.9196696696696696,0.5993493493493494,1.0,0.9932085738702756,0.1938416729162669
0.5201401050788093,0.5275275275275274,0.7522522522522521,0.5018766241693845,0.4950851980396603,0.4997401328984774
0.5206404803602703,0.5272772772772771,0.7530030030030029,0.5018469749027679,0.4952229799257024,0.4996651376946823
0.5481611208406306,0.5297797797797796,0.724974974974975,0.4081919179587352,1.0,0.3130718384289377
0.6905178884163123,0.8448448448448447,0.0,0.4799169820534733,0.1704623541517693,0.2576765439419572
1.0000000000000002,1.0,0.0,0.0,1.0,0.0
0.6622466850137605,0.97022022022022,1.0,1.0,0.0703664300538919,0.0875054502328339
0.4230673004753566,0.5072572572572571,0.7497497497497497,0.0,0.7251861799536077,0.427038387079896
0.5096322241681263,0.4899899899899899,0.842092092092092,0.3527495334600694,1.0,0.3974484189964595
0.0,0.7657657657657656,0.7607607607607607,0.0,0.0,0.55672427926121
0.5206404803602703,0.5275275275275274,0.7525025025025025,0.5018155815616443,0.4951322880513455,0.4997854788356559
0.0,0.5973473473473473,0.3576076076076076,0.0,0.8313078814726964,0.0050822331129986
0.3074806104578435,0.5953453453453452,0.8485985985985984,0.6190330850933952,0.9920644609937735,0.3816540802623088
0.5206404803602703,0.5275275275275274,0.7522522522522521,0.5018609274988227,0.4951933306590858,0.4997104836318607
0.5361521140855643,0.5508008008008007,0.8198198198198197,0.5180075692833598,1.0,0.3079756527198842
0.5201401050788093,0.5277777777777777,0.7527527527527527,0.5018609274988227,0.4952090273296475,0.4997261803024225
0.2534400800600451,0.654154154154154,0.892142142142142,0.7012871269860649,0.736036067460802,0.3245792420252193
0.5203902927195397,0.5275275275275274,0.7525025025025025,0.5018766241693845,0.495254373266826,0.499694786961299
0.4313234926194647,1.0,0.3433433433433434,0.0,1.0,0.629150461307707
0.646985238929197,0.5190190190190189,0.7585085085085085,0.4862950625250711,0.490278528698746,0.0
0.7002752064048038,0.5523023023023022,0.4739739739739739,0.5005336867991,0.1378185116068159,0.7421717215759458
0.2769577182887166,0.6213713713713712,0.8443443443443444,0.6497078675201005,0.9997715262396007,0.4034462912255612
0.5639229422066552,0.7697697697697696,0.544044044044044,1.0,0.653720982960392,0.5458726476795088
0.7338003502626972,0.3923923923923923,0.7645145145145145,0.5209533111254513,0.5032649074768474,0.5248739906168791
0.4936202151613711,0.5442942942942942,0.7597597597597596,1.0,0.5874583602211486,0.5493224270540837
0.537403052289217,0.664164164164164,0.477977977977978,0.9889059420618448,0.8485079442593788,0.6689659382248809
0.500375281461096,0.4974974974974974,0.71996996996997,0.0,0.2499241327589514,0.635666323665347
0.0,0.9989989989989988,0.7382382382382382,0.0,0.5275302160908314,0.5524809459860125
0.0,0.9777277277277276,0.0,1.0,1.0,1.0
0.5203902927195397,0.5277777777777777,0.7517517517517517,0.5018469749027679,0.495254373266826,0.4997104836318607
0.3357518138603954,0.6238738738738737,0.7074574574574574,0.4850288644330885,0.4940335211120219,0.990888954776148
0.3855391543657744,0.932182182182182,0.6771771771771771,1.0,0.0,0.2599804663655231
0.5206404803602703,0.5272772772772771,0.7527527527527527,0.5018766241693845,0.4951165913807838,0.4997261803024225
0.5211408556417314,0.5277777777777777,0.7527527527527527,0.5017545389539041,0.495100894710222,0.4997715262396009
0.4781085814360772,0.7852852852852852,0.5523023023023023,0.0,0.2374103981722099,0.5315276348605612
0.5206404803602703,0.5277777777777777,0.7527527527527527,0.5018016289655894,0.4951322880513455,0.4997401328984774
0.5206404803602703,0.5277777777777777,0.7527527527527527,0.5018016289655894,0.4951933306590858,0.4997261803024225
0.5626720040030024,0.4429429429429428,0.7707707707707707,0.3161553621570713,1.0,0.0982629017911645
0.4688516387290469,0.6816816816816815,0.7234734734734735,1.0,0.6845631965397562,0.4678148490503514
0.586690017513135,0.6353853853853852,1.0,0.3844620402183581,0.0,1.0
0.8759069301976484,0.5948448448448448,0.756006006006006,0.5394335246001709,0.5265378376964264,0.0
0.5203902927195397,0.5272772772772771,0.7525025025025025,0.5018312782322061,0.4952090273296475,0.4997401328984774
0.0,0.8796296296296295,0.992242242242242,0.0,0.3267924725744284,0.5842387986814797
0.5016262196647487,0.6616616616616615,0.7540040040040039,1.0,0.5936707536145944,0.3874217346565045
0.4913685263947962,0.4792292292292291,0.7067067067067067,0.4998482655179029,0.0,0.8731691577864207
0.5171378533900427,0.518018018018018,0.714964964964965,0.0,0.1961752446064495,0.7164117411095802
0.2959719789842383,0.6453953953953953,0.7412412412412412,0.4924917592479551,0.5017405863578492,0.282351710065054
0.714535901926445,0.4416916916916916,1.0,0.971065803931144,0.0,0.731810174930673
0.161621215911934,0.7344844844844844,0.7054554554554554,0.5929364982472051,0.5166803285836371,1.0
0.4215661746309733,0.5287787787787787,0.8826326326326326,0.6437396445576155,0.9057659103196888,0.3380086157280639
0.5203902927195397,0.5275275275275274,0.7522522522522521,0.5018312782322061,0.4951933306590858,0.4997261803024225
0.5218914185639231,0.3746246246246245,0.7552552552552552,0.316185011423688,0.3066013220084762,0.5345047700437763
0.3615211408556418,0.572072072072072,0.7702702702702702,0.5399986047403945,0.4888902453912831,0.0008999424455413
0.7695771828871656,0.993993993993994,0.0,1.0,0.0974240019533634,0.0
0.6890167625719291,0.4852352352352351,0.7960460460460459,0.5074018522071263,0.4190871514031079,0.4404677607827406
0.5201401050788093,0.5277777777777777,0.7525025025025025,0.5019080175105081,0.4951619373179622,0.4997401328984774
0.0,0.8563563563563562,0.7307307307307307,0.4132898477422955,0.463557563179099,0.1099080872734883
0.4010507880910684,0.617117117117117,0.8781281281281281,0.3928859200865061,0.979932678724035,0.3269895529937039
0.5203902927195397,0.5277777777777777,0.7522522522522521,0.5019080175105081,0.4951462406474005,0.4996790902907372
0.3950462847135352,0.5155155155155154,0.6791791791791791,0.7041421769537994,0.0777368889198946,0.7351971676230008
0.5569176882661998,0.7802802802802802,0.537037037037037,1.0,0.8659050874653365,0.324226938974833
0.5206404803602703,0.5275275275275274,0.7527527527527527,0.5018312782322061,0.495177633988524,0.4997558295690392
0.4973730297723294,0.7507507507507506,0.8155655655655656,0.3450738615553657,0.4278319409805187,0.0
0.5666750062546911,0.5345345345345345,0.7332332332332332,0.3871322182883653,1.0,0.1466853863997069
0.4888666499874907,0.582082082082082,0.6929429429429429,0.0,0.3044962240786926,0.4999093081256431
0.5208906680010009,0.3656156156156155,0.7019519519519519,0.1615797826883164,0.3238467307323369,0.4143729180110574
0.3335001250938204,0.4912412412412411,0.5730730730730731,0.4965048746882466,0.0,0.8038387079896052
0.5256442331748813,0.4937437437437436,0.5683183183183182,0.4386678758916581,0.4074908000069763,0.5668416554755219
0.521391043282462,0.7212212212212211,0.6734234234234233,0.0,0.2916301864415648,0.5052653609362192
0.3224918689016763,0.5800800800800799,0.9286786786786786,0.5937614454889513,0.9452744301236548,0.2472993006261227
0.6379784838628973,0.6569069069069068,0.6919419419419419,0.3946247623698484,0.3388161222247414,0.0
0.6837628221165876,0.9104104104104104,0.8003003003003002,0.0,0.6472347698693688,1.0
0.5516637478108583,0.4276776776776776,0.5975975975975976,0.4189040235798873,0.0,0.8554511048712001
0.5008756567425571,0.5565565565565564,0.7207207207207207,1.0,0.7308020998657063,0.3571602978879258
0.4753565173880412,0.4687187187187186,0.7497497497497497,0.1108690723267697,0.3986082285435234,0.4548738162094284
0.5168876657493121,0.4214214214214213,0.6068568568568569,0.5131398573347054,0.0,0.8782653434954741
0.3482611958969228,0.5310310310310309,0.7985485485485484,0.4522036381394213,1.0,0.2709977850253763
0.4843632724543409,0.4722222222222221,0.8618618618618619,0.2980257076582311,1.0,0.2254303503845684
0.1053289967475607,0.6561561561561561,0.7432432432432432,0.5023196190941277,0.501297591433106,0.9417810488864083
0.3267450587940956,0.548048048048048,0.6846846846846846,0.4562777961874531,0.861356541151438,0.4466330641645011
0.4738553915436578,0.6261261261261261,0.7434934934934935,0.5275755620280098,0.5360761811744598,1.0
0.5739304478358771,0.4984984984984984,0.8073073073073073,0.410038892861503,1.0,0.1586950834539652
0.4728546409807357,0.5107607607607607,0.771021021021021,0.0639116103039922,0.4737813279383295,0.4415054851143241
0.5016262196647487,0.8125625625625624,0.788038038038038,0.0,0.077630500374976,1.0
0.5203902927195397,0.5277777777777777,0.7532532532532532,0.5018609274988227,0.4952386765962642,0.4996790902907372
0.5201401050788093,0.5277777777777777,0.752002002002002,0.5018609274988227,0.4952386765962642,0.4997401328984774
0.7242932199149363,0.4096596596596595,0.7479979979979979,0.50198475678881,0.4967961351308927,0.1544221009121509
0.3435076307230423,0.5523023023023022,0.7532532532532532,0.5431885170134468,0.5446831888658283,0.959178192092366
0.9794846134600952,0.6043543543543543,1.0,0.814873467394527,0.2450407241397352,0.6503932888012975
0.6407305479109333,0.5683183183183182,0.6994494494494494,0.5204806669340915,0.5182674363848824,0.7130073076721838
0.4943707780835628,0.5327827827827827,0.5,0.4275267279418177,0.0,0.9927812756160944
0.203652739554666,0.9446946946946946,0.5185185185185185,0.9215759457244012,1.0,0.0
0.1603702777082812,0.5080080080080079,0.6373873873873874,0.5728395277046235,0.6202539372481992,0.5358163140729372
0.1648736552414311,0.9929929929929928,0.6694194194194194,0.0,0.239852102481818,0.7583776618937161
0.4523392544408307,0.4802302302302301,0.6924424424424425,0.6518583113870624,0.0,0.6225125137345867
0.171628721541156,0.7379879879879878,0.7912912912912913,0.6865619059246211,0.5648272494200952,1.0
0.5116337252939707,0.4239239239239238,0.8103103103103102,0.3278441495020667,0.4921098069309521,0.4911645185482324
0.5043782837127847,0.7099599599599599,0.4909909909909909,0.490660481015749,0.4875926539581771,0.4842353105324659
0.873905429071804,0.4044044044044043,0.7525025025025025,0.4974519071454732,0.5106824563545355,0.0175192284214382
0.5246434826119591,0.586086086086086,0.755005005005005,0.3390009941224689,0.4836405811256257,0.4902488794321293
0.49311983987991,0.757007007007007,0.4832332332332332,0.0,0.218959833964107,0.5264610984181244
0.4861145859394547,0.4634634634634634,0.6551551551551551,0.544866316689049,0.0,0.948923033992012
0.9579684763572682,0.6328828828828827,0.0,0.1649371261140276,0.9929801001098768,0.2839998604740394
0.6970227670753066,0.4779779779779779,0.766016016016016,0.5049444512269564,0.4906761776863108,0.0
0.5203902927195397,0.5275275275275274,0.7525025025025025,0.5017859322950277,0.4952090273296475,0.4998325688473412
0.8849136852639481,0.7802802802802802,0.7402402402402402,0.5157646894675341,0.4739801524321119,1.0
0.5203902927195397,0.528028028028028,0.7525025025025025,0.5018469749027679,0.495177633988524,0.4997401328984774
0.7212909682261698,0.5327827827827827,0.6524024024024023,0.5501927202330084,0.5717704100319165,0.476498596020022
0.6267200400300227,0.9527027027027026,0.7895395395395395,0.0,1.0,1.0
0.5196397297973482,0.4814814814814814,0.8085585585585585,0.2956293492858015,1.0,0.1459842684479481
1.0000000000000002,0.5848348348348348,0.7119619619619619,0.5053264035439594,0.50903430594555,0.0
0.5206404803602703,0.5277777777777777,0.7530030030030029,0.5018312782322061,0.495177633988524,0.4997401328984774
0.6762571928946711,0.5407907907907907,1.0,0.0899157612013185,0.3496677538064426,1.0
0.1391043282461846,0.7414914914914914,0.7452452452452452,0.5892756858572998,0.5408688979193191,1.0
0.4946209657242933,0.4809809809809809,0.6719219219219219,0.4112597450163071,0.0,0.8146292969635662
0.3705278959219416,0.6053553553553552,0.7137137137137137,0.5161448977100301,0.5668870014127003,1.0
0.4896172129096824,0.4879879879879879,0.6936936936936937,0.7089645429652754,0.0,0.8877426443657672
0.2631973980485365,0.6093593593593593,0.756006006006006,0.6625878577532832,0.7529309172087831,0.3530250972321537
0.4585939454590944,0.7690190190190189,0.0145145145145145,1.0,0.0,1.0
0.5506629972479361,0.8008008008008007,0.0,1.0,0.2443221654429077,0.9700123829289986
0.5203902927195397,0.5275275275275274,0.7522522522522521,0.5018609274988227,0.495177633988524,0.499694786961299
0.4993745308981737,0.5472972972972971,0.7597597597597596,0.7972618030242251,0.6314543837312729,0.4947503357343426
0.5208906680010009,0.5275275275275274,0.7532532532532532,0.5018923208399463,0.4951619373179622,0.4998011755062176
0.7245434075556669,0.5292792792792792,0.5890890890890891,0.513628198196627,0.8589758794495701,0.541341542110679
0.5166374781085816,0.7217217217217216,0.6446446446446445,0.0,0.2628041229921342,0.5897012400369743
0.5203902927195397,0.5275275275275274,0.7525025025025025,0.5018155815616443,0.4951933306590858,0.4997261803024225
0.9116837628221168,0.367117117117117,0.7622622622622621,0.5072797669916459,0.4967350925231525,0.0349320682979577
0.2186639979984989,0.8756256256256255,0.0,0.3191917958735197,0.6009487765317334,0.6332403160263006
0.2667000250187641,0.6028528528528527,0.7982982982982982,0.5768840364860387,0.9995570050752568,0.2851143240839249
0.3119839879909933,0.6036036036036034,0.7342342342342342,0.4765282452866386,0.4407729738214416,0.1366447494636971
0.9291968976732552,0.3663663663663663,0.7582582582582582,0.4924760625773933,0.4808640145106999,0.2181348867223608
0.6965223917938456,0.4562062062062061,0.7484984984984985,0.4961089697751888,0.5374487678113609,1.0
0.5291468601451089,0.6278778778778777,0.68993993993994,0.5296213614245601,0.4886146816191988,0.0
0.5236427320490369,0.714214214214214,0.5177677677677678,0.3818982506932696,0.467310811517868,0.5092470830353872
0.4630973229922443,0.6889389389389389,0.7572572572572571,1.0,0.6410851631581701,0.5086227043619304
0.6662496872654493,0.5645645645645645,0.5092592592592592,0.4486021242827493,0.7519995814221183,0.6577951410084238
0.5203902927195397,0.5275275275275274,0.7530030030030029,0.5018312782322061,0.495177633988524,0.4997558295690392
0.7660745559169378,0.7622622622622621,0.7192192192192192,0.509721471301254,0.4711425432094459,1.0
0.9009256942707032,0.6496496496496496,0.0,0.3224113574131887,0.3916040253239618,0.4284737603990443
0.5203902927195397,0.5272772772772771,0.7525025025025025,0.5017859322950277,0.4952090273296475,0.4998011755062176
0.4260695521641232,0.5067567567567567,0.7124624624624624,0.5613931667160821,0.0,0.674398730313759
0.3917938453840381,0.4904904904904904,0.6481481481481481,0.6907738458586951,0.3205347332438041,0.6294399776758464
0.427320490367776,0.5382882882882882,0.7812812812812813,0.5739993372516874,0.4196225822767149,0.5305823464778415
0.5201401050788093,0.5277777777777777,0.7530030030030029,0.5018016289655894,0.4951933306590858,0.4997558295690392
0.9997498123592696,1.0,1.0,0.0,1.0,0.8629139996860666
0.5206404803602703,0.5277777777777777,0.7532532532532532,0.5018469749027679,0.495100894710222,0.4997261803024225
0.3517638228671504,0.5477977977977977,0.805055055055055,0.5461796047927168,0.5520239984652144,0.4909813907250118
0.4991243432574432,0.7254754754754753,0.4964964964964964,0.7260250797914087,0.5498264645865671,0.5854753475068455
0.5203902927195397,0.5272772772772771,0.7522522522522521,0.5018469749027679,0.4952840225334426,0.4997401328984774
0.3615211408556418,0.6766766766766765,0.6589089089089089,0.5857805605455465,0.5244170430960811,1.0
0.5203902927195397,0.5277777777777777,0.7522522522522521,0.5018469749027679,0.4952229799257024,0.499694786961299
0.5203902927195397,0.5277777777777777,0.7527527527527527,0.5018155815616443,0.4952090273296475,0.4997854788356559
0.4658493870402803,0.6729229229229228,0.4574574574574574,0.3867049200341839,0.4483876031184052,0.5967368365976594
0.5414060545409058,0.5545545545545545,0.8203203203203202,0.6210160978076984,0.5539773619129009,0.4511362645412212
0.0270202651988992,0.7474974974974974,0.4471971971971972,0.0,0.2123986256692886,1.0
0.1898924193144859,0.6504004004004003,0.5730730730730731,0.5504665399305858,0.9974065612082949,0.4352634424542616
0.1591193395046286,0.6606606606606605,0.8215715715715715,0.4948567242792612,0.5030835237281337,0.870682107539634
0.8116087065298976,0.7492492492492491,0.0,0.0,1.0,0.3846748173081954
0.0,0.7114614614614614,1.0,0.0086366569579852,0.7139386434588486,1.0
0.4911183387540657,0.5985985985985985,0.7565065065065064,0.5309799954654063,0.4814273505764166,1.0
0.5233925444083064,0.699199199199199,0.6233733733733733,1.0,0.8619373179622234,0.3406787937980711
0.0,0.9857357357357356,0.071071071071071,0.0,0.3097144950032265,0.0011894588136805
0.5211408556417314,0.5277777777777777,0.7530030030030029,0.5018155815616443,0.4951933306590858,0.4997401328984774
0.3014761070803103,0.572072072072072,0.6931931931931932,0.6244362279156566,0.8399305858346269,0.4520362069867625
0.0157618213660246,1.0,0.0,0.0,0.0489718680782043,0.5281249454976716
0.5328996747560671,0.7152152152152151,0.5107607607607607,1.0,0.7250640947381272,0.4254512792786508
0.2411808856642482,0.8853853853853852,0.0,0.769168250867677,1.0,1.0
0.1235926945208907,0.7710210210210209,0.0,1.0,1.0,1.0
0.5206404803602703,0.5277777777777777,0.7525025025025025,0.5018766241693845,0.4951462406474005,0.499694786961299
0.4635976982737054,0.5918418418418417,0.7429929929929929,1.0,0.5687653696565917,0.4792612100388929
0.526394796097073,0.3988988988988988,0.0,0.2598583811500428,1.0,0.0008092505711844
0.5203902927195397,0.5277777777777777,0.7522522522522521,0.5018609274988227,0.495254373266826,0.4997104836318607
0.5203902927195397,0.5285285285285284,0.7527527527527527,0.5018766241693845,0.495177633988524,0.4997261803024225
0.2922191643732801,0.5492992992992992,0.8763763763763763,0.6070687339763154,0.7531750876397441,0.344967473010447
0.803102326745059,0.7447447447447446,0.0,0.0,0.9971920400439508,0.3972338978321154
0.3640230172629473,0.5047547547547546,0.8646146146146145,0.4472905802535884,1.0,0.1457697472836039
0.5894420815611711,0.5212712712712712,0.8513513513513513,0.6008580846573766,0.6621134694874165,0.3548860247309765
0.4783587690768077,0.7052052052052051,0.6108608608608608,0.0,0.2303294556743464,0.4499450616530338
0.5203902927195397,0.5272772772772771,0.752002002002002,0.5018609274988227,0.4951933306590858,0.4997401328984774
0.1058293720290218,0.6048548548548548,0.0,0.2528088319933027,0.038273715053107,0.417165181296545
0.4480860645484114,0.5588088088088087,0.7767767767767767,0.492568498526257,0.4860212428274936,0.4177459581073303
0.485364023017263,0.6669169169169168,0.7182182182182182,1.0,0.5654987181052374,0.4731865985314892
0.9444583437578186,0.9824824824824824,1.0,1.0,0.0092174337687706,0.0567696251983885
0.4393294971228422,0.7214714714714714,0.7294794794794794,1.0,0.5214259553168111,0.510255158100354
0.7435576682511885,0.5092592592592592,0.652152152152152,0.4233758306154839,0.4369429862043706,0.0
0.5206404803602703,0.5277777777777777,0.7525025025025025,0.5019080175105081,0.495177633988524,0.4997104836318607
0.6534901175881913,0.5758258258258258,0.7439939939939939,0.4178070007150705,0.3760992029579504,0.0
0.4543407555666751,0.6433933933933933,0.7217217217217217,0.0,0.2324955962118702,0.4122974693478906
0.4598448836627472,0.4554554554554554,0.0,0.0004726441913598,1.0,0.7261332124108342
1.0000000000000002,0.9266766766766764,1.0,0.0133683310951044,0.9911488218776706,0.8047700437762701
0.568426319739805,0.6584084084084083,0.255005005005005,1.0,0.9522646807471616,0.422369499625024
0.5001250938203654,0.772022022022022,0.518018018018018,0.9995570050752568,0.7324188569335682,0.5276069553691334
0.0,0.9231731731731728,0.7307307307307307,0.0,0.6168355512147479,1.0
0.0,1.0,0.0,0.1137991174982995,0.7655353436698815,1.0
0.5591693770327747,1.0,0.0,0.0,1.0,1.0
0.5208906680010009,0.5275275275275274,0.7530030030030029,0.5018155815616443,0.4951462406474005,0.4998168721767794
0.4525894420815612,0.757007007007007,0.5638138138138138,0.0,0.2459720599264001,0.4541116556499294
0.6047035276457344,0.5187687687687687,0.77002002002002,0.5179308300050578,0.4757050421193993,0.6003383504543314
0.4560920690517889,0.6719219219219218,0.7217217217217217,1.0,0.7089941922318921,0.5005336867991
0.5201401050788093,0.5272772772772771,0.7525025025025025,0.5018312782322061,0.495254373266826,0.4997104836318607
0.5203902927195397,0.5277777777777777,0.7530030030030029,0.5018766241693845,0.4952229799257024,0.4998011755062176
0.5203902927195397,0.5275275275275274,0.7527527527527527,0.5018766241693845,0.4951322880513455,0.4997104836318607
0.5203902927195397,0.5275275275275274,0.7527527527527527,0.5018016289655894,0.495177633988524,0.4997401328984774
0.5516637478108583,0.5412912912912912,0.7797797797797796,0.2690758149188133,0.4941852555941189,0.563468615379249
0.7445584188141108,0.5545545545545545,0.585085085085085,0.5358163140729372,0.3415019969653103,0.6568498526257042
0.5206404803602703,0.5275275275275274,0.7522522522522521,0.5018016289655894,0.4951933306590858,0.4997104836318607
0.5203902927195397,0.5277777777777777,0.7517517517517517,0.5017091930167257,0.4952229799257024,0.4997558295690392
0.720040030022517,1.0,0.9917417417417416,0.0,1.0,0.6291661579782688
0.5476607455591695,0.586086086086086,0.5245245245245245,0.4941852555941189,0.0,0.7510525489648918
0.6787590693019766,0.5127627627627627,0.7392392392392392,0.5138880652981496,0.5166489352425135,1.0
0.4891168376282213,0.7462462462462461,0.531031031031031,0.0916703001552226,0.3938626018103493,0.5820412648028324
0.174881160870653,0.6066066066066065,0.8065565565565564,0.400394160838551,0.4414758358477074,0.0296963566283551
0.526895171378534,0.5345345345345345,0.7865365365365364,0.5327188377487486,0.4944294260250798,1.0
0.5153865399049289,0.7782782782782782,0.6418918918918919,1.0,0.7404468318886583,0.4873188342605996
0.0,1.0,0.2542542542542543,1.0,0.0005040375324834,0.3367720669026981
0.5511633725293972,0.5808308308308308,0.8285785785785785,0.4113050909534855,0.0,0.9867851474614996
0.7257943457593197,0.4822322322322321,0.7937937937937938,0.4859758968903152,0.4514397335054153,0.2869159530495143
0.4440830622967227,0.8085585585585584,0.5102602602602603,0.0,0.1663114568254355,0.7835272162826796
0.4565924443332501,0.6423923923923922,0.7179679679679679,1.0,0.5618361616408253,0.5834138514397335
0.5203902927195397,0.5275275275275274,0.7525025025025025,0.5018155815616443,0.4952229799257024,0.4997401328984774
0.3042281711283463,0.346096096096096,1.0,0.7066449238711477,0.950998482655179,0.0
0.0,0.9997497497497496,0.2137137137137137,1.0,1.0,0.5738319060990286
0.7540655491618715,0.4654654654654653,0.7575075075075075,0.5077977571201842,0.4740865409770305,1.0
0.5148861646234677,0.7427427427427427,0.6539039039039038,1.0,0.8930376545686032,0.3877583410363291
0.5203902927195397,0.5275275275275274,0.7522522522522521,0.5018155815616443,0.4951619373179622,0.4997715262396009
0.5201401050788093,0.5275275275275274,0.7525025025025025,0.5017859322950277,0.4951933306590858,0.4997715262396009
0.2019014260695522,0.648148148148148,0.7422422422422421,0.4193016725674521,0.4439471894239322,0.5117515740272425
0.2872154115586691,0.5015015015015014,0.8455955955955955,0.4998482655179029,0.965479533285662,0.3664544709349984
0.4353264948711535,0.7284784784784784,0.7102102102102101,1.0,0.6050089819837103,0.4854265134206533
0.5281461095821868,0.6066066066066065,0.7394894894894894,0.4699827336623821,0.5070512932312469,1.0
0.6800100075056293,0.5442942942942942,0.4134134134134134,1.0,0.9981076791600536,0.0248443413502625
0.3525143857893421,0.5397897897897896,0.6921921921921921,0.7048136456389417,0.094387568236915,0.5240211381830232
0.7940955716787592,0.9734734734734732,0.5793293293293293,1.0,0.5723668835132637,1.0
0.2887165374030523,0.6654154154154153,0.795045045045045,0.5891065106301341,0.7291992953938993,0.4736452901267942
0.0,1.0,0.006006006006006,0.0,0.7998569858904372,0.0
0.638729046785089,0.8823823823823822,0.6366366366366366,0.4256204545058165,0.44878525210597,0.0
0.7398048536402303,0.6238738738738737,0.7697697697697696,0.5284912011441129,0.5040602054519769,1.0
0.6787590693019766,0.5638138138138137,0.6281281281281281,0.5080733208922685,0.7863055269721122,0.4643057711425432
0.4958719039279461,0.6616616616616615,0.4527027027027027,0.4869525786141584,0.5392503967769503,0.5209219177843277
0.5203902927195397,0.5275275275275274,0.7525025025025025,0.5018469749027679,0.495177633988524,0.4997261803024225
0.5193895421566176,0.5285285285285284,0.7522522522522521,0.5019376667771247,0.4952840225334426,0.499694786961299
0.4988741556167126,0.7962962962962962,0.601101101101101,0.0,0.2396986239252141,0.5530303294556743
0.4976232174130599,0.4957457457457456,0.72997997997998,0.5582799937213317,0.4484643423967072,0.5071419851056037
0.1938954215661747,0.6406406406406405,1.0,0.387224654237229,1.0,0.1392381882554023
0.5291468601451089,0.7297297297297296,0.506006006006006,1.0,0.8263791269163019,0.4168756649284058
0.7227920940705531,0.5045045045045045,0.5790790790790791,0.4059176448017859,0.0125747771944817,0.6970751870519909
0.746059544658494,0.5015015015015014,0.7675175175175175,0.5066989901808605,0.4390794774752777,0.3111027783106894
0.0,0.8213213213213212,0.6569069069069069,0.0,0.0,0.1375603885798001
0.6124593445083815,0.4474474474474473,0.7502502502502502,0.5002895163681392,0.4722709594153862,0.9995116591380784
0.8196147110332751,0.2337337337337336,0.762012012012012,0.5150164815040899,0.478483352808832,0.6716064670282714
0.4821115836877659,0.6386386386386386,0.3748748748748748,0.6616861712332351,0.6271517519228421,0.6523937422606694
0.3627720790592945,0.5503003003003002,0.8996496496496496,0.6306625739051572,1.0,0.2840922964229032
0.4393294971228422,0.5853353353353352,0.7379879879879879,0.5649650313061374,0.5701222596229311,0.9964595287510682
0.6604953715286467,0.6579079079079078,0.6098598598598598,0.5064408671538448,0.0817360517641314,0.6024905383958002
0.6264698523892921,0.5052552552552552,0.8616116116116115,0.3734272808134363,1.0,0.1944817482602857
0.2694520890668002,0.6729229229229228,0.792042042042042,0.3973420304515409,0.4026073913877601,0.0267523588607705
0.6980235176382288,0.6073573573573573,0.6101101101101101,0.6221759073547622,0.3064181941852556,0.6485009679613514
0.5203902927195397,0.5275275275275274,0.7525025025025025,0.5018312782322061,0.4952386765962642,0.4997261803024225
0.709031773830373,0.5963463463463462,0.5730730730730731,0.5365645220363814,0.005661265849277,0.6457244013464255
0.6202151613710284,0.4862362362362361,0.746996996996997,0.5004116015836196,0.4965519646999319,0.8926870955927237
0.6497373029772331,0.4932432432432431,0.7595095095095095,0.5068524687374645,0.4753684357395747,0.5128346442960043
0.5206404803602703,0.5277777777777777,0.7527527527527527,0.5018155815616443,0.4951462406474005,0.4997558295690392
0.0582937202902177,0.341091091091091,1.0,0.2801698728569685,1.0,0.0284912011441129
0.5203902927195397,0.5275275275275274,0.7522522522522521,0.5018312782322061,0.4952386765962642,0.4997558295690392
0.4175631723792846,0.4884884884884884,0.9084084084084084,0.5456755672602334,1.0,0.0042415892006906
0.5496622466850138,0.6076076076076075,0.6363863863863863,0.5145734865793467,0.0,0.8764654586043916
0.383037277958469,0.5295295295295295,0.5948448448448448,0.6663724994331758,0.1893088232729302,0.6408863386643877
0.6614961220915688,0.5863363363363362,0.545045045045045,0.5162373336588939,0.0418438355686555,0.6402759125869857
0.9552164123092322,0.1821821821821821,0.7157157157157157,0.5250274691734831,0.5457366098679736,0.7154507560562987
0.9309482111583688,0.7882882882882882,1.0,1.0,1.0,0.0
0.5206404803602703,0.5275275275275274,0.7530030030030029,0.5019080175105081,0.4952090273296475,0.499618047682997
0.5201401050788093,0.5277777777777777,0.7527527527527527,0.5019219701065629,0.4952229799257024,0.4997558295690392
0.4888666499874907,0.4729729729729729,0.8023023023023023,0.257538762055915,1.0,0.1675305649057328
0.6720040030022518,0.5167667667667667,0.7587587587587588,0.4923853707030364,0.4931632279330973,1.0
0.3740305228921692,0.6966966966966965,0.7079579579579579,0.5160838551022899,0.4716605333379842,0.9899576189894832
0.5201401050788093,0.5275275275275274,0.7522522522522521,0.5018469749027679,0.4952386765962642,0.4997104836318607
0.0,0.8958958958958958,0.0,0.9553325078047334,0.7807349529971921,0.3739627116870432
0.5193895421566176,0.5292792792792792,0.7585085085085085,0.5020301027259885,0.4947346390637808,0.4998779147845196
0.57067800850638,0.4939939939939939,0.5302802802802803,0.3434257111463802,0.0,0.8259221793955038
0.5203902927195397,0.5275275275275274,0.7517517517517517,0.5018469749027679,0.4952683258628809,0.499694786961299
0.4821115836877659,0.5365365365365364,0.9474474474474474,0.0,0.3084029509740656,0.5336955194725919
1.0000000000000002,1.0,0.9749749749749748,1.0,0.0,0.0410816750091564
0.0,1.0,0.0015015015015015,1.0,0.0,0.6753300661004238
0.0640480360270203,0.6916916916916915,0.815065065065065,0.4808326211695763,0.5049897971641348,0.7803390480841341
0.1628721541155867,0.9019019019019018,0.0,0.7974309782513909,0.0025637895250885,0.3143694298620437
0.5206404803602703,0.5272772772772771,0.7527527527527527,0.5018469749027679,0.495177633988524,0.4997854788356559
0.8581436077057796,0.6751751751751751,0.7394894894894894,0.5331147426618065,0.5051886216579172,0.0
0.5203902927195397,0.528028028028028,0.7530030030030029,0.5018766241693845,0.4952090273296475,0.4996790902907372
0.6237177883412561,0.4019019019019018,0.7540040040040039,0.4963827894727662,0.48545616268727,1.0
0.5426569927445586,0.5375375375375374,0.7642642642642642,0.937919667928214,0.5627971466941067,0.4845719169122905
0.5198899174380787,0.5275275275275274,0.7525025025025025,0.5018766241693845,0.4952090273296475,0.4997558295690392
0.6409807355516639,0.6078578578578577,0.5638138138138138,0.7142909465092349,0.2132985681148299,0.5781502345780212
0.5326494871153367,0.4779779779779779,0.7835335335335334,0.1761532692676631,0.5404259029945759,0.5213492160385091
0.1863897923442583,0.8048048048048047,0.0,1.0,0.6365209201737099,0.4637406910023196
0.536902677007756,0.5550550550550549,0.7392392392392392,0.5115370528628983,0.518297085651499,0.4910720825993686
0.1763822867150363,1.0,0.2617617617617618,0.0,1.0,0.6819366203324206
0.5203902927195397,0.5277777777777777,0.7522522522522521,0.5018312782322061,0.4951933306590858,0.4997104836318607
0.612709532149112,0.9446946946946946,1.0,0.0001674311526588,0.324990843608839,1.0
0.6805103827870904,0.5760760760760759,0.7479979979979979,0.5001988244937824,0.4708059368296213,0.0
0.5581686264698525,0.4379379379379378,0.7277277277277276,0.492340024765858,0.5226468074716152,0.4232990913371819
0.620465349011759,0.5087587587587586,0.7587587587587588,0.532077018330223,0.5684130666062054,1.0
0.0047535651738804,1.0,0.0,1.0,0.0,0.9861747213840976
0.508631473605204,0.4942442442442442,0.8088088088088088,1.0,0.6321118998203603,0.4864642377522368
0.5203902927195397,0.5275275275275274,0.7527527527527527,0.5018766241693845,0.4951462406474005,0.4998168721767794
0.2126594946209658,0.7369869869869868,0.0005005005005005,1.0,0.3095470638505677,0.320855642953067
0.542406805103828,0.4702202202202201,0.6536536536536536,0.3422659015993163,0.0,0.8200010464447041
0.5206404803602703,0.5275275275275274,0.7525025025025025,0.5018312782322061,0.4951933306590858,0.4997401328984774
0.9016762571928948,0.925175175175175,1.0,1.0,0.1525297800722047,0.0319863264558661
0.4453340005003754,0.7920420420420419,0.6208708708708708,1.0,0.5746847585328845,0.4591311020806808
0.5206404803602703,0.5275275275275274,0.7522522522522521,0.5018469749027679,0.495177633988524,0.4996790902907372
0.3047285464098074,0.4564564564564564,0.6076076076076076,0.7107190819191795,0.1445942410659783,0.6965728935940143
0.4148111083312485,0.5355355355355355,0.4624624624624625,1.0,0.0,0.2338699269232781
0.5206404803602703,0.5277777777777777,0.7522522522522521,0.5018155815616443,0.4952229799257024,0.4997558295690392
0.5203902927195397,0.5275275275275274,0.7522522522522521,0.5018312782322061,0.4952386765962642,0.4997854788356559
0.9342006504878662,1.0,0.1811811811811812,1.0,0.0,0.0
0.6659994996247187,0.5117617617617617,0.6576576576576576,0.4741789769258943,0.9684566684688768,0.5543436175593421
0.4053039779834877,0.5282782782782782,0.7197197197197197,0.6970612344559359,0.1199487242094982,0.6275023108987215
1.0000000000000002,0.7424924924924924,0.0905905905905906,0.7205312450947905,0.709161623384551,0.5051729249873554
1.0000000000000002,0.872122122122122,0.0,0.0,0.9994052705931598,0.2027678462423914
0.5206404803602703,0.5277777777777777,0.7530030030030029,0.5018016289655894,0.4951165913807838,0.4998011755062176
0.4811108331248437,0.7847847847847846,0.5688188188188188,0.0,0.2457418420914942,0.5117969199644209
0.4816112084063048,0.5267767767767767,0.3455955955955956,0.4770026335525054,0.6150496189197202,0.7628198196626961
0.5203902927195397,0.5275275275275274,0.7522522522522521,0.5017702356244659,0.4952683258628809,0.4997558295690392
0.6079559669752316,0.562062062062062,0.4559559559559559,0.3288365278964718,0.1511868427019202,0.6176134084448088
0.1265949462096572,0.5518018018018017,0.0,0.6741842091494148,0.6262814587439176,0.0
0.6194645984488367,0.4814814814814814,0.7379879879879879,0.5010063309904599,0.4842963531402061,0.1801524321118998
0.9794846134600952,0.2487487487487487,0.2877877877877878,0.3986692711512636,0.1870502467865427,0.1774962066379476
0.5559169377032775,0.4947447447447446,0.7815315315315314,1.0,0.6542389730889304,0.5535797129253361
0.4428321240930699,0.5075075075075074,0.7224724724724725,0.371383225491393,1.0,0.3250675828871409
0.5203902927195397,0.5275275275275274,0.7525025025025025,0.5018016289655894,0.4951462406474005,0.4997401328984774
0.6917688266199651,0.588088088088088,0.5790790790790791,0.6050543279208888,0.5736173849346844,0.6447930655597607
0.4871153365023769,0.7337337337337336,0.5528028028028028,1.0,0.7198301271430315,0.548924778066519
0.5394045534150614,0.7252252252252251,0.5287787787787788,0.0146048799204702,0.4399497706542024,0.4585224200777857
0.4455841881411059,0.6268768768768768,0.848098098098098,0.0079669323473498,0.4992221427699391,0.3513612501526065
0.6937703277458095,0.5715715715715715,0.5730730730730731,0.5777682822610182,0.3637372028533059,0.7531593909691822
0.0,0.6178678678678677,0.9792292292292292,0.4581090744196592,0.4288243193749237,1.0
0.3747810858143608,0.4847347347347346,0.6864364364364364,0.5832464202870746,0.3320874827772643,0.6760311840521827
0.5203902927195397,0.5275275275275274,0.7527527527527527,0.5018469749027679,0.495177633988524,0.4996790902907372
0.0,1.0,0.1321321321321321,1.0,0.0732214800216265,0.9881734307689624
0.5203902927195397,0.5277777777777777,0.7525025025025025,0.5018609274988227,0.4952090273296475,0.4996494410241205
0.0110082561921441,0.5753253253253252,0.8716216216216215,0.0,0.0,0.4272215149031166
0.5206404803602703,0.5277777777777777,0.752002002002002,0.5018016289655894,0.4952683258628809,0.4996790902907372
0.2561921441080811,0.5735735735735734,0.7597597597597596,0.5401206899558749,0.7054851143240839,0.3560004883408619
0.5554165624218165,0.5895895895895895,0.2772772772772772,1.0,0.000305213038701,0.0
0.4738553915436578,0.7337337337337336,0.5455455455455456,0.0001831278232206,0.4223538029544622,0.5471702391126149
0.3677758318739055,0.392142142142142,0.7640140140140139,0.5444233217643057,0.537434815215306,0.5266756195824686
0.479859894921191,0.7800300300300299,0.5480480480480481,0.0,0.3256937056351047,0.6238554511048712
0.4258193645233926,0.7590090090090089,0.7004504504504504,1.0,0.592251076966008,0.5245077349704379
0.3657743307480611,0.6493993993993993,0.7487487487487487,0.4781467464290074,0.4445122695641558,1.0
0.4178133600200151,0.5482982982982982,0.7002002002002001,0.5950747335926191,0.3728482480771579,0.6140572405253153
0.4973730297723294,0.4822322322322321,0.7329829829829829,0.9651132776392208,0.4505711844009976,0.503753248338769
0.3375031273455092,0.512012012012012,0.7535035035035034,0.5580218706943161,0.3976158501491184,0.49096569405445
0.487615711783838,0.5282782782782782,0.7730230230230231,0.5631790990111097,0.869689729145229,0.1973350541535135
0.4410808106079561,0.4702202202202201,0.8128128128128127,0.33080558801472,1.0,0.1904215428083088
0.5201401050788093,0.5275275275275274,0.7525025025025025,0.5018766241693845,0.4951462406474005,0.4997401328984774
0.3832874655991995,0.5090090090090089,0.8445945945945945,0.5573190086680503,1.0,0.3596926940718907
0.7790843132349263,0.518018018018018,0.7662662662662663,0.4619861520484155,0.4736609867973559,1.0
0.7573179884913688,0.812062062062062,0.8088088088088088,0.5149100929591712,0.5269511833545529,1.0
0.555166374781086,1.0,1.0,0.309135462266948,0.6075727715087988,0.9037358075937004
0.5168876657493121,0.4481981981981981,0.7472472472472472,0.5976995657254478,0.4552243751853079,0.4989622756684165
0.4608456342256694,0.8648648648648647,0.5330330330330331,1.0,1.0,0.0
0.5201401050788093,0.5275275275275274,0.752002002002002,0.5018155815616443,0.4952997192040044,0.4996790902907372
0.3410057543157369,0.5683183183183182,0.7372372372372371,0.4501892320839946,0.3969757748050997,0.1135688996633936
0.5201401050788093,0.5275275275275274,0.7522522522522521,0.5018609274988227,0.4952090273296475,0.4997104836318607
0.5206404803602703,0.5275275275275274,0.7525025025025025,0.5018312782322061,0.4951462406474005,0.4997104836318607
0.7277958468851641,0.5245245245245245,0.7510010010010009,0.5094459075291696,0.5077524111830057,0.916478015940841
0.5491618714035528,0.6048548548548548,0.0,0.8122172419205749,0.3400980169872857,0.3912831156146991
0.1506129597197899,0.8048048048048047,0.0,0.0061949526483772,0.9247955072640704,0.8415630395730506
0.5203902927195397,0.5277777777777777,0.7522522522522521,0.5018469749027679,0.4951933306590858,0.499694786961299
0.5203902927195397,0.5275275275275274,0.7517517517517517,0.5018155815616443,0.4951933306590858,0.4997261803024225
0.5201401050788093,0.5275275275275274,0.7525025025025025,0.5018766241693845,0.4952386765962642,0.4997401328984774
0.6735051288466352,0.4079079079079078,0.7337337337337337,0.5003209097092628,0.5096761253640756,0.9116713465999268
0.2994746059544659,0.7515015015015014,0.7167167167167167,0.661853602385894,0.6811134171651813,1.0
0.3329997498123593,0.3596096096096095,1.0,0.4516246054031428,0.7561033887367669,0.4228578404869456
0.5201401050788093,0.7119619619619618,0.7887887887887888,1.0,0.9026684339955002,0.3430141095627605
0.4175631723792846,0.6203703703703702,0.7264764764764764,0.0,0.4422536930777683,0.4432303748016115
0.5206404803602703,0.5275275275275274,0.7527527527527527,0.5017545389539041,0.4951933306590858,0.4997261803024225
0.4053039779834877,0.616116116116116,0.7387387387387387,0.5662015801315032,0.5187697298428589,0.9910720825993686
0.5203902927195397,0.5275275275275274,0.7522522522522521,0.5018469749027679,0.4952229799257024,0.4997715262396009
0.2937202902176633,0.5275275275275274,0.8273273273273272,0.5960967612536408,0.786244484364372,0.3095924097877461
0.5131348511383539,0.7159659659659658,0.77002002002002,1.0,0.6256099900587753,0.425130369569388
0.4075556667500626,0.5087587587587586,0.8323323323323323,0.5229206271691926,1.0,0.1285260826342502
0.7668251188391295,0.5427927927927927,0.5485485485485485,0.512635819802222,0.9582468563057014,0.4625808814552558
0.4671003252439331,0.4444444444444443,0.7087087087087086,0.5052200149990408,0.0,1.0
0.5701776332249189,0.5117617617617617,0.58008008008008,0.4690357012051555,0.0,0.6719413293335892
0.3915436577433075,0.6016016016016015,0.741991991991992,0.4498072797669916,0.4644575056246403,0.0530146327851125
0.3377533149862398,0.5645645645645645,0.8478478478478477,0.3351082198231508,0.9247658579974536,0.3568550848492248
0.4003002251688767,0.528028028028028,0.8218218218218217,0.6415578073495299,0.0866805029910877,0.6172471527983675
0.5203902927195397,0.5275275275275274,0.7525025025025025,0.5017859322950277,0.4952229799257024,0.4997104836318607
0.5203902927195397,0.5277777777777777,0.7525025025025025,0.5019219701065629,0.4951322880513455,0.4997261803024225
0.3852889667250438,0.5385385385385384,0.01001001001001,0.9996023510124352,0.3705896715907704,0.6037270872211661
0.0,0.5212712712712712,0.0,0.6722918883094686,1.0,1.0
0.2431823867900926,0.5998498498498498,0.8018018018018018,0.5668713047421385,0.5255611559725831,0.4969164762718663
0.8438829121841382,1.0,1.0,0.0,1.0,0.8786019498752986
0.0,1.0,0.0,1.0,0.0469103720110923,0.9728813854927882
0.0120090067550663,0.7082082082082081,0.5555555555555556,0.2059577585154438,0.4213474719640023,1.0
0.5206404803602703,0.5277777777777777,0.7522522522522521,0.5018609274988227,0.4951322880513455,0.4998325688473412
0.5293970477858395,0.6644144144144143,0.4036536536536536,0.0016324537384236,0.0863299440152083,0.6991366831191028
0.8814110582937205,0.6844344344344343,0.0,0.8710466191115684,0.180900640075344,0.518145351169402
0.5379034275706781,0.5490490490490489,0.8035535535535534,0.0871531471824476,0.3967159077035771,0.4721645708704676
0.4573430072554417,0.6906906906906906,0.4602102102102102,0.3730610251669951,0.466777124718768,0.5103162007080942
0.510883162371779,0.6814314314314314,0.7197197197197197,1.0,0.6739557353890158,0.4258646249367773
0.4520890668001002,0.1579079079079078,0.4481981981981981,0.1952596054903465,0.301489439628861,0.4504787484521338
0.4758568926695022,0.6659159159159158,0.6348848848848848,0.9999546540628216,0.5512757905017702,0.5107888448994541
0.5101325994495873,0.7782782782782782,0.6691691691691691,0.0,0.3846748173081954,0.5112318398241973
0.5208906680010009,0.5275275275275274,0.7527527527527527,0.5018609274988227,0.4951462406474005,0.4997558295690392
0.0,0.7827827827827827,0.1651651651651652,0.0,0.0657428885361982,0.2963775572492457
0.5208906680010009,0.5275275275275274,0.7530030030030029,0.5017859322950277,0.4951165913807838,0.4997261803024225
0.5701776332249189,0.577077077077077,0.7640140140140139,0.5129567295114847,0.5395556098156513,1.0
0.5201401050788093,0.5277777777777777,0.7525025025025025,0.5018312782322061,0.4954514536861015,0.4997558295690392
0.0612959719789842,0.903153153153153,0.0,1.0,0.7250327013970037,0.1255489474510351
0.0,0.4917417417417417,0.3768768768768769,1.0,1.0,0.6484259727575562
0.5203902927195397,0.5277777777777777,0.7522522522522521,0.5018155815616443,0.4952090273296475,0.4997261803024225
1.0000000000000002,0.7232232232232231,0.5182682682682682,1.0,0.6918569161274569,0.0
0.5381536152114087,0.5585585585585585,0.4059059059059059,0.3730767218375569,0.5716640214869979,0.5196103737551668
0.6384788591443584,0.6996996996996996,0.7672672672672671,0.4655109266267855,0.4964891780176849,1.0
0.3642732049036778,0.6406406406406405,0.7822822822822822,0.5122852608263425,0.4733243804175314,0.0
0.4550913184888668,0.5302802802802802,0.7687687687687688,0.4794286411915517,1.0,0.3603502101609781
0.6612459344508383,0.5763263263263262,0.5825825825825826,0.5728691769712402,0.7327101173762143,0.5436001185970665
0.4293219914936203,0.5467967967967967,0.7745245245245245,0.6817552365837068,0.0772799413990966,0.6578265343495474
0.688516387290468,0.5685685685685685,0.611111111111111,0.5144060554266878,0.1528506897814674,0.7336257564923173
0.5203902927195397,0.5275275275275274,0.7525025025025025,0.5018469749027679,0.4952386765962642,0.499694786961299
0.730047535651739,0.5893393393393392,0.5317817817817818,0.5117515740272425,0.4493660289167553,0.6460453110556883
0.3890417813360021,0.4994994994994994,0.6729229229229229,0.6211381830231787,0.3670648970124003,0.658634040846225
0.6782586940205155,0.6001001001001001,0.6651651651651651,0.6058635784920732,0.2168390393637616,0.6636395346809215
0.4640980735551665,0.7264764764764764,0.4817317317317317,0.0,0.2178610670247833,0.5184802134747196
0.5334000500375283,0.5272772772772771,0.8255755755755756,0.2719605141531646,1.0,0.1419851056037114
0.5203902927195397,0.5275275275275274,0.7522522522522521,0.5018155815616443,0.4951933306590858,0.4997104836318607
0.5043782837127847,0.7157157157157156,0.6646646646646646,1.0,0.5809581945340705,0.5480858782287179
1.0000000000000002,1.0,0.0,0.0,1.0,0.4836405811256257
0.6892669502126596,0.4334334334334333,0.7575075075075075,0.4872124457156809,0.489973315660045,1.0
0.2034025519139355,0.5913413413413412,0.7347347347347346,0.5017859322950277,0.4784519594677084,0.3938015592026092
0.3710282712034026,0.6118618618618618,0.7712712712712713,0.4830301550482236,0.4867694507909378,0.1113260198475679
0.435576682511884,0.7019519519519518,0.6981981981981982,1.0,0.7617053560528106,0.5475207980884943
0.5173880410307732,0.7057057057057056,0.627127127127127,0.0,0.4116103039921865,0.458735197167623
0.4435826870152616,0.7827827827827827,0.1403903903903904,1.0,0.7807192563266303,0.3463714529884717
0.555166374781086,0.847097097097097,0.7172172172172171,0.5804227636604635,0.505814744405881,1.0
0.5804353264948713,0.5793293293293292,0.8593593593593594,0.3790135514589183,1.0,0.0586619460383347
0.391293470102577,0.627127127127127,0.7452452452452452,0.491804593892251,0.5890001220852155,1.0
0.4283212409306981,0.502002002002002,0.7482482482482482,0.6549104417740725,0.0,0.6871566353314613
0.2994746059544659,0.6396396396396395,0.0,0.4578962973298219,0.6120445785443954,0.5848945706960601
0.7955966975231425,0.5785785785785784,0.7304804804804804,0.4781624430995692,0.4881420374278389,1.0
0.5208906680010009,0.528028028028028,0.7527527527527527,0.5018766241693845,0.4952229799257024,0.4997401328984774
0.4746059544658495,0.7272272272272271,0.6223723723723723,1.0,0.5822697385632314,0.6027800547639395
0.6334751063297475,0.4752252252252251,0.7387387387387387,0.5012505014214207,0.5246769101976037,0.6956119085407328
0.5198899174380787,0.528028028028028,0.7517517517517517,0.5018609274988227,0.4950258995064269,0.4997715262396009
1.0000000000000002,0.8526026026026025,0.0,0.8958909604618309,0.51255908052392,0.59638627762178
1.0000000000000002,0.6033533533533533,0.4324324324324324,1.0,0.0,0.0160542058356732
0.8553915436577435,0.4046546546546545,0.7217217217217217,0.4943387341507229,0.4702269040933429,0.126389591363343
0.0,1.0,0.2267267267267267,0.0,0.0,0.0060728674328968
0.5176382286715038,0.688188188188188,0.7152152152152151,0.0,0.3965781258175349,0.4702426007639046
0.3347510632974732,0.5357857857857857,0.6744244244244244,0.596768229938783,0.6304480527408131,0.5785914854282574
0.7297973480110085,0.4451951951951951,0.76001001001001,0.4812145734865793,0.5473237176692188,1.0
0.5303977983487617,0.7177177177177176,0.556056056056056,0.0,0.3222282295899681,0.4850899070408287
0.4343257443082313,0.5753253253253252,0.7652652652652652,0.5233025794861956,0.4970699548284703,1.0
1.0000000000000002,0.5335335335335334,1.0,0.5362279156565568,0.9985506740847968,0.2182883652789647
0.6887665749311985,1.0,1.0,0.3248530617227968,0.969691473219736,0.4645656382440657
0.5434075556667501,0.577077077077077,0.76001001001001,0.5456598705896716,0.548924778066519,0.498625669288592
0.7943457593194898,0.3493493493493492,0.1916916916916917,0.0808971519263303,0.4006679805361285,0.1268011929469627
0.732299224418314,0.6696696696696696,0.7347347347347346,0.5253326822121841,0.5211050456075483,1.0
1.0000000000000002,0.6579079079079078,0.0,0.9491358110818494,0.2919057502136492,0.5443779758271273
0.5116337252939707,0.5282782782782782,0.7590090090090089,0.8222753196016533,0.4917435512845108,0.4949491602281249
0.5198899174380787,0.528028028028028,0.7530030030030029,0.5019219701065629,0.4952090273296475,0.4997401328984774
0.3472604453340006,0.5410410410410409,0.8856356356356356,0.5660184523082826,0.4885693356820203,0.494108516315817
0.5206404803602703,0.5275275275275274,0.7525025025025025,0.5018469749027679,0.495254373266826,0.4997104836318607
0.1738804103077308,0.599099099099099,0.5497997997997998,0.6145159321206202,0.5754486631668905,0.5846050543279209
0.5836877658243684,0.4792292292292291,0.7785285285285285,0.4293283569074071,0.7398050124701328,0.4802832376999145
0.4758568926695022,0.7359859859859859,0.4987487487487487,0.9282906325758236,0.6054816261750702,0.5575021364912709
0.6057042782086566,0.5850850850850849,0.7384884884884884,0.5162530303294557,0.536519176099203,1.0
0.3360020015011259,0.5625625625625624,0.8095595595595595,0.4570870467586375,0.998625669288592,0.3063275023108987
0.5093820365273957,0.8215715715715715,0.4064064064064064,1.0,0.0,0.2263302928301097
0.5048786589942458,0.5142642642642642,0.8098098098098098,0.3206882118004081,0.5088197847812058,0.4725011772502921
0.5206404803602703,0.5277777777777777,0.7527527527527527,0.5018469749027679,0.4951462406474005,0.4996651376946823
0.6037027770828123,0.9366866866866864,0.7577577577577577,0.5161919877217155,0.4557737586549697,1.0
0.5201401050788093,0.5275275275275274,0.752002002002002,0.5017859322950277,0.4952386765962642,0.4996494410241205
0.7430572929697274,0.5190190190190189,0.7542542542542542,0.5084081831975862,0.4892111551005459,0.245604060205452
0.6122091568676509,0.5745745745745745,0.8248248248248247,0.3725430350384568,1.0,0.2405846137747004
0.4706029522141607,0.6704204204204203,0.7094594594594594,1.0,0.7201649894483493,0.4743621047491149
0.5201401050788093,0.5275275275275274,0.752002002002002,0.5018016289655894,0.495177633988524,0.4997261803024225
0.3637728296222168,0.5040040040040039,0.8188188188188188,0.3347123149100929,1.0,0.342053124509479
0.1138353765323993,0.7882882882882882,0.7835335335335334,0.4592235380295446,0.4846329595200307,0.6552017022167187
0.7047785839379537,0.8893893893893892,0.7152152152152151,0.0,0.3356576032928127,1.0
0.5201401050788093,0.5277777777777777,0.752002002002002,0.5017859322950277,0.495254373266826,0.499694786961299
0.912684513385039,0.9316816816816816,0.9181681681681682,0.0,0.7565777770026336,1.0
0.0,0.961211211211211,0.6106106106106106,0.0,0.0314072937195876,0.051519960932731
0.4435826870152616,0.7945445445445444,0.4894894894894894,0.0,0.408664562150095,0.4303957305056072
0.5203902927195397,0.5275275275275274,0.7530030030030029,0.5018923208399463,0.4951322880513455,0.4997558295690392
0.5203902927195397,0.5275275275275274,0.7522522522522521,0.5019219701065629,0.4952229799257024,0.4998011755062176
0.3274956217162873,0.5440440440440439,0.7992992992992993,0.5918080820412648,0.4881734307689624,0.5049148019603398
0.0828121090818114,0.8611111111111109,0.0,1.0,0.2479236792995797,1.0
0.2446835126344759,0.6801801801801801,0.7034534534534533,0.6029335333205434,0.6790536651725761,1.0
0.5206404803602703,0.5275275275275274,0.7525025025025025,0.5018469749027679,0.4952229799257024,0.4998325688473412
0.5203902927195397,0.5275275275275274,0.7525025025025025,0.5018469749027679,0.495254373266826,0.4997558295690392
0.482611958969227,0.7372372372372371,0.6821821821821821,1.0,0.6170797216457087,0.449395678183372
0.2256692519389543,0.5392892892892892,0.7817817817817817,0.5731290440727628,0.5122381708146572,0.7476184662608787
0.978483862897173,0.5142642642642642,0.8498498498498498,0.1861956502781799,0.4801908017510508,0.9625041421769538
0.3657743307480611,1.0,0.6656656656656657,0.0,0.4826482027312206,1.0
0.8213660245183889,0.7284784784784784,0.6886886886886887,0.7440186964787135,0.5393428327258141,0.0
0.954716037027771,0.4542042042042041,0.7464964964964964,0.4982751103127125,0.5290248879432129,0.0540837504578195
0.5281461095821868,0.6446446446446445,0.4924924924924925,1.0,0.8578160699025061,0.415790850585137
0.2434325744308232,0.8093093093093092,0.7304804804804804,0.4140066623646162,0.461025166995134,0.0
0.3855391543657744,0.5175175175175174,0.7224724724724725,0.588572823831034,0.1212759649092209,0.5934108865130718
0.5206404803602703,0.5277777777777777,0.7525025025025025,0.5018016289655894,0.4951462406474005,0.4997715262396009
0.5203902927195397,0.5275275275275274,0.7527527527527527,0.5017859322950277,0.4952090273296475,0.4997104836318607
0.558418814110583,0.8293293293293291,0.0,0.0,0.837687706018801,0.0
0.4871153365023769,0.5573073073073073,0.8083083083083082,0.1980379161797792,0.486830493398678,0.4201562690758149
0.4768576432324244,1.0,0.566066066066066,0.9148769555435408,1.0,0.0
0.1115836877658244,1.0,0.0,1.0,0.1910337129602177,1.0
0.5466599949962473,0.4944944944944944,0.7467467467467467,0.3165059211329508,0.4376754974972531,0.4659678741475835
0.5203902927195397,0.5272772772772771,0.7525025025025025,0.5018155815616443,0.4952090273296475,0.4997558295690392
0.9997498123592696,0.4597097097097096,0.7892892892892892,0.5660794949160228,0.5434623367110243,0.0
0.982486865148862,0.7432432432432431,0.0,0.101285382911558,0.7894797425746027,0.2092994052705931
0.4648486364773581,0.7580080080080078,0.5447947947947948,0.0291783664998169,0.4163716273959224,0.5497793745748818
0.5203902927195397,0.5277777777777777,0.7522522522522521,0.5018609274988227,0.495177633988524,0.4997558295690392
0.6164623467600702,0.5668168168168167,0.6168668668668669,0.4248408532012487,0.0,0.7532814761846626
0.5173880410307732,0.4627127127127126,0.7642642642642642,0.4848300399393062,0.477565969618222,0.9995883984163804
0.680760570427821,0.5675675675675674,0.5893393393393394,0.5441948480039067,0.1061373981896506,0.7282086610740011
0.1723792844633476,0.9977477477477475,0.7184684684684685,0.634278040357884,0.2906395521216666,1.0
0.1300975731798849,0.7915415415415414,0.0,0.9898215811779478,0.5329787048502712,1.0
0.4858643982987242,0.5240240240240239,0.7637637637637638,0.0,0.4393550412473621,0.4388039137031934
0.5854390793094822,0.8013013013013012,0.9724724724724724,0.0,1.0,0.9998779147845196
0.0,0.6766766766766765,0.507007007007007,0.0,0.0,0.1673020911453338
0.2714535901926446,0.5525525525525524,0.6756756756756757,0.4766049845649406,1.0,0.2224078692641749
0.4996247185389043,0.5117617617617617,0.8148148148148147,0.2944852364092994,0.6326612832900221,0.440589845998221
0.5201401050788093,0.5277777777777777,0.7525025025025025,0.5018016289655894,0.4951619373179622,0.4996790902907372
0.756567425569177,0.4692192192192191,0.7487487487487487,0.488738510909186,0.4587055479010063,0.126326804681096
0.4833625218914187,0.5728228228228227,0.8736236236236236,0.0,0.3381307009435443,0.3382824354256414
0.4073054791093321,0.5763263263263262,0.8348348348348348,0.6484852712907896,0.9751713553202992,0.3289429164413904
0.5203902927195397,0.5272772772772771,0.7525025025025025,0.5018312782322061,0.4952229799257024,0.4997854788356559
0.6582436827620717,0.5042542542542542,0.6864364364364364,0.4853811674834749,0.852170500723791,0.4782688316444878
0.5854390793094822,0.5332832832832832,0.7632632632632632,0.5124369953084396,0.5327345344193104,1.0
0.5206404803602703,0.5275275275275274,0.752002002002002,0.5018923208399463,0.4951462406474005,0.4997715262396009
0.6159619714786091,0.4982482482482481,0.8025525525525525,0.513397980361721,0.4523710692920801,0.0
1.0000000000000002,0.9396896896896896,0.0,0.354306991994698,0.2112981146554581,0.3473324380417532
0.4428321240930699,0.4742242242242241,1.0,1.0,0.0861921621291662,0.4214224671677974
0.5206404803602703,0.5275275275275274,0.7527527527527527,0.5018609274988227,0.4952386765962642,0.499694786961299
0.2641981486114587,0.7977977977977977,0.0,0.5302928301097023,0.4650225857648639,0.0
0.691268451338504,0.4727227227227226,0.7437437437437437,0.5079041456651028,0.472209916807646,0.6938713221828836
0.9517137853390044,0.3938938938938938,0.7695195195195195,0.5221881158763102,0.491881333170553,0.5839178889722169
0.32874655991994,0.6178678678678677,0.7735235235235235,0.3492247588816994,0.3310044125085023,0.0036311631232886
0.5203902927195397,0.5277777777777777,0.7530030030030029,0.5018766241693845,0.4951619373179622,0.4997854788356559
0.3812859644733551,0.5087587587587586,0.8015515515515514,0.4903709646476097,1.0,0.1956729511484731
0.5206404803602703,0.5277777777777777,0.7530030030030029,0.5018469749027679,0.4951619373179622,0.4997558295690392
0.5221416062046537,0.5087587587587586,0.7747747747747746,0.8242426356453947,0.5445454069797862,0.509111045223852
0.3710282712034026,0.5042542542542542,0.5603103103103103,0.6074349896227567,0.2901041212480597,0.6651202539372482
0.5201401050788093,0.5275275275275274,0.7525025025025025,0.5019376667771247,0.4952683258628809,0.499694786961299
0.5206404803602703,0.5275275275275274,0.7522522522522521,0.5018923208399463,0.4952090273296475,0.4997261803024225
0.3047285464098074,0.6979479479479478,0.6033533533533533,1.0,1.0,0.0
0.1118338754065549,0.6904404404404403,0.7462462462462462,0.4351117079721646,0.4759195632837434,0.4475033573434257
0.6142106579934953,0.2532532532532532,0.276026026026026,0.5546174372569196,1.0,0.7005703123637441
0.4813610207655743,0.4096596596596595,0.7039539539539539,0.0649039886983972,0.3639360273470883,0.5267820081273872
0.5206404803602703,0.528028028028028,0.7527527527527527,0.5018609274988227,0.495177633988524,0.4997261803024225
0.4978734050537904,0.377127127127127,0.785035035035035,0.2988192615588538,0.3238310340617751,0.4905226991297068
0.5206404803602703,0.7467467467467466,0.5593093093093093,0.0041962432635122,0.4810000523222352,0.4658928789437885
0.190392794595947,0.5723223223223222,0.7992992992992993,0.5422711338228369,0.5226921534087936,0.4116870432704885
0.5384038028521393,0.6398898898898898,0.6754254254254254,0.5986745033747841,0.6375900378464168,1.0
0.5899424568426321,0.4504504504504503,0.7897897897897898,0.0300626122747964,0.2912499781990686,0.4646720267889844
0.5203902927195397,0.5275275275275274,0.7522522522522521,0.5018609274988227,0.4951322880513455,0.4997558295690392
0.5461596197147862,0.5100100100100099,0.602102102102102,0.4038264994680572,0.0,0.7591712157943387
1.0000000000000002,1.0,0.0,0.9572405253152414,0.0,0.5694211416711722
0.373029772329247,0.622122122122122,0.8596096096096095,0.6445785443954166,0.8471336135479708,0.3009557528297609
0.0630472854640981,0.9056556556556556,0.3193193193193193,0.8780682630761987,1.0,1.0
0.4563422566925195,0.4634634634634634,0.6639139139139139,0.5092331304393324,0.0,0.7571568097389121
0.5206404803602703,0.5275275275275274,0.7527527527527527,0.5018312782322061,0.495177633988524,0.499694786961299
0.5203902927195397,0.5272772772772771,0.7522522522522521,0.5017545389539041,0.4952386765962642,0.4997715262396009
0.7840880660495373,0.3566066066066065,0.7637637637637638,0.4990843608838969,0.4989012330606763,0.2651690880234403
0.5206404803602703,0.5272772772772771,0.752002002002002,0.5018766241693845,0.4951462406474005,0.4997401328984774
0.0965724293219915,0.6253753753753752,0.6393893893893894,0.0,0.0,0.4064216823342693
0.7695771828871656,0.291041041041041,0.771021021021021,0.5188935591328462,0.4815965258035823,0.4372778485096883
0.0,0.912162162162162,0.0,0.6584509130230043,1.0,1.0
0.3842882161621217,0.5608108108108107,0.6669169169169169,0.5936236636029091,0.2654586043915796,0.7125050142142072
0.586690017513135,0.4291791791791791,0.7860360360360359,0.5176570103074803,0.4814430472469784,0.9989465789978548
0.6174630973229924,0.5145145145145145,0.792042042042042,0.5023039224235659,0.4759335158797984,0.1250606065891135
0.5201401050788093,0.5275275275275274,0.752002002002002,0.5019080175105081,0.4951322880513455,0.4997401328984774
0.5414060545409058,0.6486486486486486,0.7144644644644644,0.6429774839981164,0.6219631302649249,1.0
1.0000000000000002,0.9034034034034032,1.0,1.0,0.0,0.2948968379929191
0.5203902927195397,0.5272772772772771,0.7525025025025025,0.5018312782322061,0.4952090273296475,0.4996790902907372
0.2787090317738304,0.9819819819819818,0.4244244244244244,0.0,0.9517309939480616,0.3889634965205714
0.704028021015762,0.5650650650650649,0.5713213213213213,0.561546645272686,0.954905209550552,0.5342902488794321
0.696272204153115,0.623123123123123,0.5505505505505506,0.5162826795960723,0.389757050421194,0.6375446919092383
0.472104078058544,0.7132132132132131,0.5042542542542542,0.0008999424455413,0.3554964508083785,0.64706733871671
0.3197398048536403,0.568068068068068,0.8208208208208208,0.564842946090657,0.5350384568428763,0.4263983117358774
0.3485113835376533,0.5485485485485484,0.7575075075075075,0.7054397683869055,0.2464447041177599,0.5896715907703577
0.5201401050788093,0.5275275275275274,0.7522522522522521,0.5018609274988227,0.495177633988524,0.499694786961299
0.5098824118088567,0.5237737737737737,0.7580080080080079,0.0596229310916162,0.3313078814726965,0.4619390620367302
0.5223917938453841,0.5695695695695695,0.5212712712712713,0.0,1.0,0.3254024451924586
0.6187140355266452,0.518018018018018,0.5462962962962963,0.7071175680625076,0.9923539773619128,0.4419327833685055
0.4691018263697775,0.582082082082082,0.7464964964964964,0.5196871130334688,0.5289498927394178,1.0
0.5083812859644735,0.7685185185185184,0.7392392392392392,0.7300992378394404,0.5870171093709123,1.0
0.9897423067300476,0.404154154154154,0.72997997997998,0.5047316741371192,0.5033730400962729,0.0
0.5211408556417314,0.5277777777777777,0.7527527527527527,0.5018312782322061,0.4952386765962642,0.499694786961299
0.5331498623967977,0.7064564564564564,0.4787287287287287,0.0098121631756108,0.3682247065594642,0.4800844132061321
0.5028771578684015,0.4914914914914914,0.7982982982982982,0.4362558208486666,0.4848160873432513,0.5031288696653121
0.5203902927195397,0.5277777777777777,0.7525025025025025,0.5018312782322061,0.4952090273296475,0.499694786961299
0.5206404803602703,0.5277777777777777,0.7527527527527527,0.5018469749027679,0.4952386765962642,0.499694786961299
0.743307480610458,0.581081081081081,0.555055055055055,0.5159024713535763,0.6578718802867258,0.5457209131974118
0.0,1.0,0.8423423423423423,1.0,0.5795542145560458,0.0
0.5208906680010009,0.5272772772772771,0.7525025025025025,0.5018016289655894,0.4951933306590858,0.4997104836318607
0.78533900425319,0.5813313313313312,1.0,0.1035439593979454,0.2365714983344088,0.9989326264017998
0.4886164623467602,0.4724724724724723,0.8208208208208208,0.04822366011476,0.5272093063815686,0.4446640040462528
0.3560170127595697,0.6366366366366365,0.7625125125125125,0.4482044752951846,0.5081029701588852,0.1622669480440204
0.5198899174380787,0.7154654654654653,0.7262262262262262,1.0,0.6519960932731046,0.5112614890908139
0.5303977983487617,0.5007507507507507,0.7627627627627627,0.5501159809547064,0.5535500636587195,1.0
0.5208906680010009,0.5275275275275274,0.7530030030030029,0.5018312782322061,0.495100894710222,0.4997715262396009
0.5051288466349764,0.5202702702702702,0.6931931931931932,0.0913040445087814,0.4577131695066013,0.3335821546296458
0.0,0.6771771771771771,0.0668168168168168,1.0,1.0,0.9929033608315748
0.453840380285214,0.6849349349349348,0.7332332332332332,0.0,0.3185046305178157,0.4575910842911209
0.0,0.942192192192192,0.7740240240240239,1.0,1.0,1.0
0.5028771578684015,0.5823323323323323,0.7007007007007007,0.7901965571969234,0.5352372813366587,0.4943387341507229
0.505879409557168,0.5245245245245245,0.6509009009009008,0.0012051554842422,0.4678148490503514,0.4339518984251007
0.5203902927195397,0.5275275275275274,0.752002002002002,0.5018923208399463,0.4951619373179622,0.4997401328984774
0.3870402802101577,0.4887387387387386,0.6826826826826826,0.6709646476097458,0.119505729284755,0.5612100388928615
0.5206404803602703,0.5275275275275274,0.7522522522522521,0.5018469749027679,0.4951462406474005,0.4997401328984774
0.3029772329246936,0.7610110110110109,0.78003003003003,0.4140363116312329,0.4728517362261716,0.0
0.6787590693019766,0.6226226226226225,0.5883383383383383,0.5905418839492823,0.4982594136421508,0.6013010795821198
0.5461596197147862,0.4384384384384384,0.7960460460460459,0.6371470429216736,0.3500793553900623,0.4066205068280517
0.5203902927195397,0.5275275275275274,0.752002002002002,0.5018155815616443,0.4952386765962642,0.499694786961299
0.0,1.0,0.3385885885885886,0.0,0.9310671991907494,0.5156879501892321
0.5203902927195397,0.5275275275275274,0.7525025025025025,0.5018766241693845,0.4951462406474005,0.4997104836318607
0.5071303477608208,0.4624624624624623,0.7627627627627627,0.2399584910267366,1.0,0.3123096778694386
0.5749311983987992,0.5528028028028027,0.8506006006006005,0.6026126236112807,0.0249053839580027,0.616057693984687
0.5203902927195397,0.5277777777777777,0.7522522522522521,0.5019219701065629,0.4951462406474005,0.499694786961299
0.485364023017263,0.7394894894894893,0.5122622622622622,1.0,0.723095034619879,0.5420880059996163
0.5201401050788093,0.5277777777777777,0.7527527527527527,0.5018766241693845,0.495177633988524,0.4997715262396009
0.495371528646485,0.4664664664664664,0.6393893893893894,0.4980623332228753,0.0,0.8076250937440048
0.5203902927195397,0.5275275275275274,0.752002002002002,0.5018609274988227,0.4952840225334426,0.4997104836318607
0.432824618463848,0.5210210210210209,0.8358358358358358,0.3267000366255647,1.0,0.0718471493102185
0.3252439329497124,0.602102102102102,0.7482482482482482,0.5913197411793432,0.8461726284946893,0.5094459075291696
0.4228171128346261,0.5698198198198198,0.809059059059059,0.573953991314509,0.9596351396131644,0.3220921917784327
0.2246685013760321,0.4809809809809809,0.6193693693693694,0.6290737220294051,0.0,0.7105969967036991
0.4948711533650239,0.683183183183183,0.4229229229229229,1.0,0.6963740691002319,0.5604164849922388
0.5201401050788093,0.5275275275275274,0.752002002002002,0.5018923208399463,0.4952229799257024,0.4997261803024225
0.479859894921191,0.7792792792792791,0.5077577577577578,0.9390341315380992,0.5847428362139631,0.6760468807227444
0.7385539154365776,0.4699699699699698,0.7725225225225225,0.5541744423321764,0.4662137886530512,0.9705321171320438
0.6059544658493872,0.4792292292292291,0.8518518518518519,0.2653975617838394,0.5209829603920679,0.6033608315747249
0.1488616462346761,0.7857857857857857,0.7454954954954954,0.6418787170587927,0.5012051554842423,1.0
0.5266449837378034,0.6851851851851851,0.4379379379379379,0.5642482166838168,0.5118126166349827,0.5187400805762422
0.505379034275707,0.5285285285285284,0.6408908908908908,0.0,0.4535762247763224,0.4940335211120219
0.5206404803602703,0.5275275275275274,0.7522522522522521,0.5018155815616443,0.495177633988524,0.4997401328984774
0.4908681511133351,0.6526526526526526,0.3991491491491491,0.4593613199155868,0.5021818372080855,0.6785182342989693
0.5181386039529648,0.849099099099099,0.6193693693693694,1.0,0.7986204370650714,0.3968083436524408
0.5934450838128598,0.7454954954954953,0.7479979979979979,0.5044718070355966,0.5629349285801489,1.0
0.1413560170127596,0.7259759759759759,0.0,1.0,0.1064740045694752,0.6821807907633815
0.5201401050788093,0.5275275275275274,0.7522522522522521,0.5018312782322061,0.4952229799257024,0.4997854788356559
0.519139354515887,0.4927427427427426,0.7697697697697696,0.4927516263494776,0.5175488776880548,0.4979245513368331
1.0000000000000002,1.0,0.0,1.0,0.0,0.9992988820482412
0.4608456342256694,0.6699199199199198,0.7427427427427427,0.0,0.439979419920819,0.5373423792664422
0.6870152614460847,0.6206206206206205,0.5623123123123123,0.4710815006017057,0.0,0.8650801402235904
0.5203902927195397,0.5277777777777777,0.7522522522522521,0.5018469749027679,0.4952386765962642,0.4996651376946823
0.5206404803602703,0.5275275275275274,0.7530030030030029,0.5018766241693845,0.4951462406474005,0.499694786961299
0.5203902927195397,0.5275275275275274,0.7522522522522521,0.5018016289655894,0.4952229799257024,0.4997104836318607
0.5206404803602703,0.5272772772772771,0.7525025025025025,0.5018469749027679,0.4951322880513455,0.4996790902907372
0.2957217913435077,1.0,0.6629129129129129,0.0,1.0,1.0
0.2834625969477109,0.5032532532532532,0.6751751751751751,0.454751730993948,1.0,0.3332158989832046
0.3722792094070554,0.4894894894894894,0.6574074074074073,0.6426251809477301,0.2736383138287668,0.6615501334216998
0.3845384038028522,0.597097097097097,0.7432432432432432,0.4187522890977903,0.4680590194813122,0.1998221044003
0.3582687015261447,0.5660660660660659,0.77002002002002,0.6700804018347664,0.5966618413938644,0.436377906064147
0.9987490617963476,0.3523523523523523,0.7595095095095095,0.5021818372080855,0.5545720913197412,0.0
0.4943707780835628,0.4929929929929929,0.7342342342342342,0.558874723128172,0.0,0.714671154751731
0.5834375781836378,0.4584584584584584,0.6584084084084083,0.3543523379318765,0.0,0.8277534576277099
1.0000000000000002,0.9854854854854852,0.0,1.0,0.0041195039852103,0.7974902767846243
0.495371528646485,0.7242242242242241,0.5212712712712713,0.0,0.2513438094075378,0.606336222683433
0.5113835376532401,0.7635135135135134,0.5092592592592592,0.0,0.3688351326368662,0.4763468615379249
0.9782336752564426,0.7404904904904903,1.0,0.4240333467045712,0.523501403979978,0.6815860613565412
0.4896172129096824,0.6761761761761761,0.6644144144144144,0.0,0.3372447110940579,0.4393550412473621
0.5206404803602703,0.5275275275275274,0.7525025025025025,0.5019219701065629,0.4951933306590858,0.4997261803024225
0.7302977232924696,0.3228228228228227,1.0,0.8664387742644366,1.0,0.0981251199051223
0.393545158869152,0.5673173173173173,0.6909409409409408,0.7142281598269877,0.1528663864520292,0.6448541081675009
0.5206404803602703,0.5275275275275274,0.7525025025025025,0.5018155815616443,0.4952229799257024,0.4997261803024225
0.5201401050788093,0.5275275275275274,0.7522522522522521,0.5017859322950277,0.4952229799257024,0.4997401328984774
0.3687765824368277,0.6579079079079078,0.7247247247247247,0.6779705949038143,0.5538552766974205,1.0
0.5203902927195397,0.5275275275275274,0.7525025025025025,0.5018469749027679,0.4951933306590858,0.4997401328984774
0.6222166624968728,0.597097097097097,0.7680180180180181,0.495788060065926,0.4680904128224358,0.0
0.6865148861646236,0.8068068068068067,0.0,1.0,0.6881943596630448,0.4464202870746638
0.1956467350512885,0.5352852852852852,0.5497997997997998,0.5930446308666306,0.4819017388422833,0.4866927115126358
0.5203902927195397,0.5277777777777777,0.7530030030030029,0.5018609274988227,0.4952229799257024,0.4996651376946823
1.0000000000000002,0.7637637637637636,0.0,0.3701623733365889,0.2360831574724872,0.4716308840713675
0.5288966725043784,0.5533033033033032,0.80005005005005,0.4469225805326403,0.4015539703856149,0.4583985907877984
0.1055791843882913,0.7860360360360359,0.0,0.0271796571149519,0.2479550726407032,0.0
0.0,0.8513513513513512,0.0915915915915916,0.9116870432704884,0.5570905349076513,0.013397980361721
0.3892919689767327,0.5112612612612611,0.6288788788788788,0.639025411165565,0.1230165512670701,0.735945375586445
0.9867400550412811,0.7349849849849849,0.0,0.0124683886495631,0.9308230287597884,0.0
0.5959469602201652,0.6106106106106105,0.7897897897897898,0.6272738371383225,0.6127160472295377,0.0
0.5206404803602703,0.5277777777777777,0.7525025025025025,0.5018766241693845,0.4951933306590858,0.4997401328984774
0.4733550162621968,0.6896896896896896,0.6348848848848848,1.0,0.6233357169018261,0.3691856916127457
0.5123842882161622,0.7462462462462461,0.6006006006006006,1.0,0.6812668957217852,0.3706507141985106
0.479859894921191,0.7082082082082081,0.6526526526526526,1.0,0.6173849346844097,0.482313340425903
0.2306730047535652,0.6974474474474474,0.6779279279279279,0.4908139595723529,0.4617419816174547,1.0
0.5323992994746061,0.4136636636636636,0.7182182182182182,0.2312747440570661,0.3910075518426147,0.4567504403788129
0.166624968726545,0.598098098098098,0.766016016016016,0.3762980274517327,1.0,0.1822418333711216
0.5001250938203654,0.7697697697697696,0.5012512512512513,1.0,0.7298550674084797,0.6042450773497043
0.2882161621215913,0.5425425425425424,0.8343343343343342,0.5489404747370807,0.7252768718279645,0.4971606467028271
1.0000000000000002,0.9987487487487484,1.0,1.0,0.2348919545842998,0.0132915918168023
0.6609957468101078,0.7194694694694693,0.6611611611611611,1.0,1.0,0.0002145211643441
0.3692769577182888,0.4524524524524523,0.6493993993993994,0.5775084151594956,0.0,0.6823185726494236
0.3952964723542658,0.4509509509509509,0.7254754754754754,0.5250728151106615,0.0,0.8003139334112352
0.5203902927195397,0.5275275275275274,0.7522522522522521,0.5018766241693845,0.495177633988524,0.4997104836318607
0.5554165624218165,0.5005005005005004,0.6671671671671671,0.4624430995692136,0.4390794774752777,0.0
0.3099824868651489,0.6473973973973972,0.7912912912912913,0.4734464656330118,0.5281249454976716,0.431173587735668
0.3905429071803854,0.5523023023023022,0.822072072072072,0.5242025219317369,0.6920557406212393,0.4298463470359454
0.609957468101076,0.5185185185185184,0.7359859859859859,0.5065315590282017,0.5558696827528472,1.0
0.3234926194645985,0.8093093093093092,0.7505005005005004,0.6163315136822645,0.4879135636674399,1.0
0.6239679759819866,0.5212712712712712,0.5380380380380381,0.4819470847794618,0.0,0.7960880408811064
0.3710282712034026,0.7735235235235234,0.6559059059059058,0.0010534210021452,0.1232903709646476,1.0
0.4568426319739806,0.7139639639639639,0.9159159159159158,0.0,0.4503427106405985,0.8490259343879171
0.0,1.0,0.2249749749749749,0.0,0.1056804506688525,0.0
0.3457593194896173,0.6504004004004003,0.7464964964964964,0.4956206289132672,0.4877304358442192,0.0
1.0000000000000002,0.9764764764764764,0.0467967967967968,1.0,0.0,0.5172297120532989
0.4866149612209158,0.7494994994994993,0.5505505505505506,0.0,0.1166977693287057,0.7564242984460297
0.5271453590192646,0.7087087087087086,0.4692192192192192,1.0,0.6189423932190383,0.5881751748434694
0.5201401050788093,0.5275275275275274,0.7522522522522521,0.5018469749027679,0.4951933306590858,0.4997558295690392
0.8023517638228673,0.4226726726726726,0.7289789789789789,0.5105446744684933,0.4929644034393149,0.638261506531559
0.3972979734801102,0.5868368368368367,0.8253253253253252,0.4266267854962764,0.6786263669183947,0.4474266180651237
0.6682511883912936,0.7530030030030028,0.0,0.33080558801472,0.5529692868479341,0.3519559795594468
0.3822867150362773,0.5523023023023022,0.2447447447447447,1.0,0.0346878978669968,0.5330083541168879
0.5048786589942458,0.7660160160160159,0.6671671671671671,0.0,0.3718262204161362,0.4781467464290074
0.0965724293219915,0.9549549549549547,0.7890390390390389,0.0,0.0575788757695729,0.3265326054729058
0.4751063297473106,0.4764764764764764,0.6341341341341341,0.537358075937004,0.765503950328758,0.4627186633412979
0.6424818613960472,0.7825325325325323,0.6799299299299298,0.4887681601758027,0.4886007290231439,0.0
0.1636227170377784,0.7337337337337336,0.766016016016016,0.4425432094459075,0.4824807715785618,0.0085302684130666
0.5203902927195397,0.5275275275275274,0.7525025025025025,0.5019080175105081,0.4951462406474005,0.4997558295690392
0.6157117838378785,0.4837337337337336,0.7494994994994995,0.5141775816662888,1.0,0.5794931719483056
0.5206404803602703,0.5275275275275274,0.7525025025025025,0.5018016289655894,0.4952090273296475,0.4996494410241205
0.3810357768326246,0.6759259259259258,0.7314814814814814,0.5638191743551284,0.5406229834138514,0.9916685560807156
0.5203902927195397,0.5275275275275274,0.7530030030030029,0.5018312782322061,0.4951619373179622,0.4996651376946823
0.3682762071553666,0.5415415415415414,0.8483483483483483,0.6363534890210509,0.4204911313811326,0.578699618047683
0.4921190893169879,0.6919419419419418,0.4471971971971972,0.6573974920208592,0.5019376667771247,0.6304637494113748
0.8691518638979236,0.4081581581581581,0.4819819819819819,0.0088197847812058,0.3635540750300853,0.9798402427751712
0.1476107080310233,1.0,0.4904904904904905,0.0,0.3378708338420217,0.6075727715087988
0.2481861396047036,0.5588088088088087,0.7737737737737738,0.4505851369970525,1.0,0.1886670038544047
0.5201401050788093,0.5275275275275274,0.752002002002002,0.5018016289655894,0.495177633988524,0.4997854788356559
0.5208906680010009,0.5275275275275274,0.7525025025025025,0.5018766241693845,0.4952386765962642,0.4997104836318607
0.6434826119589694,0.5075075075075074,0.6824324324324323,0.3464621448628285,0.0,0.8189929713797374
0.2732049036777584,0.6809309309309308,0.756006006006006,0.4627483126079146,0.5037392957427141,0.4927062804122992
0.4403302476857644,0.5953453453453452,0.7512512512512513,0.3974327223258977,0.3286534000732511,0.0
0.5201401050788093,0.5277777777777777,0.7527527527527527,0.5018766241693845,0.4951165913807838,0.4997104836318607
0.3937953465098825,0.4269269269269268,0.3085585585585585,0.1965415002528908,1.0,1.0
0.4358268701526145,0.7139639639639639,0.7002002002002001,1.0,0.7038509165111534,0.4582154629645778
0.3487615711783839,0.548048048048048,0.7892892892892892,0.6005668242147304,1.0,0.2809023841498509
0.4505879409557169,0.5828328328328327,0.69994994994995,0.4473202295202051,0.3653557039956747,0.0
0.6297222917187892,0.5282782782782782,0.8148148148148147,0.3782356942288574,1.0,0.4009888902453913
1.0000000000000002,0.7362362362362361,1.0,1.0,0.0,0.9752777438652178
0.8363772829622218,0.6168668668668668,0.0,0.0,1.0,0.4133508903500357
0.7798348761571181,0.7920420420420419,0.7705205205205206,0.4098243716971589,0.4176692188290283,0.0
0.5206404803602703,0.5275275275275274,0.7525025025025025,0.5018609274988227,0.4952386765962642,0.4996651376946823
0.5203902927195397,0.5275275275275274,0.7522522522522521,0.5018766241693845,0.4952840225334426,0.4997558295690392
0.5203902927195397,0.5272772772772771,0.752002002002002,0.5017859322950277,0.4952090273296475,0.4997558295690392
0.3620215161371029,0.6574074074074073,0.798048048048048,0.5767759038666131,0.8253414025847183,0.3155588886757242
0.3204903677758319,0.6128628628628627,0.8946446446446445,0.5376318956345815,0.7225770444913406,0.4267645673823186
0.3792844633475107,0.5695695695695695,0.8138138138138138,0.6463958700315677,0.5733121718959834,0.5039520728325514
0.5431573680260197,0.7895395395395394,0.6173673673673673,0.0,0.162526815145543,0.564232520013255
0.688516387290468,0.5455455455455455,0.7414914914914914,0.5056002232415369,0.5485742190906395,0.9736906360639728
0.0,0.7352352352352352,0.0,1.0,1.0,1.0
0.5366524893670254,0.4502002002002001,0.7675175175175175,0.858518931928772,0.5343669881577341,0.5176413136369186
0.882161621215912,0.2492492492492492,0.962212212212212,0.2043549540436367,1.0,0.4644888989657638
0.5311483612709533,0.6616616616616615,0.4001501501501501,0.7554022707850079,0.665974850445611,0.5586009034305945
0.5429071803852891,0.5242742742742742,0.6969469469469469,0.0115370528628983,0.4161274569649615,0.4896070600136037
0.2962221666249688,0.6163663663663663,0.8508508508508508,0.5842387986814797,0.7096656609170344,0.397417025655336
1.0000000000000002,0.3415915915915915,0.7447447447447447,0.5235327973211016,0.4945061653033817,0.0
0.0,1.0,0.2677677677677678,4.5345937178475904e-05,0.7711198702408566,0.0
0.2561921441080811,0.8773773773773772,0.7627627627627627,0.5100563336065717,0.4990233182761567,1.0
0.3600200150112586,0.6651651651651651,0.0497997997997998,0.9270994296876364,0.8782043008877338,0.0
0.5203902927195397,0.5277777777777777,0.7527527527527527,0.5018312782322061,0.4951462406474005,0.4997401328984774
0.4711033274956218,0.7672672672672671,0.5362862862862863,0.0,0.3178035125660569,0.4257564923173518
0.3610207655741807,0.5903403403403402,0.8083083083083082,0.4240629959711879,1.0,0.3205957758515444
1.0000000000000002,0.109109109109109,0.7765265265265264,0.5241414793239967,0.4693112649772398,0.3155449360796694
0.4500875656742558,0.4889889889889889,0.8403403403403402,0.1891867380574498,1.0,0.261445488951288
0.0,1.0,0.6854354354354354,0.8145368610147026,0.3371086732825226,0.0
0.4568426319739806,0.664164164164164,0.7094594594594594,1.0,0.6787170587927516,0.504288679212376
0.5203902927195397,0.5275275275275274,0.7525025025025025,0.5018609274988227,0.4952090273296475,0.4997104836318607
0.2922191643732801,0.5693193193193192,0.7755255255255256,0.468456668468877,0.4873484835272162,1.0
0.5203902927195397,0.5275275275275274,0.7532532532532532,0.5018609274988227,0.4951322880513455,0.4997558295690392
0.0,0.2700200200200199,0.5738238238238238,0.7437274360360675,0.7772712210265622,0.1800599961630361
0.3455091318488867,0.8085585585585584,0.0,0.6406735615745505,0.7037445279662347,0.0902506235066362
0.638729046785089,0.4874874874874874,0.7462462462462462,0.5266599229119068,0.5173971432059578,0.9999843033294382
1.0000000000000002,0.6388888888888888,0.7112112112112111,1.0,0.0,0.0207544866316689
0.8819114335751816,0.8636136136136134,1.0,0.0,0.9993442279854196,0.9537907459406664
0.4996247185389043,0.8393393393393391,0.517017017017017,1.0,0.6138601601060397,0.4280761114114795
0.4525894420815612,0.5668168168168167,0.6696696696696697,0.0,0.4805727540680538,0.7066449238711477
0.5051288466349764,0.772022022022022,0.5417917917917918,0.0,0.394807890193069,0.4600938312084692
0.5206404803602703,0.5275275275275274,0.7522522522522521,0.5018155815616443,0.4953607618117446,0.4996651376946823
0.5283962972229174,0.4034034034034033,0.7562562562562563,0.0,0.3907040828784205,0.4953607618117446
0.0,1.0,0.3501001001001,0.0,0.0918848213195667,0.4976507316392556
0.0450337753314987,0.6506506506506505,0.5740740740740741,0.5995604932242705,0.7378830423635698,0.4251007203027713
0.5216412309231925,0.548048048048048,0.7547547547547546,0.5249053839580027,0.5584631215445524,1.0
0.5201401050788093,0.5282782782782782,0.7527527527527527,0.5018016289655894,0.4952997192040044,0.4997401328984774
0.5203902927195397,0.5275275275275274,0.7525025025025025,0.5018469749027679,0.4951322880513455,0.4997261803024225
0.5206404803602703,0.5277777777777777,0.7525025025025025,0.5018016289655894,0.4951933306590858,0.4997104836318607
0.7157868401300977,0.4727227227227226,0.7590090090090089,0.5028846992343513,0.4800390672689537,0.6408863386643877
0.338754065549162,0.7139639639639639,0.7004504504504504,0.5479951863543611,0.4763154681968014,0.6597485044561103
0.5206404803602703,0.5277777777777777,0.7530030030030029,0.5018155815616443,0.4952386765962642,0.4997104836318607
0.5203902927195397,0.5275275275275274,0.7525025025025025,0.5018312782322061,0.495177633988524,0.4996790902907372
0.3917938453840381,0.8160660660660659,0.5583083083083082,0.0,0.3074873118579626,0.4654341873484835
0.5201401050788093,0.5275275275275274,0.7525025025025025,0.5018155815616443,0.4952229799257024,0.4997401328984774
0.6424818613960472,0.797047047047047,0.7840340340340339,0.5052339675950956,0.541036329071978,0.0
0.7678258694020517,0.527027027027027,0.0,1.0,0.2219962676805553,0.7757137624919337
0.203152364273205,0.5813313313313312,0.6861861861861861,0.4334025149554389,1.0,0.2705094441634547
0.0,0.4989989989989989,1.0,0.4220939358529396,0.8364215079268187,0.9484643423967072
0.4103077307980987,0.641141141141141,0.6864364364364364,0.5165721959642116,0.5061653033817605,0.8608525036189545
0.6237177883412561,0.7099599599599599,1.0,0.0,0.6626175070198999,0.9996790902907372
0.3149862396797599,0.523023023023023,0.8606106106106105,0.451685648010883,1.0,0.3482637738284179
0.9594696022016516,0.384134134134134,0.7542542542542542,0.5145577899087849,0.5057833510647575,0.0319409805186878
0.3577683262446836,0.6178678678678677,0.7437437437437437,0.5161309451139753,0.4975879449570086,0.1800756928335978
0.5549161871403554,0.5252752752752752,0.7640140140140139,0.4945829045816837,0.517686659574097,1.0
0.7330497873405055,0.4369369369369368,0.7377377377377377,0.4902488794321293,0.5020144060554267,1.0
0.4891168376282213,0.4614614614614614,0.7102102102102101,0.1670125747771945,0.430639900936568,0.4439628860944939
0.6602451838879161,0.5482982982982982,0.6058558558558558,0.4546610391195912,4.5345937178475904e-05,0.8867206167047457
0.5203902927195397,0.5272772772772771,0.7525025025025025,0.5018016289655894,0.495177633988524,0.4997558295690392
0.4916187140355267,0.6846846846846846,0.6701701701701701,0.439979419920819,0.4236810436541849,0.0
0.5771828871653741,0.5863363363363362,0.3833833833833834,0.0,0.4558818912743952,0.5341228177267733
0.576182136602452,0.4922422422422421,0.5728228228228228,0.5492927777874671,0.0,0.7883199330275389
0.4485864398298725,0.5062562562562561,0.6936936936936937,0.665287685089907,0.0,0.8879711181261662
0.5203902927195397,0.5275275275275274,0.752002002002002,0.5017859322950277,0.4952090273296475,0.4996651376946823
0.0933199899924944,0.7857857857857857,0.0,0.2102307410572579,0.9696304306119956,0.4014929277778746
0.4883662747060296,0.653153153153153,0.6671671671671671,0.9338298132096204,0.5289045468022394,0.5198231508450041
0.5193895421566176,0.5287787787787787,0.7527527527527527,0.5018609274988227,0.495177633988524,0.4997104836318607
0.4005504128096073,0.5745745745745745,0.822072072072072,0.5076303259675253,0.7300085459650836,0.4514100842387987
0.0,0.2077077077077076,0.607107107107107,0.4270540837504578,1.0,0.4777037515042642
0.4948711533650239,0.4459459459459459,0.7139639639639639,0.6017737237734796,0.5065472556987635,0.531543331531123
0.95421566174631,0.8643643643643643,0.0,1.0,0.0586166001011563,0.9117777351448454
0.9984988741556168,0.3323323323323323,0.7452452452452452,0.5000156966705618,0.4701344681444791,0.877349704379371
0.4973730297723294,0.4699699699699698,0.8088088088088088,0.0,0.4523414200254635,0.4653591921446884
0.2514385789342007,0.7157157157157156,0.7274774774774775,0.5547255698763451,0.4847236513943875,0.9964595287510682
0.4423317488116088,0.7895395395395394,0.5205205205205204,0.0,0.2394858468353768,0.7173273802256832
0.487615711783838,0.4637137137137136,0.746996996996997,0.3530861398398939,0.5379998953555296,0.5140241031096848
1.0000000000000002,1.0,0.0,0.9958037567364876,0.0,0.9035073338333012
0.5203902927195397,0.5275275275275274,0.7522522522522521,0.5018609274988227,0.4952840225334426,0.4996494410241205
0.5206404803602703,0.5272772772772771,0.7525025025025025,0.5018923208399463,0.495254373266826,0.4997401328984774
0.7317988491368528,0.6266266266266265,0.6979479479479479,0.4334025149554389,0.445565690566301,0.0
1.0000000000000002,1.0,1.0,1.0,0.0,0.0587997279243769
0.4585939454590944,0.9089089089089089,0.8288288288288288,0.0,0.2776671259396202,0.9562481469208364
0.5524143107330499,0.6138638638638638,0.6989489489489489,0.4454436053508206,0.4466034148978844,0.0
0.5201401050788093,0.5275275275275274,0.7522522522522521,0.5018312782322061,0.495177633988524,0.499694786961299
0.5206404803602703,0.5277777777777777,0.7532532532532532,0.5018609274988227,0.4951322880513455,0.4997558295690392
0.5073805354015513,0.4944944944944944,0.8145645645645645,0.116744859340391,0.461635593072536,0.4789246036590683
0.3202401801351014,1.0,0.6671671671671671,0.0,0.2778955997000192,1.0
0.5801851388541408,0.98023023023023,0.6701701701701701,0.5244623890332595,0.5490329106859445,0.0
0.3652739554666,0.5528028028028027,0.7597597597597596,0.4867694507909378,0.4819924307166402,0.935462266948044
0.5546659994996248,0.5147647647647646,0.765015015015015,0.5236391858660202,0.5141775816662888,1.0
0.5118839129347011,0.7122122122122121,0.4832332332332332,0.0,0.4023771735528542,0.5180529152205382
0.6852639479609709,0.5007507507507507,0.5648148148148148,0.5141165390585486,0.99502415543192,0.3453476812529431
0.0325243932949713,1.0,0.3716216216216216,1.0,1.0,0.1468528175523658
1.0000000000000002,0.998248248248248,0.0,0.9519437710378986,0.0385021888135061,0.3275546331339275
0.4856142106579936,0.7367367367367366,0.518018018018018,0.7509915063571515,0.606182744126829,0.5974536512199802
0.0688016012009007,0.5327827827827827,1.0,0.0915796082808658,0.5399515147287092,1.0
0.4781085814360772,0.4659659659659659,0.6216216216216216,0.5616844271587282,0.0,0.9128154594764288
0.5206404803602703,0.5275275275275274,0.7525025025025025,0.5017702356244659,0.4952683258628809,0.4997854788356559
0.6564923692769579,0.5160160160160159,1.0,0.0260198475678881,0.749205574062124,0.503219561539669
0.0342757067800851,0.699199199199199,0.7872872872872873,0.4624901895808989,0.4797948968379929,0.5256221985803233
0.5203902927195397,0.5275275275275274,0.7527527527527527,0.5018155815616443,0.495177633988524,0.4997104836318607
0.5206404803602703,0.5277777777777777,0.7527527527527527,0.5018609274988227,0.4951165913807838,0.4998011755062176
0.5041280960720542,0.5132632632632632,0.8183183183183182,0.170873955735389,0.5413868880478574,0.417241920574847
0.5979484613460097,0.5915915915915915,0.7387387387387387,0.4830301550482236,0.4197132741510717,0.0
0.2864648486364775,0.7199699699699699,0.7429929929929929,0.54517152972775,0.5213649127090709,0.5440117201806861
0.2752064048036028,0.6483983983983983,0.0,0.0005790327362785,0.5904808413415421,0.0
0.4696022016512385,0.7079579579579578,0.6916916916916916,1.0,0.6311962607042573,0.4925824511223119
0.3467600700525395,0.6453953953953953,0.7640140140140139,0.6200254634878002,0.6491567399759317,1.0
0.4868651488616464,0.4944944944944944,0.7407407407407407,0.6309363936027347,0.4880356488829203,0.4801908017510508
0.5614210657993497,0.5805805805805805,0.5352852852852853,0.5752044927359297,0.0,0.736418019777805
0.4671003252439331,0.5265265265265264,0.7224724724724725,0.6813418909255804,0.0,0.7204248565498719
0.3157368026019516,0.7309809809809809,0.7224724724724725,0.7103214329316148,0.5541447930655597,1.0
0.5103827870903179,0.4952452452452451,0.7672672672672671,0.2903029457418421,1.0,0.1411619024364721
0.5206404803602703,0.5277777777777777,0.7527527527527527,0.5018609274988227,0.4951322880513455,0.4996790902907372
0.5891918939204405,0.3646146146146145,0.9459459459459458,0.3608385510228997,0.0,0.8493014981600013
0.6089567175381537,0.4532032032032031,0.7414914914914914,0.4869682752847201,0.5065472556987635,1.0
0.4803602702026521,0.6851851851851851,0.4449449449449449,0.9989465789978548,0.7564242984460297,0.4951619373179622
0.5976982737052792,0.5945945945945945,0.5055055055055054,0.523883356296981,0.0,0.6487765317334356
0.51588691518639,0.7039539539539539,0.5307807807807807,0.2534175139961979,0.5452779182726686,0.6251983884751556
0.3872904678508883,0.6353853853853852,0.7607607607607607,0.5420880059996163,0.6358198022219509,1.0
0.4483362521891419,0.4897397397397396,0.6524024024024023,0.4500218009313358,0.0,0.7834818703455011
0.5203902927195397,0.5275275275275274,0.7525025025025025,0.5018155815616443,0.4952090273296475,0.4997104836318607
0.0,0.8328328328328327,0.6851851851851851,0.0,0.9872734883234212,0.9953154158745662
0.4993745308981737,0.6901901901901901,0.4814814814814814,1.0,0.6894309084884106,0.5581736051764131
0.5111333500125095,0.7835335335335334,0.5553053053053053,0.1508816296632192,0.5120410903953817,0.502532396183965
0.4901175881911435,0.8048048048048047,0.6584084084084083,0.582301131904355,0.559028201684776,1.0
0.2749562171628722,0.5748248248248247,0.8428428428428427,0.5333606571672742,0.8340251495543889,0.331721227130823
0.685764323242432,0.4864864864864864,0.7712712712712713,0.4775520170221672,0.4817639569562412,0.0
0.505879409557168,0.5162662662662661,0.6986986986986987,0.5853986082285435,0.562476236984844,0.4859148542825749
0.5201401050788093,0.5275275275275274,0.752002002002002,0.5018469749027679,0.4951933306590858,0.4997104836318607
0.6412309231923945,0.5385385385385384,0.5385385385385385,0.3992343512914871,0.0,0.8048624797251338
0.3147360520390294,0.598098098098098,0.7632632632632632,0.5663376179430385,0.559561888483876,0.6604199731412526
0.5206404803602703,0.5277777777777777,0.7527527527527527,0.5018312782322061,0.4952386765962642,0.4997558295690392
0.5201401050788093,0.5275275275275274,0.7527527527527527,0.5018155815616443,0.4951933306590858,0.4997558295690392
0.2316737553164874,0.6719219219219218,0.7372372372372371,0.5890454680223939,0.4921412002720756,0.8204736906360639
0.977983487615712,1.0,1.0,0.9962310549906692,0.0020754486631668,0.2721889879135636
0.4325744308231175,0.7697697697697696,0.6959459459459459,0.0,0.2193871322182883,0.5061042607740203
0.6317237928446336,0.5725725725725724,0.7567567567567567,0.5355111010342362,0.5443012365488253,1.0
0.4861145859394547,0.646146146146146,0.720970970970971,1.0,0.6392695815965258,0.4956345815093221
0.4210657993495122,0.6438938938938938,0.7542542542542542,0.4515932120620193,0.4435512845108743,0.0
0.5208906680010009,0.5275275275275274,0.7525025025025025,0.5018469749027679,0.4952229799257024,0.4998779147845196
0.5206404803602703,0.5277777777777777,0.7530030030030029,0.5018609274988227,0.4952090273296475,0.4998011755062176
0.4796097072804605,0.8566066066066065,0.5367867867867867,0.0,0.32882083122591,0.5058600903430595
0.3057292969727296,0.6416416416416415,0.9264264264264264,0.488065298149537,0.9179901285382912,0.3558173605176413
0.8636477358018516,0.6368868868868868,0.6353853853853854,0.2858014894396289,0.5878246158675898,0.6045956363255838
0.2804603452589443,0.6416416416416415,0.7872872872872873,0.5446221462580881,0.4837173204039277,0.9171965746376683
0.2529397047785841,1.0,0.0125125125125125,0.0,0.9922318921464324,0.4559882798193139
0.5203902927195397,0.5275275275275274,0.7525025025025025,0.5018469749027679,0.4952229799257024,0.4996494410241205
0.7583187390542909,0.5282782782782782,0.783033033033033,0.4916825086767706,0.5145734865793467,0.0
1.0000000000000002,1.0,0.837087087087087,1.0,0.0,0.0486963043061199
0.4543407555666751,0.4759759759759759,0.7565065065065064,0.4650382824354256,0.0,0.9321363168634564
0.5271453590192646,0.5482982982982982,0.7284784784784785,0.9925074559185167,0.5359227026178558,0.4836405811256257
0.9914936202151616,1.0,0.9229229229229228,1.0,0.0,0.4184470760590892
0.4766074555916939,0.5525525525525524,0.7745245245245245,0.7866246926068682,0.4837016237333659,0.5550150862444844
0.5481611208406306,0.7147147147147146,0.4724724724724725,1.0,0.7843678601949875,0.4756439995116591
0.5581686264698525,0.4904904904904904,0.6519019019019019,0.5118422659015993,0.0,0.992582451122312
0.9477107830873156,0.7309809809809809,0.0,1.0,0.0057833510647574,0.1257024260076391
0.5208906680010009,0.528028028028028,0.7522522522522521,0.5018609274988227,0.4950851980396603,0.4997261803024225
0.5138854140605456,0.6283783783783783,0.5480480480480481,1.0,0.7280848317840138,0.4232990913371819
0.5198899174380787,0.5272772772772771,0.752002002002002,0.5019080175105081,0.4952090273296475,0.4997401328984774
0.5346509882411811,0.3628628628628628,0.6393893893893894,0.0025934387917052,0.3811203934632087,0.3352006557720146
1.0000000000000002,0.6551551551551551,0.0,0.0,0.9604286935137868,0.3196487433943178
0.5201401050788093,0.5277777777777777,0.752002002002002,0.5018016289655894,0.4952997192040044,0.4997558295690392
0.5639229422066552,0.5045045045045045,0.5950950950950951,0.3712000976681724,0.0,0.7261332124108342
0.5223917938453841,0.5287787787787787,0.7484984984984985,0.5021521879414689,0.495788060065926,0.4995883984163803
0.4863647735801852,0.4742242242242241,0.7344844844844844,0.6441512461412351,0.486066588764672,0.5096900779601304
0.5389041781336004,0.5585585585585585,0.8853853853853852,0.3709402305666498,1.0,0.2835743062943649
0.5203902927195397,0.5275275275275274,0.7527527527527527,0.5018923208399463,0.4951933306590858,0.4997104836318607
0.7065298974230675,0.6746746746746746,0.7812812812812813,0.5336641261314683,0.5790955229607408,1.0
1.0000000000000002,1.0,0.0,0.9936515687950188,0.0,0.4418106981530251
0.4058043532649488,0.574074074074074,0.6716716716716716,0.487364180197778,0.7939358529396375,0.4691577864206359
0.8173630222667002,0.8863863863863862,0.0,0.9364999912796276,0.2095139264349372,0.1373772607565795
1.0000000000000002,1.0,0.0,0.0599124474597554,0.760606589113487,0.1354988925126881
0.4663497623217414,0.5285285285285284,0.8501001001001001,0.3017336100598217,1.0,0.2121544552383277
0.6159619714786091,0.4774774774774774,0.3798798798798798,0.7756980658213719,1.0,0.817177389818093
0.5203902927195397,0.528028028028028,0.7525025025025025,0.5019080175105081,0.495177633988524,0.4997261803024225
0.5514135601701278,0.6931931931931931,0.4909909909909909,1.0,0.6169576364302283,0.5664143572213405
0.5206404803602703,0.5275275275275274,0.752002002002002,0.5018155815616443,0.4952229799257024,0.4997715262396009
1.0000000000000002,0.6889389389389389,1.0,0.8862933184505641,0.0152606519350506,0.6039712576521269
0.2444333249937454,0.6063563563563562,0.752002002002002,0.5352669306032753,0.5357256221985803,0.918386033451349
0.5203902927195397,0.5275275275275274,0.7522522522522521,0.5018312782322061,0.4951933306590858,0.4997261803024225
0.4918689016762573,0.5412912912912912,0.7387387387387387,0.7017004726441913,0.0854753475068455,0.7860753091372064
0.5206404803602703,0.5277777777777777,0.7527527527527527,0.5018766241693845,0.4951619373179622,0.4997401328984774
0.4683512634475858,0.6851851851851851,0.522022022022022,0.1347663812198057,0.4659539215515287,0.5258820656818459
0.5201401050788093,0.5275275275275274,0.7525025025025025,0.5019080175105081,0.495177633988524,0.4998011755062176
0.3370027520640481,0.5673173173173173,0.7780280280280281,0.5941120044648307,0.5377696775206237,0.0
0.5349011758819116,0.6921921921921921,0.6626626626626626,0.0,0.3827528472016324,0.6262518094773009
0.706780085063798,0.4699699699699698,0.7535035035035034,0.5109719727226747,0.4696007813453791,0.3524443204213684
0.4023017262947211,0.537037037037037,0.6393893893893894,0.6128067391038945,0.0,0.8034428030765475
0.5206404803602703,0.5277777777777777,0.7530030030030029,0.5018312782322061,0.4952386765962642,0.4997401328984774
0.7157868401300977,0.5873373373373372,0.523023023023023,0.4854265134206533,0.0,0.6868217730261437
0.4776082061546161,0.4206706706706706,0.79004004004004,0.2769660079878612,0.4764828993494602,0.4255890611646929
0.5203902927195397,0.5275275275275274,0.7525025025025025,0.5018766241693845,0.495177633988524,0.499694786961299
0.5203902927195397,0.5277777777777777,0.752002002002002,0.5018469749027679,0.495254373266826,0.4996337443535588
0.6117087815861898,0.4864864864864864,0.7872872872872873,0.4683188865828348,1.0,0.3911156844620402
0.5101325994495873,0.8298298298298297,0.5055055055055054,0.0,0.3772590125050142,0.4417810488864084
0.9139354515886916,0.8360860860860859,0.9707207207207208,0.0203271883774875,0.9855939445733122,0.7680223939166682
0.4806104578433827,1.0,0.3583583583583584,0.0,1.0,1.0
0.5206404803602703,0.5275275275275274,0.7527527527527527,0.5018469749027679,0.4952090273296475,0.4997854788356559
0.4208156117087817,0.6784284284284283,0.6626626626626626,0.0,0.942039171913424,0.3772433158344525
0.5206404803602703,0.5272772772772771,0.7532532532532532,0.5018155815616443,0.4951322880513455,0.4997401328984774
0.2604453340005005,0.6686686686686686,0.7515015015015014,0.440207893681218,0.5050822331129986,1.0
1.0000000000000002,0.6351351351351351,1.0,0.5207387899611071,0.0541133997244362,0.7906395521216667
0.4630973229922443,0.4909909909909909,0.7402402402402402,0.4562324502502747,0.0,0.9529518461028654
0.3747810858143608,0.4559559559559559,0.8045545545545545,0.5545267453825627,0.9999843033294382,0.3480806460051974
0.5604203152364274,0.9977477477477475,0.8963963963963963,0.0,0.9996337443535588,1.0
0.7000250187640732,0.5765765765765765,0.5580580580580581,0.5380138479515845,0.0,0.642930393986431
0.0,0.719219219219219,0.6233733733733733,0.0,0.0,0.0060275214957183
0.952464348261196,0.3648648648648648,0.7690190190190189,0.5050054938346966,0.4970403055618536,0.0472173291243001
0.4946209657242933,0.9184184184184184,0.7622622622622621,1.0,0.2709070931510194,0.6926958159652581
1.0000000000000002,0.4694694694694694,1.0,0.9950398521024818,0.5817813977013098,0.0507264070321084
0.409557167875907,0.5290290290290289,0.7139639639639639,0.7551127544168688,0.1981146554580811,0.6634564068577009
0.5153865399049289,0.7124624624624624,0.6461461461461461,0.2304061949526484,0.4066815494357919,0.0
0.3382536902677009,0.7522522522522521,0.0,1.0,0.6184837016237333,0.0032963008179709
0.5201401050788093,0.5277777777777777,0.7522522522522521,0.5018155815616443,0.4951933306590858,0.4997401328984774
0.4098073555166376,0.5600600600600599,0.8278278278278277,0.52710291783665,1.0,0.3957845719169123
0.0883162371778835,0.9509509509509508,0.1849349349349349,1.0,0.5211817848858503,0.0004429949247432
0.7720790592944711,0.8005505505505504,0.0,0.0,1.0,0.0211521356192336
0.2927195396547412,0.4799799799799799,0.5525525525525525,0.5983099918028498,0.0,0.6899332019463871
0.4183137353014762,0.6018518518518517,0.766016016016016,0.5501770235624466,0.5702146955717948,1.0
0.5273955466599951,0.4922422422422421,0.7192192192192192,0.4101295847358599,1.0,0.1004307864031951
0.2702026519889918,0.8758758758758758,0.7662662662662663,0.4402392870223416,0.4728063902889931,0.0
1.0000000000000002,0.886136136136136,0.0002502502502502,1.0,0.341671172192476,0.5125747771944817
1.0000000000000002,0.5713213213213212,1.0,0.9466941067722412,0.0,0.7251094406753056
0.5203902927195397,0.5275275275275274,0.7527527527527527,0.5018609274988227,0.4951933306590858,0.4997104836318607
0.0477858393795347,0.7752752752752752,0.7605105105105104,0.6462423914749638,0.604810157489928,0.6754521513159042
0.4773580185138855,0.7575075075075074,0.4574574574574574,0.0,0.1497985593944573,0.5052950102028358
0.0,1.0,0.1471471471471471,0.0,0.3566266110888257,0.0
0.2849637227920941,0.854104104104104,0.0,0.0,0.272464551685648,0.0306119957444582
0.5206404803602703,0.5275275275275274,0.7530030030030029,0.5018155815616443,0.4951933306590858,0.4996337443535588
0.4861145859394547,0.5457957957957957,0.9484484484484484,0.3650051450197952,1.0,0.2424315886774683
0.519139354515887,0.7399899899899899,0.4847347347347347,1.0,0.7090255855730156,0.5358930533512392
0.3925444083062298,0.6801801801801801,0.6891891891891891,0.5397840835760503,0.5037235990721524,1.0
0.6950212659494622,0.8068068068068067,0.7680180180180181,0.0,0.9613896785670684,1.0
0.3732799599699776,0.586086086086086,0.8128128128128127,0.561623384550988,0.5601426652946614,0.4745905785095139
0.5203902927195397,0.5272772772772771,0.7522522522522521,0.5018609274988227,0.4952229799257024,0.4997715262396009
0.3530147610708032,0.599099099099099,0.7304804804804804,0.3646371452988471,0.45284371348344,0.0
0.5846885163872906,0.4832332332332331,0.7339839839839839,0.3258750893838185,1.0,0.5016481504089855
0.3575181386039531,0.5608108108108107,0.8828828828828827,0.4548127736016882,1.0,0.3169942619948724
1.0000000000000002,1.0,0.6761761761761761,1.0,0.9900047090011684,1.0
0.6069552164123093,0.4792292292292291,0.6681681681681682,0.4227811012086436,0.0,0.829049304986309
0.3109832374280711,0.8918918918918917,0.2194694694694694,1.0,0.6211695763643023,0.0
0.5128846634976234,0.6393893893893893,0.3706206206206206,0.0485602664945846,0.3930080053019865,0.5231054990669202
0.3662747060295223,0.5715715715715715,0.7189689689689689,0.6297922807262326,0.6043828592357465,0.5566318433123463
0.5206404803602703,0.5275275275275274,0.7525025025025025,0.5019080175105081,0.4952229799257024,0.4996651376946823
0.4908681511133351,0.8933933933933933,0.8403403403403402,0.0,0.5421490486073565,1.0
0.5203902927195397,0.5275275275275274,0.7522522522522521,0.5018155815616443,0.4951933306590858,0.4997261803024225
0.4816112084063048,0.7097097097097096,0.4512012012012011,0.6712541639778851,0.5893349843905331,0.6260686816540803
0.961471103327496,0.8363363363363362,1.0,1.0,1.0,0.0
0.5203902927195397,0.5272772772772771,0.7522522522522521,0.5018312782322061,0.4952229799257024,0.4997104836318607
0.5206404803602703,0.5275275275275274,0.7525025025025025,0.5018312782322061,0.4951933306590858,0.4997558295690392
0.3722792094070554,0.5362862862862862,0.6931931931931932,0.644700629610897,0.4870432704885152,0.5898843678601949
0.9764823617713289,0.1428928928928928,0.7540040040040039,0.5156112109109301,0.4976646842353105,0.3215567609048259
0.4480860645484114,0.944194194194194,0.0,0.9998622181139578,0.8810122608437833,0.0
0.0332749562171629,0.8200700700700699,0.7640140140140139,0.3913127648813157,0.4681811046967926,0.0683223747318485
0.4500875656742558,0.4476976976976976,0.7417417417417417,0.4095958979367599,0.0,0.9940021277708984
0.7010257693269955,0.5397897897897896,0.5663163163163163,0.481702914348501,0.940499154123864,0.3613268918848213
0.273455091318489,0.582082082082082,0.3143143143143143,0.0,0.0,0.2745992988820482
0.5203902927195397,0.5275275275275274,0.7525025025025025,0.5018609274988227,0.4952683258628809,0.4997261803024225
0.5721791343507632,0.502002002002002,0.7284784784784785,0.4879589096046183,1.0,0.1668294469539739
0.3317488116087066,0.5593093093093092,0.7269769769769769,0.5312991611001622,1.0,0.250717686659574
0.0765574180635477,0.6514014014014013,0.6176176176176176,0.5628128433646685,0.7715175192284214,0.4390184348675375
0.5283962972229174,0.7199699699699699,0.5380380380380381,1.0,0.629455674346408,0.626632017719797
0.5441581185889418,0.5285285285285284,0.7437437437437437,0.998306503653836,0.6154769171739016,0.5297730959066571
0.3515136352264199,0.7124624624624624,0.6789289289289289,0.4904616565219666,0.4533791443570469,0.0
0.4956217162872155,0.4306806806806806,0.6779279279279279,0.0,0.3180162896558941,0.4032021207946004
0.2799599699774832,0.5918418418418417,0.1288788788788789,0.9110923138636482,0.6607565795210771,0.0
0.7858393795346512,0.4394394394394393,0.7585085085085085,0.4958037567364878,0.4859898494863701,0.768481085511973
0.7785839379534653,0.5245245245245245,0.7705205205205206,0.4855625512321886,0.491042433332752,0.978863561051328
0.2852139104328247,0.5553053053053052,0.4964964964964964,0.5923417688403648,0.0010673735982001,0.6791147077803164
0.6614961220915688,0.5928428428428427,0.7832832832832832,0.503829987617071,0.542867607304184,0.0
0.5201401050788093,0.5277777777777777,0.7522522522522521,0.5018312782322061,0.4952683258628809,0.4997854788356559
0.3985489116837629,0.4984984984984984,0.6226226226226226,0.715053107068734,0.200509269756004,0.6128224357744563
0.5206404803602703,0.5275275275275274,0.7527527527527527,0.5018469749027679,0.4951462406474005,0.4997104836318607
0.5196397297973482,0.5277777777777777,0.7522522522522521,0.5018312782322061,0.4952090273296475,0.4997854788356559
0.5986990242682013,0.8410910910910909,0.31006006006006,0.0,1.0,1.0
0.5288966725043784,0.4637137137137136,0.2272272272272272,0.6501805117114603,1.0,1.0
0.5206404803602703,0.5275275275275274,0.7527527527527527,0.5018469749027679,0.4950851980396603,0.4996790902907372
0.5754315736802603,0.4827327327327326,0.514014014014014,0.6327990651760643,0.9375377156112108,0.395571794827075
0.2626970227670754,0.658158158158158,0.8425925925925926,0.5436751138008615,0.7491445314543838,0.3443727436036067
0.357017763322492,0.4947447447447446,0.7039539539539539,0.541264802832377,0.0127736016882641,0.7986971763433734
0.0550412809607206,0.8308308308308308,0.0,0.4020719605141531,0.2987878682177303,0.0
0.495371528646485,0.4667167167167166,0.7364864864864864,0.4403456755672602,0.0,0.7216003627674974
0.0870652989742307,1.0,0.0,1.0,0.8380539616652423,0.0228909779025759
0.5203902927195397,0.5275275275275274,0.7522522522522521,0.5018766241693845,0.4951619373179622,0.4998482655179029
0.7255441581185891,0.8596096096096095,0.0,1.0,0.3782967368365976,0.7937213317752934
0.5203902927195397,0.5277777777777777,0.7525025025025025,0.5019080175105081,0.4952386765962642,0.499694786961299
0.9457092819614712,0.7940440440440439,0.0,0.9998011755062176,0.857680032090971,0.5933341472347698
0.4768576432324244,0.752002002002002,0.5462962962962963,0.0,0.309135462266948,0.5713274151071733
0.5203902927195397,0.528028028028028,0.7527527527527527,0.5019080175105081,0.4950712454436053,0.4997854788356559
0.5564173129847387,0.709209209209209,0.4194194194194194,0.9649911924237404,0.5881612222474144,0.5857962572161083
0.6139604703527647,0.5788288288288287,0.7374874874874874,0.3503078291504613,0.0,0.874984739348065
0.7140355266449839,0.5508008008008007,0.531031031031031,0.5213945619756876,0.0021521879414688,0.6947259186912464
0.4480860645484114,0.684184184184184,0.7892892892892892,1.0,0.6909569736819157,0.421377121230619
0.6795096322241683,0.6328828828828827,0.5312812812812813,0.4817639569562412,0.0678636831365436,0.6398189650661876
0.7205404053039781,0.6526526526526526,0.7389889889889889,0.3773497043793711,0.0246612135270418,0.5897169367075361
0.8809106830122594,1.0,1.0,0.0,1.0,0.8459738040009069
0.5203902927195397,0.5275275275275274,0.7527527527527527,0.5018609274988227,0.4952229799257024,0.4998482655179029
0.5331498623967977,0.7580080080080078,0.5235235235235235,0.6866839911401015,0.5863299440152083,0.4439332368278773
0.5206404803602703,0.5275275275275274,0.7525025025025025,0.5018155815616443,0.495254373266826,0.4997104836318607
0.4123092319239431,0.4697197197197196,0.7472472472472472,0.4602769590316898,0.0,0.736250588625146
0.2209156867650739,0.7917917917917916,0.4234234234234234,0.0,0.0,0.2392259797338542
0.4673505128846636,0.7922922922922921,0.4752252252252252,0.8788007743690811,0.493866089959363,0.6458918324990843
1.0000000000000002,0.4782282282282281,1.0,0.7572788949543925,0.0,0.9741789769258942
0.5449086815111335,0.6056056056056055,0.7692692692692692,0.1946491794129445,0.4413380539616652,0.3804471807035596
0.1988991743807857,0.8230730730730729,0.7327327327327327,0.3545511624256588,0.4443901843486754,0.0
0.8003502626970229,1.0,0.5705705705705706,1.0,0.8346512723023527,0.0
0.3319989992494372,0.5755755755755755,0.8843843843843843,0.3787083384202173,1.0,0.1833423443849521
0.6017012759569679,0.5560560560560559,0.7612612612612613,0.5038613809581945,0.5373127299998256,1.0
0.9189392044033028,0.1729229229229228,0.7352352352352352,0.5193958525908227,0.496093273104627,0.1699740132898477
0.1220915686765075,0.2717717717717717,0.3055555555555556,0.2261942550185744,0.3602124282749359,1.0
0.4861145859394547,0.6961961961961961,0.7482482482482482,1.0,0.7195545633709473,0.4806181000052322
0.5206404803602703,0.5277777777777777,0.7527527527527527,0.5018609274988227,0.4951619373179622,0.4997104836318607
0.5981986489867402,0.5560560560560559,0.7625125125125125,0.5271186145072118,0.5493677729912622,1.0
0.5986990242682013,0.6766766766766765,0.7512512512512513,0.4635872124457156,0.3006644923871148,0.0
0.5218914185639231,0.6654154154154153,0.6496496496496496,1.0,0.5973176134084448,0.460109527879031
0.2196647485614211,0.9857357357357356,0.7252252252252251,0.0,0.6211695763643023,0.5076460226380871
0.5056292219164374,0.7487487487487486,0.5848348348348348,1.0,0.8772886617716309,0.4151821685822418
0.6735051288466352,0.4359359359359358,0.7547547547547546,0.5000156966705618,0.492263285487556,0.9511205678706594
0.7690768076057044,0.5045045045045045,0.80005005005005,0.4515775153914575,0.9179133892599892,0.4316636726720965
0.7658243682762074,0.552052052052052,0.7712712712712713,0.4604600868549104,0.4936829621361424,1.0
0.0222667000250188,0.8310810810810809,0.0,0.0015417618640669,0.6578718802867258,0.0078744963984861
0.5206404803602703,0.5277777777777777,0.7527527527527527,0.5019219701065629,0.495177633988524,0.4997104836318607
0.5206404803602703,0.5275275275275274,0.7527527527527527,0.5018016289655894,0.4952229799257024,0.4997854788356559
0.5203902927195397,0.5275275275275274,0.7530030030030029,0.5018155815616443,0.4952386765962642,0.4998011755062176
0.2151613710282713,0.592092092092092,0.6764264264264264,0.0,1.0,0.5214869979245513
0.4188141105829373,0.5955955955955955,0.6669169169169169,0.5160385091651115,0.4601548738162094,0.0
0.6609957468101078,0.537037037037037,0.5828328328328328,0.618972042485655,0.4546453424490294,0.4778711826569231
0.2144108081060796,0.5550550550550549,0.7482482482482482,0.5038613809581945,0.9251321136438948,0.3516054205835673
0.5431573680260197,0.7515015015015014,0.547047047047047,0.0,0.3000540663097127,0.4256501037724332
0.4570928196147111,0.5032532532532532,0.7237237237237237,0.6473411584142874,0.0,0.7970943718715664
0.3119839879909933,0.5543043043043042,0.6559059059059058,0.6397265291173239,0.1349198597764097,0.5986134607670439
0.4623467600700526,0.7237237237237236,0.6946946946946947,1.0,0.7526396567661371,0.4392329560318816
0.5206404803602703,0.5272772772772771,0.7522522522522521,0.5018312782322061,0.4952090273296475,0.499694786961299
0.2777082812109083,0.9927427427427428,0.0,1.0,0.7401730121910808,0.2015173448209707
0.3795346509882413,0.627127127127127,0.7555055055055054,0.5692380138479516,0.5837801070861747,1.0
0.6254691018263699,0.4809809809809809,0.7427427427427427,0.4200498805308963,1.0,0.3324990843608839
0.2732049036777584,0.5197697697697696,0.5685685685685685,0.4941556063275023,0.0,0.7460470551301952
0.7235426569927448,0.7329829829829828,0.6956956956956957,0.3929155693531228,0.3547639395154961,0.0
0.5201401050788093,0.5275275275275274,0.7525025025025025,0.5018016289655894,0.4952090273296475,0.4997261803024225
0.526394796097073,0.5573073073073073,0.725975975975976,0.8109667404991541,0.4706385056769625,0.5193958525908227
0.2799599699774832,0.644144144144144,0.9116616616616616,0.5515513542738546,0.999618047682997,0.2060641470603624
1.0000000000000002,0.8836336336336335,0.0,0.8159268883966723,0.0,0.0682752847201632
0.5083812859644735,0.7592592592592591,0.5452952952952953,0.0,0.3668817691891798,0.4189964595287511
0.7000250187640732,0.8501001001001,0.7617617617617617,0.4650068890943021,0.4609030817796536,0.0
0.9644733550162624,0.7815315315315314,0.8733733733733733,0.0,1.0,1.0
0.3610207655741807,0.5553053053053052,0.8380880880880881,0.4425292568498526,0.9901564434832656,0.3053647731831104
0.5186389792344259,0.4289289289289288,0.6799299299299298,0.740003836963915,0.5299876170710013,0.5419205748469574
0.6522391793845386,0.5040040040040039,0.7735235235235235,0.5732825226293667,0.5939899192493503,0.0
0.4228171128346261,0.6216216216216215,0.7637637637637638,0.4445279662347176,0.434164675514938,0.0
0.5631723792844635,0.5152652652652652,0.5843343343343343,0.503219561539669,0.0,0.7191429617873275
0.5203902927195397,0.5275275275275274,0.7525025025025025,0.5018155815616443,0.4952090273296475,0.4997261803024225
0.7835876907680762,0.2612612612612612,0.7755255255255256,0.5176709629035352,0.4649005005493835,0.8115614699059943
0.5203902927195397,0.5277777777777777,0.7522522522522521,0.5017545389539041,0.4952386765962642,0.4997261803024225
0.0007505629221917,0.3123123123123122,0.805055055055055,0.5799501194691037,0.9680433228107506,0.9104347977745608
0.4718538904178135,0.533033033033033,0.7044544544544544,0.0,0.495100894710222,0.446176116643703
0.161621215911934,1.0,0.7084584584584583,0.0,0.4735389015818755,0.6965868461900693
0.5203902927195397,0.5275275275275274,0.7522522522522521,0.5018609274988227,0.4951933306590858,0.4997261803024225
0.3865399049286966,0.9001501501501501,0.0,1.0,0.0176413136369186,0.8531157891065106
0.5236427320490369,0.532032032032032,0.6596596596596596,0.9998779147845196,0.6606031009644732,0.4424368209009889
0.7955966975231425,0.407157157157157,0.7377377377377377,0.4857317264593543,0.5137642360081622,0.9598339641069468
0.411808856642482,0.699199199199199,0.7535035035035034,1.0,1.0,0.6611210910930114
0.3662747060295223,0.5297797797797796,0.596096096096096,0.6047787641488044,0.0,0.7496189197202504
0.5206404803602703,0.5272772772772771,0.7525025025025025,0.5019376667771247,0.495254373266826,0.4996790902907372
0.5464098073555168,0.7377377377377377,0.5783283283283283,0.0,0.1148211451593212,0.7147635907005947
0.16437327995997,0.7184684684684683,0.652152152152152,0.5052950102028358,0.4538064426112284,0.9896837992919056
0.5203902927195397,0.5275275275275274,0.752002002002002,0.5018469749027679,0.4952090273296475,0.4997104836318607
0.9737302977232928,0.9279279279279278,0.0,0.0,1.0,1.0
0.7773329997498126,0.668168168168168,0.7567567567567567,0.5926923278162443,0.5205556621378865,0.0
0.0,0.5748248248248247,0.0077577577577578,1.0,1.0,0.8038247553935505
0.8491368526394798,0.9902402402402402,1.0,0.4057955595863055,0.3294469539738738,1.0
0.5066299724793597,0.5938438438438437,0.835085085085085,0.3849957270174582,0.5207998325688473,0.387835080314631
0.3622717037778334,0.628128128128128,0.6181181181181181,0.4450006104260774,0.6383225491392992,0.0
0.5081310983237429,0.518018018018018,0.782032032032032,1.0,0.6478748452133876,0.4895460174058635
0.2331748811608707,0.7394894894894893,0.7392392392392392,0.5768683398154769,0.5267052688490852,0.7066606205417095
0.4886164623467602,0.683183183183183,0.6799299299299298,1.0,0.6692397579224585,0.4174546976646842
0.5464098073555168,0.756256256256256,0.6076076076076076,1.0,0.5995918865653941,0.4842510072030277
0.4373279959969979,0.7352352352352352,0.6348848848848848,1.0,1.0,0.4406508886059612
0.4708531398548913,0.569069069069069,0.9749749749749748,0.2019446430751522,0.4823290370964647,0.4066048101574899
0.5203902927195397,0.5275275275275274,0.7527527527527527,0.5019219701065629,0.4952229799257024,0.4997401328984774
0.4165624218163624,0.984234234234234,0.2762762762762762,1.0,0.0711756806250763,0.1516908802344036
0.5203902927195397,0.5275275275275274,0.752002002002002,0.5018155815616443,0.495177633988524,0.4996651376946823
0.4260695521641232,0.5085085085085084,0.8213213213213213,0.7179378063030852,1.0,0.3065716727418595
0.5203902927195397,0.5275275275275274,0.7527527527527527,0.5018469749027679,0.4951462406474005,0.4998168721767794
0.5201401050788093,0.5277777777777777,0.7522522522522521,0.5018766241693845,0.495177633988524,0.4997558295690392
0.1371028271203403,0.7585085085085084,0.7695195195195195,0.5895181122137537,0.5337112161431536,0.9915150775241116
0.5203902927195397,0.5282782782782782,0.7525025025025025,0.5018609274988227,0.4951619373179622,0.4998011755062176
0.0017513134851139,0.7595095095095095,1.0,1.0,0.9079477475277744,0.1202382405776374
0.5201401050788093,0.5250250250250249,0.7527527527527527,0.5016934963461639,0.4951933306590858,0.4997854788356559
0.536902677007756,0.6861861861861861,0.6674174174174174,0.0,0.2633988523989745,0.5497654219788269
0.0,1.0,0.0,1.0,1.0,0.9907529169646128
0.3194896172129098,0.8010510510510509,0.8145645645645645,0.7989099534332107,0.5955159844428554,1.0
0.5201401050788093,0.5275275275275274,0.7522522522522521,0.5018155815616443,0.4951322880513455,0.499694786961299
0.583937953465099,0.4164164164164163,1.0,0.2302980623332228,0.3076547430106214,0.8135758759614211
0.4963722792094072,0.6889389389389389,0.612112112112112,1.0,0.8847515565864974,0.2937370284458552
0.4663497623217414,0.4166666666666666,0.7374874874874874,0.2813750283412107,0.0,0.9527687182796448
0.2246685013760321,1.0,0.0155155155155155,1.0,0.0027312206777473,0.1114934510002267
0.5201401050788093,0.5275275275275274,0.7525025025025025,0.5018469749027679,0.4951462406474005,0.4996790902907372
0.3880410307730799,0.5095095095095095,0.5933433433433433,0.5370982088354814,0.0,0.6122120096970542
0.7105328996747562,0.4879879879879879,0.7002002002002001,0.5148037044142526,0.503448035300068,0.070886164256937
1.0000000000000002,0.7489989989989989,1.0,0.1438006871653557,0.8718262204161362,0.6990145979036224
0.5206404803602703,0.5277777777777777,0.7527527527527527,0.5018155815616443,0.4951462406474005,0.4997558295690392
0.4553415061295973,0.537037037037037,0.7847847847847848,0.5425170483283046,1.0,0.2968205521739889
0.4640980735551665,0.4859859859859859,0.725975975975976,0.0,0.3059612466644575,0.334635575631791
0.4435826870152616,0.5673173173173173,0.7602602602602602,0.454905209550552,0.4752463505240943,0.4236200010464447
0.5203902927195397,0.5277777777777777,0.7527527527527527,0.5018609274988227,0.4952229799257024,0.4996790902907372
0.706780085063798,0.5015015015015014,0.7512512512512513,0.4849992151664719,0.4923696740324746,0.7442768195057293
0.4758568926695022,0.6601601601601601,0.6201201201201201,1.0,0.7489927969722866,0.3663009923783944
0.0,1.0,0.0,0.4055217398887281,0.968608402950974,1.0
0.3257443082311735,0.5800800800800799,0.8400900900900901,0.5568620611472522,0.5826673875507962,0.5173361005982176
0.2196647485614211,0.6166166166166165,0.7474974974974975,0.4773078465912064,0.4827563353506461,0.8159722343338507
0.5193895421566176,0.527027027027027,0.7537537537537538,0.5017859322950277,0.4953921551528681,0.4997401328984774
0.339254440830623,0.5487987987987987,0.8758758758758758,0.4845248269006052,1.0,0.3487660672863945
1.0000000000000002,0.9389389389389388,0.4046546546546546,0.2136491270907093,0.1955037759213073,1.0
0.4025519139354517,0.6786786786786786,0.7297297297297297,0.4281371540192197,0.4451523449081744,0.9995413084046952
0.5196397297973482,0.5277777777777777,0.7525025025025025,0.5018469749027679,0.4951933306590858,0.4997401328984774
0.2631973980485365,0.6286286286286286,0.8511011011011009,0.6968013673544133,0.9457488183895216,0.3290806983274326
0.7002752064048038,0.7112112112112111,0.7242242242242242,0.4626872700001744,0.5179308300050578,1.0
0.6487365524143109,0.607107107107107,0.534034034034034,0.4380731464848178,0.0362436123271186,0.6389033259500846
0.5316487365524144,0.5242742742742742,0.8033033033033032,0.2686938626018104,1.0,0.2282836562777961
0.6747560670502879,0.5457957957957957,0.6261261261261261,0.4727906936184314,0.9993599246559812,0.4534244902942254
0.5201401050788093,0.5275275275275274,0.752002002002002,0.5018609274988227,0.4951619373179622,0.4997401328984774
0.6607455591693772,0.6043543543543543,0.5903403403403403,0.4909499973838882,0.1475103336414531,0.8318729616129201
0.7217913435076309,0.3868868868868868,0.755005005005005,0.4895774107469871,0.5002598671015226,0.4535622721802675
0.5203902927195397,0.5277777777777777,0.7530030030030029,0.5018016289655894,0.495100894710222,0.4997715262396009
0.0482862146609958,1.0,0.0005005005005005,0.1268308422135793,0.4780403578840888,1.0
0.3967975981986491,0.5050050050050049,0.7645145145145145,0.4431379388527477,1.0,0.3304079390271552
0.3592694520890669,0.5615615615615615,0.7555055055055054,0.5016481504089855,0.4933167064897012,0.3681793606222858
0.2084063047285465,0.7377377377377377,0.7742742742742742,0.4336309887158379,0.4835795385178855,0.0012661980919825
0.3410057543157369,0.6261261261261261,0.9366866866866864,0.4176238728918499,1.0,0.2704344489596595
0.3152364273204905,0.7099599599599599,0.7740240240240239,0.4993738772520362,0.4636796483945794,0.0
0.8298724043032276,0.2074574574574574,0.7645145145145145,0.5234560580427996,0.4798559394457331,0.180441948480039
0.0617963472604454,1.0,0.0,1.0,0.1513856671957026,1.0
0.9704778583937956,0.2484984984984984,0.7532532532532532,0.5040131154402916,0.492186546209254,0.2505188621657918
0.5203902927195397,0.5275275275275274,0.7522522522522521,0.5017702356244659,0.4952229799257024,0.4997104836318607
0.6417312984738556,0.5005005005005004,0.7805305305305306,0.491576120131852,0.5207998325688473,0.9306102516699511
0.4493370027520642,0.8328328328328327,0.5555555555555556,0.0,0.3740237542947835,0.4957584107993093
0.5203902927195397,0.5275275275275274,0.7527527527527527,0.5018469749027679,0.495177633988524,0.4997558295690392
0.5379034275706781,0.6406406406406405,0.5883383383383383,1.0,0.7008912220730069,0.3697804210195859
0.0340255191393545,0.9809809809809809,0.1228728728728729,1.0,0.0,0.7968955473777839
0.725043782837128,0.4389389389389388,0.7489989989989989,0.5007482079634442,0.4902488794321293,0.8115300765648709
0.5356517388041032,0.523023023023023,0.6401401401401401,0.4119312137014493,0.0,0.6979908261680939
0.2872154115586691,0.5938438438438437,0.7697697697697696,0.6065960897849556,0.6459825243734412,0.4765282452866386
1.0000000000000002,0.4334334334334333,0.7990490490490489,0.4985506740847969,0.4565987058967159,0.2862287876938103
0.0,0.8255755755755755,0.9687187187187188,0.0165739400387184,0.0,0.0014039799780247
0.5206404803602703,0.5275275275275274,0.7522522522522521,0.5018016289655894,0.4951933306590858,0.499694786961299
0.5206404803602703,0.5275275275275274,0.7525025025025025,0.5018016289655894,0.4952229799257024,0.4996790902907372
0.3312484363272455,0.59009009009009,0.7555055055055054,0.4974972530826517,1.0,0.2261942550185744
0.9977483112334252,0.7094594594594593,0.6701701701701701,0.3387254303503846,0.3021312590473865,0.0
0.4605954465849388,0.5798298298298298,0.6386386386386387,0.5061810000523222,0.8332926382615065,0.4551790292481295
0.4738553915436578,0.6846846846846846,0.7232232232232232,1.0,0.6449761933829813,0.5448052740813087
0.5186389792344259,0.5560560560560559,0.5533033033033032,0.0,0.4946439471894239,0.518297085651499
0.5131348511383539,0.4877377377377376,0.0,0.0128956869037445,0.0,0.2400962729127788
0.5206404803602703,0.5277777777777777,0.7527527527527527,0.5018609274988227,0.4952386765962642,0.4997261803024225
0.3942957217913436,0.5307807807807807,0.7204704704704704,0.6568795018923208,0.5809878438006871,0.5345954619181331
0.6247185389041783,1.0,0.9496996996996996,0.0,1.0,0.9616966356802764
0.696772579434576,0.9607107107107106,0.5778278278278278,0.5481172715698415,0.5294539302719012,1.0
0.9001751313485116,0.2484984984984984,0.7702702702702702,0.4921098069309521,0.5144217520972496,0.0103005040375325
0.2744558418814111,0.5588088088088087,0.776026026026026,0.5090656992866736,0.4945672079111219,0.0
0.4283212409306981,0.5855855855855855,0.8288288288288288,0.0,0.3894971833196714,0.356152222822959
0.0995746810107581,1.0,0.1378878878878879,0.0,0.998229764375534,0.708613983989396
0.5334000500375283,0.5635635635635634,0.7777777777777777,0.50550953136718,0.4251460662399497,0.0
0.6017012759569679,0.5362862862862862,0.787037037037037,0.0,1.0,0.86495805500811
0.5203902927195397,0.5275275275275274,0.7527527527527527,0.5018312782322061,0.4951933306590858,0.499694786961299
0.5203902927195397,0.5282782782782782,0.7530030030030029,0.5018766241693845,0.4952229799257024,0.499694786961299
0.1876407305479109,0.6901901901901901,0.8268268268268267,0.7300242426356454,0.55672427926121,1.0
0.4650988241180886,0.7014514514514514,0.5925925925925926,1.0,0.4887071175680625,0.5735877356680678
0.4358268701526145,0.4892392392392392,0.6106106106106106,0.9784205661265848,1.0,0.523501403979978
0.6955216412309233,0.4419419419419418,0.7887887887887888,0.5315747248722466,0.5039520728325514,1.0
0.5769326995246437,0.4794794794794794,0.694944944944945,0.0,0.4759649092209219,0.5254704640982263
0.5203902927195397,0.5275275275275274,0.752002002002002,0.5018312782322061,0.4952386765962642,0.4997715262396009
0.4808606454841132,0.7517517517517516,0.4404404404404404,1.0,0.8226712245147112,0.3835150077611315
0.5203902927195397,0.5275275275275274,0.7525025025025025,0.5018609274988227,0.4951933306590858,0.4997261803024225
0.4871153365023769,0.5360360360360359,0.7452452452452452,0.4824511223119451,0.4758881699426199,0.4693269616478016
1.0000000000000002,1.0,0.0,0.0,1.0,0.0077524111830057
0.4485864398298725,0.6351351351351351,0.7882882882882882,0.5001988244937824,0.4946439471894239,0.0
0.5198899174380787,0.5272772772772771,0.7522522522522521,0.5018766241693845,0.495177633988524,0.4997104836318607
0.5211408556417314,0.6901901901901901,0.4589589589589589,0.9401625477440396,0.6501491183703367,0.6280516943683834
0.5794345759319491,0.5290290290290289,0.772022022022022,0.5893053351239165,0.6726441913598549,0.3580305910668504
0.4896172129096824,0.5022522522522521,0.867117117117117,0.5686886303782898,1.0,0.1892931266023684
0.4630973229922443,0.3766266266266265,0.7214714714714714,0.4260930986971764,0.5542965275476568,0.4664265657428885
0.8719039279459597,0.9719719719719718,0.6003503503503503,0.4999546540628216,0.4946596438599857,0.0
0.5081310983237429,0.4782282282282281,0.7064564564564564,0.0217154716849504,0.411273697612362,0.3901546994087587
0.5201401050788093,0.5275275275275274,0.752002002002002,0.5018766241693845,0.4952090273296475,0.4996651376946823
0.3837878408806606,0.5485485485485484,0.7745245245245245,0.46937230758498,0.430945113975269,0.0227392434204789
0.0,1.0,0.0,0.0,0.2355337740028254,0.0
0.3477608206154617,1.0,0.1261261261261261,0.0,0.6018347663812198,1.0
0.4898674005504129,0.5012512512512511,0.9071571571571572,0.2972461063536634,1.0,0.1819976629401608
0.1536152114085565,0.502002002002002,0.6298798798798798,0.5920069065350472,0.4603066082983065,0.5218532535709925
0.2454340755566675,0.5215215215215214,0.7795295295295295,0.4766817238432426,0.4021486997924551,0.0013272406997227
0.7005253940455343,0.589089089089089,0.5605605605605606,0.6087168843853009,0.3015208329699844,0.6711634721035282
0.5379034275706781,0.5327827827827827,0.6981981981981982,0.518907511728901,0.0,0.8869647871357065
0.4183137353014762,1.0,0.0,0.0,0.5646441215968746,1.0
0.5203902927195397,0.5275275275275274,0.7527527527527527,0.5017405863578492,0.495177633988524,0.499694786961299
0.469352014010508,0.4902402402402401,0.6594094094094094,0.6881490137258663,0.0,0.8734429774839981
0.2504378283712786,0.7367367367367366,0.8423423423423423,0.5250431658440449,0.5108655841777561,1.0
0.140605454090568,1.0,0.4476976976976977,1.0,0.7615222282295899,0.0
0.6785088816612461,0.604104104104104,0.6196196196196195,0.479398991924935,0.0662312293981198,0.6468074716151874
0.3475106329747311,0.7545045045045045,0.062062062062062,1.0,0.6775572492456878,0.2347698693688195
0.299974981235927,0.7625125125125124,0.0,0.037740028254007,0.8575875961421071,0.5341228177267733
0.4891168376282213,0.6048548548548548,0.756006006006006,0.4358738685316636,0.4299841289219875,0.0
0.5203902927195397,0.528028028028028,0.7522522522522521,0.5017859322950277,0.4951619373179622,0.4997104836318607
0.4628471353515138,0.7499999999999999,0.6729229229229229,1.0,0.652346652248984,0.5050211905052584
0.5203902927195397,0.5275275275275274,0.7522522522522521,0.5018312782322061,0.4952090273296475,0.499694786961299
0.5909432074055543,0.542042042042042,0.9517017017017017,0.2628041229921342,1.0,0.3930690479097267
0.4335751813860397,0.4864864864864864,0.7344844844844844,0.5961421071908192,0.0,0.5621570713500881
0.5203902927195397,0.5277777777777777,0.7522522522522521,0.5018923208399463,0.4952386765962642,0.4997104836318607
0.4736052039029273,0.7830330330330328,0.5475475475475475,0.0,0.4095505519995814,0.4548738162094284
0.5206404803602703,0.5275275275275274,0.7527527527527527,0.5018609274988227,0.4951933306590858,0.4997261803024225
0.4293219914936203,0.7227227227227226,0.73998998998999,0.3573748190522699,0.289082093587038,0.0
0.1376032024018014,0.7319819819819818,0.814064064064064,0.6050996738580672,0.532840922964229,0.9999389573922596
0.203152364273205,0.6276276276276276,0.7212212212212212,0.4452133875159146,0.4939114358965415,0.3427245931946212
0.4926194645984489,0.4672172172172171,0.6346346346346345,0.4826482027312206,0.0,0.7852817552365837
0.6780085063797849,0.5267767767767767,0.6158658658658658,0.4156687653696566,0.0,0.6963740691002319
0.4065549161871404,0.5528028028028027,0.6884384384384383,0.6056351047316741,0.0,0.7688316444878525
0.5574180635476609,0.4949949949949949,0.5623123123123123,0.5672393044630867,0.0191220328932452,0.7020963775572493
0.5206404803602703,0.5272772772772771,0.7525025025025025,0.5018923208399463,0.4951933306590858,0.4997104836318607
0.6612459344508383,1.0,0.6584084084084083,0.0,0.56078274063868,1.0
0.5281461095821868,0.4431931931931931,0.647147147147147,0.0425780909360448,0.4667614280482062,0.5104382859235747
0.4668501376032025,0.5145145145145145,0.8163163163163163,0.5016638470795473,1.0,0.1661736749393934
0.8839129347010259,0.2542542542542542,0.7479979979979979,0.4974815564120899,0.4874252228055182,0.9177302614367686
0.7227920940705531,0.5137637637637636,0.7374874874874874,0.5141008423879868,0.519748155641209,1.0
0.5391543657743308,0.4712212212212211,0.7985485485485484,0.2980553569248478,1.0,0.3313235781432583
0.3089817363022268,0.5873373373373372,0.7580080080080079,0.5892442925161763,0.6595357273662731,0.4710344105900204
0.831873905429072,0.422172172172172,0.7332332332332332,0.4940021277708983,0.4959101452814064,0.0137031934004221
0.7210407805854393,0.5405405405405405,0.6571571571571571,0.9588572823831034,1.0,0.3356732999633744
0.7603202401801352,0.3188188188188188,0.7690190190190189,0.51401015051363,0.4882484259727576,0.5603711390550604
0.5198899174380787,0.5275275275275274,0.7522522522522521,0.5017702356244659,0.4952090273296475,0.4996651376946823
0.0245183887915937,0.7189689689689689,0.1178678678678679,0.8812110853375656,0.6654097703053874,0.0
0.4938704028021017,0.7249749749749749,0.4306806806806806,0.7827650557231804,0.5881751748434694,0.5566021940457296
0.6805103827870904,0.5628128128128127,0.48998998998999,0.6441059002040568,0.6397718750545023,0.6516141409561016
0.4973730297723294,0.5017517517517517,0.6478978978978979,0.4963688368767113,0.0,0.7298097214713012
0.782586940205154,0.7004504504504503,0.6934434434434434,0.3603188168198545,0.3675078919371435,0.0
0.5201401050788093,0.5285285285285284,0.7535035035035034,0.5018609274988227,0.4951322880513455,0.4997558295690392
0.5206404803602703,0.5272772772772771,0.752002002002002,0.5018312782322061,0.4952090273296475,0.4997715262396009
0.5436577433074807,1.0,0.6186186186186186,0.0,1.0,0.8583497567016063
0.0,1.0,0.023023023023023,1.0,0.0,0.6333467045712193
0.4640980735551665,0.6936936936936936,0.6236236236236236,1.0,0.7131764828993494,0.4155170308875595
0.6409807355516639,0.5445445445445445,0.5555555555555556,0.5472783717320404,0.5638052217590735,0.6023388039137032
0.4565924443332501,0.5265265265265264,0.8658658658658658,0.1725971013481695,1.0,0.1003836963915099
0.8704028021015764,0.4436936936936936,0.7642642642642642,0.5258524164152293,0.470669899018086,0.7622233461813488
0.6642481861396049,0.5713213213213212,0.6223723723723723,0.5023963583724297,0.0942654830214347,0.7919981861625128
1.0000000000000002,0.616116116116116,0.8218218218218217,1.0,0.0,0.2466417845370354
0.1788841631223418,0.7650150150150149,0.8155655655655656,0.6672253518670318,0.5700158710780124,1.0
0.5534150612959721,0.6123623623623623,0.5362862862862863,0.4629314404311352,0.0,0.7199208190173885
0.5206404803602703,0.5275275275275274,0.7525025025025025,0.5018155815616443,0.495177633988524,0.4997401328984774
1.0000000000000002,0.9994994994994992,0.0002502502502502,0.6585433489718681,0.3349721820116155,0.0
0.5203902927195397,0.5275275275275274,0.7515015015015014,0.5018923208399463,0.4951933306590858,0.4998482655179029
0.3775331498623969,0.572072072072072,0.7284784784784785,0.5002895163681392,0.4633587386853166,0.992582451122312
0.5203902927195397,0.5275275275275274,0.752002002002002,0.5018469749027679,0.4951462406474005,0.4996651376946823
0.2699524643482612,0.5638138138138137,0.9206706706706708,0.5472626750614786,0.7709384864921429,0.3578771125102464
0.2616962722041532,1.0,0.2605105105105105,0.0,0.6262064635401224,0.7063397108324467
0.5203902927195397,0.5275275275275274,0.7525025025025025,0.5018312782322061,0.495177633988524,0.499694786961299
0.706780085063798,0.6759259259259258,0.7562562562562563,0.4634651272302352,0.4973594711966095,1.0
0.6482361771328498,0.5060060060060059,0.8108108108108107,0.526339013202644,1.0,0.5084081831975862
0.4000500375281462,0.5447947947947946,0.7997997997997998,0.386537488881525,0.8446465633011843,0.4110766171930865
0.4728546409807357,0.6979479479479478,0.7044544544544544,0.588344350070635,0.6022917139020179,1.0
0.5201401050788093,0.5277777777777777,0.7522522522522521,0.5018155815616443,0.4952229799257024,0.4997715262396009
0.0,0.8303303303303302,0.0,0.2704501456302213,0.2216457087046758,0.4482969112440483
0.6352264198148613,0.4539539539539539,0.7540040040040039,0.481626175070199,0.4770793728308073,0.6610617925597781
0.8691518638979236,0.6874374374374373,0.0,0.0449430559673509,0.8717494811378341,0.4128311561469906
0.49311983987991,0.7755255255255254,0.4802302302302302,0.0,0.2532814761846625,0.5749603223049689
0.5206404803602703,0.5277777777777777,0.7525025025025025,0.5018312782322061,0.4952229799257024,0.4996790902907372
0.4788591443582688,0.7232232232232231,0.511011011011011,0.0,0.2727226747126637,0.5370232136316864
0.5208906680010009,0.5277777777777777,0.7527527527527527,0.5019080175105081,0.495177633988524,0.4996790902907372
0.4578433825369028,0.7895395395395394,0.5245245245245245,0.0,0.3312939288766416,0.4650068890943021
0.3134851138353766,0.6053553553553552,0.7502502502502502,0.5357709681357588,0.5078587997279244,0.9503409665660916
0.9306980235176384,0.7497497497497496,0.9957457457457456,0.0,1.0,0.9184470760590892
0.5203902927195397,0.5277777777777777,0.7527527527527527,0.5018155815616443,0.4952090273296475,0.4997401328984774
0.3957968476357269,0.678178178178178,0.7347347347347346,0.4297242618204649,0.5040445087814152,1.0
0.5203902927195397,0.5275275275275274,0.7530030030030029,0.5018312782322061,0.4951462406474005,0.4997715262396009
0.4988741556167126,0.7307307307307306,0.5172672672672672,0.4510891745295359,0.4553325078047334,0.551291487172332
0.5206404803602703,0.5275275275275274,0.7527527527527527,0.5018155815616443,0.4952386765962642,0.4997261803024225
0.505379034275707,0.6934434434434433,0.4311811811811811,0.1152327467429408,0.417698868095645,0.5366552139107382
0.5201401050788093,0.5275275275275274,0.7522522522522521,0.5018312782322061,0.4952229799257024,0.4997104836318607
0.5081310983237429,0.5212712712712712,0.7077077077077076,0.0,0.444419833615292,0.5417845370354222
0.8719039279459597,0.5863363363363362,0.0845845845845846,0.7562115213561923,0.8995395643301882,0.6175227165704519
0.5203902927195397,0.5277777777777777,0.7525025025025025,0.5018923208399463,0.4951933306590858,0.4997104836318607
0.4430823117338004,0.639139139139139,1.0,0.0511083593491114,0.1501491183703368,0.5878246158675898
0.5203902927195397,0.5275275275275274,0.7525025025025025,0.5018016289655894,0.495177633988524,0.4997104836318607
0.6279709782336754,0.5645645645645645,0.6636636636636637,0.4456877757817814,0.9988244937823744,0.4474876606728639
0.4623467600700526,0.7222222222222221,0.4974974974974975,1.0,0.7261018190697106,0.5147112684653888
0.500375281461096,0.4909909909909909,0.7064564564564564,0.5532744998866351,0.0,0.8810733034515235
0.555166374781086,0.6096096096096095,0.3908908908908909,0.8709402305666498,0.620574846957462,0.6015748992796972
0.5201401050788093,0.5272772772772771,0.7522522522522521,0.5017859322950277,0.4952090273296475,0.4996651376946823
0.5206404803602703,0.5275275275275274,0.7525025025025025,0.5019219701065629,0.4952229799257024,0.4997401328984774
0.4608456342256694,0.3706206206206205,0.7017017017017017,0.7595374714407799,0.4678758916580916,0.5104382859235747
0.5203902927195397,0.5275275275275274,0.7525025025025025,0.5018312782322061,0.4951619373179622,0.4997261803024225
0.3535151363522643,0.6766766766766765,0.8908908908908908,0.6026893628895826,0.8768927568585729,0.2447965537087744
0.4786089567175383,0.7334834834834834,0.5462962962962963,0.1699269232781625,0.4419484800390673,0.5037079024015906
0.5203902927195397,0.5275275275275274,0.7522522522522521,0.5018155815616443,0.4951619373179622,0.4997715262396009
0.923692769577183,0.6924424424424424,0.7925425425425425,0.4505397910598741,0.4456110365034794,0.0
0.5203902927195397,0.527027027027027,0.752002002002002,0.5018609274988227,0.4952229799257024,0.4998011755062176
0.3322491868901677,0.6343843843843843,0.8278278278278277,0.6217643057711425,0.7980867502659713,0.345272686049148
0.0567925944458344,1.0,0.926176176176176,1.0,0.989882623785688,0.0
0.4973730297723294,0.5082582582582582,0.7532532532532532,0.5092470830353872,0.4797792001674311,0.0
0.5011258443832876,0.6654154154154153,0.4471971971971972,0.8441425257687007,0.6419397596665329,0.54218044194848
0.5208906680010009,0.5275275275275274,0.7525025025025025,0.5018312782322061,0.4951933306590858,0.4997401328984774
0.5991993995496624,0.6914414414414414,0.6954454454454454,0.5336641261314683,0.4716151874008057,1.0
0.3620215161371029,0.5205205205205204,0.6606606606606606,0.6035579119940004,0.4301219108080297,0.564766206812355
0.7828371278458846,0.4854854854854854,0.75,0.4964595287510682,0.4965816139665486,0.8809826115771666
1.0000000000000002,1.0,0.0,0.2458185813697961,0.6898111167309067,0.2281772677328775
0.5339004253189894,0.6679179179179178,0.8378378378378377,0.0,0.3072727906936184,0.5631023597328078
0.5203902927195397,0.5275275275275274,0.7527527527527527,0.5018766241693845,0.4952090273296475,0.4997558295690392
0.2812109081811359,0.6293793793793793,0.836086086086086,0.6328444111132427,0.5539616652423391,0.4302126026823866
0.5203902927195397,0.5275275275275274,0.7525025025025025,0.5018155815616443,0.4952386765962642,0.4996494410241205
0.5203902927195397,0.5275275275275274,0.7522522522522521,0.5018016289655894,0.4952386765962642,0.4996651376946823
0.3827870903177384,0.6511511511511511,0.766016016016016,0.5013586340408462,0.4669462999459337,0.2017772119224933
0.4558418814110584,0.4867367367367367,0.7294794794794794,0.6029492299911052,0.0,0.814491515077524
0.0005003752814611,0.5708208208208208,0.4859859859859859,0.1444425065838812,0.0,0.0
0.5203902927195397,0.5275275275275274,0.7522522522522521,0.5017702356244659,0.495177633988524,0.4997715262396009
0.3832874655991995,0.8353353353353352,0.7444944944944945,0.0,0.1074803355599351,0.5675898634389661
0.498123592694521,0.6368868868868868,0.7630130130130129,0.5248739906168791,0.4853201248757346,1.0
0.4718538904178135,0.6366366366366365,0.8180680680680681,0.0,0.2973838882397056,0.5027626140188709
0.7803352514385791,0.4486986986986986,0.7372372372372371,0.501297591433106,0.4940021277708983,0.3472870921045747
0.6554916187140357,0.5713213213213212,0.7472472472472472,0.472820342885048,0.5008842457749795,1.0
0.3044783587690769,0.7069569569569568,0.7217217217217217,0.4518077332263634,0.4186598531489265,1.0
0.5979484613460097,0.5973473473473473,0.4409409409409409,1.0,0.0,0.2667108498875072
0.510883162371779,0.8048048048048047,0.8988988988988988,0.0,0.4357064373790048,1.0
0.5198899174380787,0.5275275275275274,0.752002002002002,0.5017702356244659,0.4951933306590858,0.4997104836318607
0.5336502376782588,0.3886386386386385,0.7234734734734735,0.2788740254983692,1.0,0.1320962031497985
0.7465599199399551,0.6366366366366365,0.5713213213213213,0.5972862200673212,0.6269843207701833,0.528705722308457
0.2717037778333751,0.601101101101101,0.8546046046046045,0.6609083140031742,1.0,0.3545668590962206
0.6382286715036278,0.532032032032032,0.7635135135135135,0.4787414758358477,0.4607652998936115,0.0
0.5091318488866652,0.6033533533533533,0.7692692692692692,0.0,0.4787868217730261,0.4859288068786299
0.9271953965474108,0.912162162162162,1.0,0.0,0.9887995535169262,0.9456110365034792
0.1288466349762322,0.6979479479479478,0.9104104104104104,0.5028533058932277,0.4509670893140555,0.2603624186825261
0.2151613710282713,0.619119119119119,0.7837837837837838,0.5399218654620925,0.5189232083994628,0.6965728935940143
0.3892919689767327,0.7079579579579578,0.4672172172172172,0.5999563981373284,0.9391108708164012,0.0
0.3350012509382037,0.6288788788788788,0.797047047047047,0.6708425623942655,0.471217538413241,0.4965659172959868
0.5201401050788093,0.5275275275275274,0.7522522522522521,0.5018016289655894,0.4952683258628809,0.499694786961299
0.980735551663748,0.2647647647647647,0.77002002002002,0.5173361005982176,0.489591363343042,0.0004429949247432
0.3945459094320742,0.5005005005005004,0.6281281281281281,0.5564033695519472,1.0,0.2883652789647174
0.719539654741056,0.5578078078078077,0.5965965965965966,0.4400718558696828,0.8499729668451436,0.552207126288435
0.5016262196647487,0.7387387387387386,0.5425425425425425,1.0,0.6543000156966705,0.4628547011528332
0.5203902927195397,0.528028028028028,0.7530030030030029,0.5018923208399463,0.4951933306590858,0.4997401328984774
0.0630472854640981,0.7174674674674674,0.7897897897897898,0.5143764061600712,0.5338786472958125,0.8857282383103406
1.0000000000000002,0.6599099099099098,0.0,0.5986745033747841,0.0232572335490172,0.1241920574846957
0.242431823867901,0.6529029029029028,0.7152152152152151,0.4788339117847114,0.4925528018556953,0.8458674154559882
0.4976232174130599,0.5583083083083082,0.7184684684684685,0.8491323229328356,0.4977571201841743,0.4938346966182395
0.693520140105079,0.5903403403403402,0.5718218218218218,0.4934841376423601,0.5845283150496189,0.5352512339327136
0.4450838128596449,0.4989989989989989,0.7452452452452452,0.0,0.2500305213038701,0.4468318886582835
0.5203902927195397,0.5272772772772771,0.7522522522522521,0.5018312782322061,0.4952840225334426,0.4997261803024225
0.4986239679759821,0.7459959959959959,0.5002502502502503,0.0251181610478399,0.3943509426722709,0.4207370458866002
0.4363272454340757,0.548048048048048,0.7294794794794794,0.4928894082355198,0.0007168146223207,0.7569736819156914
0.3029772329246936,1.0,0.0,0.5941730470725709,0.591487172332002,0.0
0.5203902927195397,0.5272772772772771,0.7525025025025025,0.5018766241693845,0.495254373266826,0.4996651376946823
0.4508381285964474,0.7577577577577577,0.6774274274274273,1.0,0.560097319357483,0.5709768561312939
0.5206404803602703,0.5277777777777777,0.7530030030030029,0.5018469749027679,0.4950851980396603,0.4996790902907372
0.6622466850137605,0.5658158158158157,1.0,0.7872211660882154,0.4095034619878961,0.2565167343948933
0.2794595946960221,0.7242242242242241,0.7565065065065064,0.7199522123585119,0.5615012993355076,1.0
0.5911933950462849,0.6323823823823823,0.7607607607607607,0.5907093151019411,0.6129898669271151,1.0
0.5146359769827372,0.6539039039039038,0.7072072072072071,0.0,0.2073617384934684,0.4807419292952195
0.3174881160870654,0.632132132132132,0.7224724724724725,0.418004081134346,0.381638383591747,0.0
0.5238929196897675,0.7117117117117115,0.4054054054054054,0.9298306503653836,0.7406142630413172,0.5793710867328252
0.5203902927195397,0.5275275275275274,0.752002002002002,0.5017405863578492,0.4951933306590858,0.4997558295690392
0.0,1.0,0.6554054054054054,1.0,1.0,0.4428937684217869
0.4043032274205655,0.8636136136136134,0.6433933933933933,0.3924115318206393,0.5211660882152885,0.0
0.3117338003502627,0.6366366366366365,0.7367367367367367,0.5492613844463435,0.5294539302719012,0.5765927760433925
0.4983737803352516,0.7687687687687687,0.4039039039039039,1.0,0.7599647696949614,0.3675375412037602
0.930447835876908,1.0,0.6208708708708708,0.4668695606676317,0.4498840190452936,0.0
0.5203902927195397,0.5275275275275274,0.7527527527527527,0.5017859322950277,0.4952090273296475,0.4997854788356559
0.5328996747560671,0.5497997997997996,0.7642642642642642,1.0,0.6480736697071698,0.4741475835847707
0.5203902927195397,0.5275275275275274,0.7530030030030029,0.5018609274988227,0.4951933306590858,0.4997261803024225
0.8393795346509885,0.5543043043043042,0.7487487487487487,0.509949945061653,0.5486352616983797,0.0
0.3847885914435828,0.609109109109109,0.819069069069069,0.4367895076477667,0.5051729249873554,0.0045468022393917
0.0,1.0,0.0,1.0,0.6663864520292306,0.0458726476795089
0.5208906680010009,0.5277777777777777,0.7525025025025025,0.5018609274988227,0.4951619373179622,0.4997261803024225
0.5208906680010009,0.5272772772772771,0.7522522522522521,0.5018016289655894,0.4952386765962642,0.4996790902907372
0.0,1.0,0.0,0.0207544866316689,0.8311561469905995,1.0
0.4676007005253941,0.5097597597597596,0.7364864864864864,1.0,0.6904529361494323,0.432014231647976
0.3390042531898925,1.0,0.6366366366366366,0.0,0.5676666027172681,1.0
0.961471103327496,0.3313313313313312,0.7622622622622621,0.4929033608315747,0.4796274656853341,0.7659469452535013
0.4973730297723294,0.2429929929929929,0.7680180180180181,0.0767305579294347,0.3828906290876746,0.4378429286499119
0.3612709532149113,0.5355355355355355,0.5878378378378378,0.5834138514397335,0.4226590159931632,0.6630134119329578
0.4638478859144359,0.6826826826826826,0.6073573573573573,0.0,0.3761445488951288,0.6055426687828104
0.5078809106830124,0.4684684684684684,0.7627627627627627,0.954690688386208,0.6165146415054851,0.4783752201894065
0.5206404803602703,0.5275275275275274,0.7532532532532532,0.5018766241693845,0.4951619373179622,0.4998325688473412
0.5073805354015513,0.7339839839839839,0.4737237237237237,0.9520519036573242,0.6498299527355809,0.5540541011912029
0.4843632724543409,0.7612612612612611,0.5738238238238238,0.0,0.2860753091372063,0.5993773654010499
0.8093570177633227,0.4647147147147146,0.7802802802802802,0.5340617751190331,0.4599717459929888,0.796743812895687
0.7112834625969479,0.5475475475475474,0.6866866866866866,0.4220939358529396,0.9596351396131644,0.4122207300695886
0.8548911683762823,1.0,0.586086086086086,1.0,0.0,0.4190121561993128
1.0000000000000002,1.0,0.0,1.0,0.0646441215968746,0.544789577410747
0.5201401050788093,0.5275275275275274,0.7522522522522521,0.5017702356244659,0.4952840225334426,0.4996023510124353
0.3860395296472355,0.5800800800800799,0.857107107107107,0.6079686764218567,0.8517118091284859,0.3109056978914139
0.5203902927195397,0.5275275275275274,0.7522522522522521,0.5017859322950277,0.4952229799257024,0.4997558295690392
0.5206404803602703,0.5275275275275274,0.7525025025025025,0.5017545389539041,0.4952386765962642,0.4997715262396009
0.0728046034525895,0.6776776776776776,0.1036036036036036,0.7360064181941852,0.3883373737726076,1.0
0.5439079309482113,0.7379879879879878,0.0467967967967968,1.0,0.0424699583166193,0.9976803809058724
0.5356517388041032,0.6634134134134133,0.565065065065065,0.8311108010534209,0.584514362453564,0.4929190575021365
0.4688516387290469,0.7657657657657656,0.536036036036036,0.0409438931231142,0.3628669096743813,0.4882344733767026
0.3767825869402053,0.5795795795795795,0.8318318318318317,0.6646162164047648,0.6391614489771003,0.5074471981443047
0.5203902927195397,0.5277777777777777,0.7535035035035034,0.5018766241693845,0.4951933306590858,0.4997401328984774
0.391293470102577,0.5675675675675674,0.8606106106106105,0.4461290266320177,0.9992517920365558,0.2876641610129585
0.5201401050788093,0.5275275275275274,0.7517517517517517,0.5017405863578492,0.4952386765962642,0.4996790902907372
0.5206404803602703,0.5275275275275274,0.7522522522522521,0.5018766241693845,0.4951165913807838,0.4997558295690392
0.4898674005504129,0.7492492492492491,0.5207707707707707,0.9011423688019952,0.6816784973054049,0.499923260721698
0.6957718288716539,0.4116616616616615,0.7795295295295295,0.0,0.97043968118318,0.9632227008737811
0.5201401050788093,0.5275275275275274,0.752002002002002,0.5018469749027679,0.4952840225334426,0.4996651376946823
0.5203902927195397,0.5277777777777777,0.7530030030030029,0.5018469749027679,0.4952090273296475,0.4997854788356559
0.5361521140855643,1.0,0.2414914914914915,0.0,1.0,0.1158135235537262
0.5206404803602703,0.5272772772772771,0.7525025025025025,0.5018312782322061,0.4952683258628809,0.4997558295690392
0.4085564173129848,0.5287787787787787,0.7807807807807807,0.5114149676474179,0.9739191098243716,0.4488916406508886
0.7645734300725546,0.4869869869869869,0.7477477477477477,0.4975129497532135,0.5225404189266966,0.9990233182761568
0.2722041531148362,1.0,0.021021021021021,0.0,0.9949945061653034,0.2890977902575998
0.4883662747060296,0.6884384384384383,0.484984984984985,0.4428484224846085,0.5205556621378865,0.4688525733819348
0.558418814110583,0.7917917917917916,0.0,0.8273104627029666,0.4225683241188063,0.4360587404293911
0.5494120590442834,0.5105105105105104,0.7377377377377377,0.5843155379597816,0.4694019568515967,0.4869054886024731
0.5063797848386291,0.5710710710710709,0.7525025025025025,1.0,0.5955927237211573,0.5698623925214085
0.991743807855892,1.0,1.0,0.0,1.0,0.7461080977379353
0.6785088816612461,0.5528028028028027,0.5783283283283283,0.4525088511781223,0.4569196156059787,0.6884542267645674
0.6775081310983239,0.4874874874874874,0.76001001001001,0.4829691124404834,0.4850288644330885,0.9926905837417376
0.3360020015011259,0.5185185185185184,0.8576076076076076,0.6550482236601147,1.0,0.2526396567661371
0.5111333500125095,0.518018018018018,0.7872872872872873,0.6723686275877705,0.6104871200097668,0.4529518461028655
0.5071303477608208,0.7630130130130128,0.5808308308308308,0.0,0.248275982349966,0.6693321938713221
0.5556667500625471,0.4844844844844844,0.7787787787787788,0.4994192231892146,0.5397997802466121,1.0
0.6817613209907432,0.5753253253253252,0.571071071071071,0.5805308962798891,0.3022829935294836,0.6225282104051485
0.6462346760070055,0.5735735735735734,0.7947947947947948,0.5562498909953433,0.4778258367197446,1.0
0.5769326995246437,0.628128128128128,0.575075075075075,0.6755881891274396,0.0,0.7381725587317091
0.5008756567425571,0.6614114114114114,0.7965465465465464,1.0,0.5824075204492736,0.5220206847236514
0.4678508881661247,0.6876876876876876,0.7412412412412412,1.0,0.6887594398032684,0.4710815006017057
0.5201401050788093,0.5275275275275274,0.7525025025025025,0.5018469749027679,0.4951619373179622,0.4997854788356559
0.505379034275707,0.6566566566566565,0.4131631631631631,0.3566405636848806,0.4828923731621815,0.5911662626227392
0.5206404803602703,0.5272772772772771,0.7525025025025025,0.5018469749027679,0.4951619373179622,0.4997261803024225
0.4363272454340757,0.5397897897897896,0.736986986986987,0.518145351169402,0.5052496642656574,0.3154368034602438
0.5206404803602703,0.5277777777777777,0.7525025025025025,0.5018155815616443,0.4952229799257024,0.4997715262396009
0.4813610207655743,0.7662662662662661,0.5147647647647647,1.0,0.6205905436280238,0.3613111952142596
0.5203902927195397,0.5275275275275274,0.7522522522522521,0.5018312782322061,0.4951933306590858,0.4997401328984774
0.3575181386039531,0.5405405405405405,0.506006006006006,0.0,0.8112562568672934,0.9675863752899524
0.4836127095321492,0.8215715715715715,0.6991991991991992,1.0,0.6148821877670614,0.3379772223869404
0.5206404803602703,0.5277777777777777,0.7522522522522521,0.5018016289655894,0.495177633988524,0.4996651376946823
0.5479109331999,0.5450450450450449,0.7367367367367367,0.0,0.3335525053630291,0.3945951131032318
0.5349011758819116,0.4822322322322321,0.8053053053053052,0.232725814046776,1.0,0.0289184993982943
0.6574931198398801,0.4757257257257256,0.7434934934934935,0.4956049322427054,0.4750021800931335,0.8681183180145455
0.4966224668501377,0.5563063063063062,0.8068068068068068,0.6874775450407241,0.5412491061618152,0.4663812198057101
0.6037027770828123,0.5555555555555555,0.6306306306306306,0.0,0.3556952753021609,0.4063449430559673
0.513635226419815,0.5457957957957957,0.7367367367367367,0.9933620524268796,0.5935015783874287,0.4769572876153269
0.5316487365524144,0.4962462462462461,0.7672672672672671,0.2676718349407886,0.3835760503688717,0.4806041474091773
0.5203902927195397,0.5275275275275274,0.7522522522522521,0.5018312782322061,0.495177633988524,0.4997854788356559
0.5206404803602703,0.5277777777777777,0.7530030030030029,0.5018155815616443,0.495100894710222,0.4997104836318607
0.4650988241180886,0.5568068068068067,0.8098098098098098,0.0412194568951986,0.6265866717826185,0.3967769503113173
0.8593945459094323,0.2845345345345345,0.7407407407407407,0.5063030852678027,0.4957270174581858,0.5001988244937824
0.4525894420815612,0.5598098098098097,0.8483483483483483,0.2948200987146171,0.7956136526152398,0.3713378795542146
0.0,1.0,0.0,0.0161309451139753,0.5366552139107382,0.7787205469417653
0.5178884163122343,0.6621621621621621,0.5508008008008007,0.0,0.3051519960932731,0.5587997279243769
0.9086815111333502,0.6711711711711711,0.7452452452452452,0.5316043741388632,0.4368976402671922,0.0
0.5093820365273957,0.6646646646646646,0.7089589589589589,0.4046357500392417,0.2711966095191587,0.0
0.2677007755816863,0.7079579579579578,0.7540040040040039,0.403918935416921,0.4736452901267942,0.0
0.4288216162121592,0.6468968968968968,0.7354854854854854,0.4664422624134503,0.3540767741597921,0.0
0.5201401050788093,0.5272772772772771,0.7527527527527527,0.5018312782322061,0.4951933306590858,0.4997854788356559
0.0,0.9917417417417416,0.1844344344344344,0.0,0.0,0.0
0.6399799849887418,0.5007507507507507,0.6781781781781782,0.5436751138008615,0.4080087901355146,0.0
0.1918939204403303,1.0,0.5332832832832832,0.0,0.0007168146223207,1.0
1.0000000000000002,0.9471971971971972,0.004004004004004,1.0,0.0594711966095191,0.3923365366168442
0.6122091568676509,0.5372872872872871,0.7344844844844844,0.4905697891413921,0.5106981530250972,1.0
0.2832124093069803,0.5625625625625624,0.7282282282282282,0.6501805117114603,0.5759056106876885,0.0381062839004482
0.8203652739554668,0.4216716716716716,0.7494994994994995,0.5025027469173483,0.4832900221497462,0.4038735894797426
0.5203902927195397,0.5277777777777777,0.7527527527527527,0.5018155815616443,0.4951165913807838,0.4997261803024225
0.0,0.7685185185185184,0.5575575575575575,0.5612867781711635,0.6048712000976681,0.0
0.7960970728046036,0.4014014014014013,0.7407407407407407,0.5073704588660027,0.4959554912185848,0.4049252664073809
0.5206404803602703,0.5277777777777777,0.7522522522522521,0.5018609274988227,0.4952229799257024,0.499694786961299
0.5208906680010009,0.5277777777777777,0.7525025025025025,0.5018312782322061,0.4951165913807838,0.499694786961299
0.536902677007756,0.5585585585585585,0.8123123123123123,0.9827092453389608,0.606564696443832,0.5200830179465267
0.4123092319239431,0.5060060060060059,0.8546046046046045,0.2016080366953276,1.0,0.214289202434728
0.6012009006755068,0.8383383383383383,0.0,0.0008545965083628,0.9952090273296474,0.2933097301916738
0.6629972479359522,0.5865865865865865,0.6461461461461461,0.5330083541168879,0.8523693252175732,0.4978792053996547
0.5206404803602703,0.5275275275275274,0.7527527527527527,0.5018155815616443,0.4952229799257024,0.4997715262396009
0.3370027520640481,0.5500500500500499,0.8095595595595595,0.4306102516699513,0.9995413084046952,0.3185656731255559
0.5313985489116839,0.5042542542542542,0.8731231231231231,0.2435286115422851,0.7188377487486265,0.4472138409752865
0.4170627970978234,0.5202702702702702,0.7117117117117117,0.5708861642569371,0.2433925737307498,0.7226380870990808
0.4253189892419315,0.874124124124124,0.6231231231231231,0.0,0.4079930934649528,0.4251617629105115
0.1366024518388792,0.5305305305305305,0.2952952952952953,1.0,0.503906726895373,0.1861032143293161
0.0245183887915937,1.0,0.7352352352352352,0.0,0.3145979036224428,1.0
0.5444083062296724,0.5047547547547546,0.7917917917917918,0.5889704728185988,0.5340164291818547,0.5785007935539006
0.5283962972229174,0.4707207207207206,0.7267267267267267,0.6481050630482934,0.5030678270575719,0.496170012382929
0.5203902927195397,0.5277777777777777,0.7527527527527527,0.5018155815616443,0.4952090273296475,0.4997401328984774
0.5211408556417314,0.5275275275275274,0.7507507507507507,0.5018923208399463,0.4951165913807838,0.4998168721767794
0.5203902927195397,0.5275275275275274,0.7527527527527527,0.5018016289655894,0.4951322880513455,0.4997401328984774
0.3420065048786591,0.5883383383383383,0.8445945945945945,0.6038648691072083,0.8733522856096412,0.2449029422536931
0.7730798098573932,0.8518518518518517,1.0,0.0,1.0,0.937828976053857
0.5641731298473857,0.5177677677677677,1.0,0.0,0.9375080663445944,0.5017091930167257
0.2794595946960221,0.5678178178178177,0.7647647647647646,0.6629994593369029,0.8601827790083192,0.3065245827301742
0.469352014010508,0.7304804804804803,0.5037537537537538,0.0932120620192894,0.4688979193191133,0.5132305492090622
0.7863397548161122,0.2507507507507507,0.7680180180180181,0.5202504490991855,0.4847393480649493,0.7291086035195423
0.6312234175631726,0.5462962962962962,0.5528028028028028,0.383865566737011,0.0,0.8329577759561888
0.560170127595697,0.4952452452452451,0.7382382382382382,0.4731116033276941,0.472820342885048,0.1001255733644941
0.7828371278458846,1.0,1.0,0.0,1.0,0.559256675445175
0.4298223667750814,0.9236736736736736,0.4539539539539539,1.0,0.4078553115789106,0.0
0.4590943207405555,0.7229729729729728,0.7252252252252251,1.0,0.6656085947991698,0.4348378882745871
0.5203902927195397,0.5275275275275274,0.7522522522522521,0.5018312782322061,0.4952683258628809,0.4997715262396009
0.8799099324493371,0.8543543543543543,0.6819319319319319,1.0,0.0,0.1855852242007778
0.5001250938203654,0.7847847847847846,0.5588088088088088,0.0,0.2912185848579451,0.3871165216178035
0.5203902927195397,0.5277777777777777,0.7525025025025025,0.5017702356244659,0.4952386765962642,0.4997261803024225
0.4013009757317989,0.5075075075075074,0.8335835835835835,0.4281981966269599,1.0,0.3199400038369639
0.5203902927195397,0.5277777777777777,0.7522522522522521,0.5018609274988227,0.4951933306590858,0.4997104836318607
0.5098824118088567,0.4654654654654653,0.8065565565565564,0.1872019812686398,1.0,0.2817412839876519
0.539654741055792,0.4837337337337336,0.831081081081081,0.2773479603048642,0.4741179343181541,0.512941032840923
0.5361521140855643,0.6246246246246245,0.5558058058058057,0.0,0.8903971257652127,0.6035125660568219
0.5206404803602703,0.5275275275275274,0.7525025025025025,0.5018766241693845,0.4951322880513455,0.4997261803024225
0.6427320490367777,0.5247747747747746,0.724974974974975,0.4936358721244571,0.486677014842074,1.0
0.505379034275707,0.5150150150150149,0.720970970970971,0.6119678392660934,0.54517152972775,0.4877147391736575
0.4998749061796348,0.5938438438438437,0.7452452452452452,0.6924969914714756,0.5517484346931301,0.4312956729511484
0.4285714285714287,0.7777777777777777,0.7007007007007007,1.0,0.6652126898861119,0.5115823988000767
0.5233925444083064,0.5190190190190189,0.7552552552552552,0.99700891222073,0.5573486579346669,0.4544779112963706
0.5206404803602703,0.5275275275275274,0.7527527527527527,0.5018609274988227,0.4952090273296475,0.4997715262396009
0.4585939454590944,0.633133133133133,0.7482482482482482,0.5018016289655894,0.5589061164692956,1.0
0.8198648986740057,0.7507507507507506,0.7982982982982982,0.4840364860386835,0.4349128834783822,0.0
0.998999249437078,0.2122122122122121,0.797047047047047,0.5214102586462493,0.4548895128799902,0.6309817395399131
0.5206404803602703,0.5277777777777777,0.7525025025025025,0.5018016289655894,0.4951619373179622,0.4997401328984774
0.6134600950713036,0.5242742742742742,0.8861361361361361,0.3089819837103441,1.0,0.2639168425275128
0.8889166875156369,0.5390390390390389,0.7812812812812813,0.5296213614245601,0.5262797146694107,0.0
0.3527645734300726,0.5182682682682682,0.6381381381381381,0.6475085895669463,0.1326909325566388,0.7778955997000192
0.4723542656992746,0.7179679679679678,0.5222722722722722,0.0029753911087082,0.5025184435879101,0.5336955194725919
0.9694771078308732,1.0,0.0,1.0,0.0218985995081709,1.0
0.7523142356767578,0.6621621621621621,0.0818318318318319,1.0,0.523196190941277,0.804632261890228
0.5203902927195397,0.5272772772772771,0.7525025025025025,0.5018312782322061,0.4952386765962642,0.4997401328984774
0.5233925444083064,0.7277277277277276,0.4419419419419419,0.0704135200655772,0.3418229066745731,0.624099621535832
0.4731048286214662,0.6636636636636636,0.7747747747747746,1.0,0.6864694699757574,0.5823307811709716
0.4060545409056794,0.6053553553553552,0.7855355355355355,0.4703629419048781,0.5053403561400143,1.0
0.505879409557168,0.5798298298298298,0.7417417417417417,0.5520239984652144,0.5781798838446378,1.0
0.4713535151363524,0.4491991991991991,0.6356356356356356,0.6142421124230427,0.0,0.7585311404503201
0.5181386039529648,0.4964964964964964,0.7785285285285285,0.4979855939445733,0.457118440099761,0.4824354256413834
0.4245684263197399,0.4994994994994994,0.7104604604604604,0.5191830755009854,0.0,0.6835394248042277
0.1240930698023518,0.7104604604604603,0.7207207207207207,0.5065158623576399,0.5166960252541989,0.0009470324572266
0.5206404803602703,0.5277777777777777,0.7527527527527527,0.5018312782322061,0.4952386765962642,0.4997104836318607
0.5746810107580687,0.6123623623623623,0.3053053053053053,1.0,1.0,0.5388998378010709
0.5308981736302228,0.7822822822822821,0.642142142142142,1.0,0.7455587142682736,0.4745609292428973
0.5349011758819116,0.5292792792792792,0.6251251251251251,0.6613652615239723,0.0,0.8898791356366744
0.6639979984988743,0.9697197197197196,0.0,0.0,0.8915272860456599,0.9320438809145928
0.5426569927445586,0.7079579579579578,0.7512512512512513,0.0,0.1925597781537227,0.5141915342623437
0.4956217162872155,0.2662662662662662,0.27002002002002,0.5662922720058601,0.2291243001901041,0.085749167204423
0.6847635726795098,0.5973473473473473,0.6041041041041041,0.4488305980431484,0.600521478277552,0.5259431082895861
0.5206404803602703,0.5275275275275274,0.7527527527527527,0.5019219701065629,0.4951322880513455,0.4997854788356559
0.0017513134851139,0.88013013013013,0.2652652652652653,1.0,0.1557039956746952,0.0
0.5891918939204405,1.0,0.0,0.0,1.0,0.4849538692292934
0.4803602702026521,0.5973473473473473,0.5835835835835835,0.5989047212096901,0.0,0.8509496485689869
0.5206404803602703,0.5275275275275274,0.7532532532532532,0.5017859322950277,0.4951619373179622,0.4997261803024225
0.4130597948461347,0.5037537537537536,0.8105605605605605,0.5005197342030452,0.505356052810576,0.5398765195249141
0.5118839129347011,0.4664664664664664,0.775025025025025,0.1986169489160577,0.5664143572213405,0.4626105307218724
0.4948711533650239,0.6408908908908908,0.7282282282282282,0.9899436663934282,0.4991297068210754,0.5380905872298865
0.5161371028271204,0.4969969969969969,0.7222222222222222,0.3586706664108691,0.3578771125102464,0.5452936149432304
0.472104078058544,0.7957957957957957,0.552052052052052,0.0,0.4548127736016882,0.4843434431518914
0.5201401050788093,0.5275275275275274,0.7522522522522521,0.5018155815616443,0.4951322880513455,0.4997854788356559
0.5208906680010009,0.5275275275275274,0.7525025025025025,0.5018155815616443,0.4952229799257024,0.4997558295690392
0.5799349512134102,0.4324324324324323,0.5825825825825826,0.4200184871897727,0.0,0.7273069745539529
0.281711283462597,0.6013513513513513,0.8458458458458458,0.3162460540314282,1.0,0.2126567486963043
0.2539404553415062,0.647147147147147,0.8430930930930931,0.559943840800879,0.550070635017528,0.4002406822819471
0.4420815611708782,0.4752252252252251,0.6408908908908908,0.5548005650801402,0.0,0.7132671747737063
0.2514385789342007,0.5725725725725724,0.8678678678678677,0.5002145211643442,0.9568114829865532,0.303320717861067
0.5581686264698525,0.5467967967967967,0.7717717717717717,0.4539442244972705,1.0,0.2818337199365157
0.4518388791593696,0.7037037037037036,0.798048048048048,0.901309799954654,0.5018609274988227,0.4420252193173692
0.4938704028021017,0.7217217217217216,0.4314314314314314,0.8075326577951409,0.5793553900622634,0.5879310044125086
0.4668501376032025,0.7695195195195195,0.4664664664664664,1.0,0.7343739644557615,0.6355442384498666
0.5206404803602703,0.5275275275275274,0.7530030030030029,0.5018766241693845,0.4951462406474005,0.4998325688473412
0.7860895671753817,0.9326826826826824,0.0,1.0,0.1472801158065472,1.0
0.4283212409306981,0.5207707707707707,0.8663663663663663,0.4140973542389731,1.0,0.2247431850288644
0.4408306229672255,0.8028028028028027,0.7667667667667667,1.0,0.8399619791757504,0.3359628163315137
0.5203902927195397,0.7402402402402402,0.5015015015015015,0.0,0.356610914418264,0.5000610426077402
0.6735051288466352,0.5057557557557557,0.6961961961961962,0.4330676526501212,0.9853044282051728,0.4193941085163158
0.5253940455341507,0.6003503503503502,0.6911911911911912,0.0,0.9652214102586464,0.8075326577951409
0.722291718789092,0.4554554554554554,0.7765265265265264,0.518450564208103,0.4799466313200899,0.62402288225753
0.8616462346760072,0.7852852852852852,0.7912912912912913,0.5216404764811553,0.5232118876118388,1.0
0.5193895421566176,0.5272772772772771,0.7527527527527527,0.5018016289655894,0.4951619373179622,0.4997104836318607
0.5206404803602703,0.562062062062062,0.7407407407407407,0.0,0.4103284092296423,0.5007028620262658
0.5008756567425571,0.6146146146146145,0.8138138138138138,0.9846329595200308,0.5501159809547064,0.5216701257477719
0.5201401050788093,0.5275275275275274,0.7517517517517517,0.5017702356244659,0.4952683258628809,0.4997261803024225
0.4070552914686016,0.4604604604604603,0.7242242242242242,0.5710692920801577,0.0,0.7343425711146381
0.5203902927195397,0.5272772772772771,0.7517517517517517,0.5018016289655894,0.4951933306590858,0.4997261803024225
0.5854390793094822,1.0,0.9224224224224224,1.0,0.6845631965397562,0.0255315067059664
0.4323242431823869,0.4717217217217216,0.8185685685685685,0.3235868636308143,1.0,0.1818145351169402
0.4713535151363524,0.7442442442442441,0.4909909909909909,6.104260774025816e-05,0.3239077733400771,0.5012661980919825
0.5211408556417314,0.5272772772772771,0.752002002002002,0.5018016289655894,0.495177633988524,0.4996790902907372
0.5206404803602703,0.5275275275275274,0.7527527527527527,0.5018766241693845,0.4952090273296475,0.4998011755062176
1.0000000000000002,1.0,0.0,0.0,1.0,0.1945113975269023
0.5203902927195397,0.5277777777777777,0.7525025025025025,0.5018016289655894,0.4951933306590858,0.499694786961299
0.4936202151613711,0.4774774774774774,0.7192192192192192,0.9583375481800582,0.5447599281441303,0.5313915970490259
0.4698523892919691,0.7737737737737737,0.6091091091091091,0.0,0.2863508729092907,0.4715384481225038
0.5051288466349764,0.4747247247247246,0.7194694694694694,0.5679107731482289,0.5027469173483091,0.4939410851631581
0.5521641230923193,0.6143643643643643,0.6258758758758758,0.6581160507176866,0.0,0.7918743568725256
0.615461596197148,0.5112612612612611,0.7404904904904904,0.5072937195877008,0.4824964682491236,0.8600903430594555
0.6805103827870904,1.0,0.526026026026026,0.0,1.0,0.8948392835341925
0.4463347510632976,0.602102102102102,0.7489989989989989,0.5780734952997192,0.5552278633343216,0.7367685787536844
0.5201401050788093,0.5275275275275274,0.752002002002002,0.5017702356244659,0.4951933306590858,0.4996790902907372
0.3234926194645985,0.7187187187187186,0.7675175175175175,0.5144827947049898,0.5016934963461639,1.0
0.7210407805854393,0.3828828828828828,0.1979479479479479,1.0,0.0,0.2522577044491341
0.5206404803602703,0.5277777777777777,0.7527527527527527,0.5018609274988227,0.4951322880513455,0.4997261803024225
0.6599949962471856,0.4729729729729729,0.7630130130130129,0.5291626698292551,0.5501316776252682,1.0
0.6162121591193397,0.5863363363363362,0.5472972972972973,0.5586322967717181,0.0071105917644802,0.6469749027678462
0.1488616462346761,0.5435435435435434,0.6624124124124124,0.5720006278668225,0.8183075500985402,0.3688351326368662
0.479859894921191,0.7505005005005003,0.5480480480480481,1.0,0.7904860735650627,0.4894396288609449
0.4711033274956218,0.5202702702702702,0.7537537537537538,0.4981983710344106,0.4984582381359331,0.5284458552069344
0.4948711533650239,0.6961961961961961,0.3766266266266266,0.0,0.2509304637494114,0.6217189598339641
0.4983737803352516,0.4509509509509509,0.6906906906906907,0.5039991628442367,0.0,0.8420827737760956
0.9854891168376284,0.3616116116116115,0.7367367367367367,0.4882344733767026,0.4941556063275023,0.3493311474266181
0.440580435326495,0.5095095095095095,0.7522522522522521,0.5555487730435844,1.0,0.206934440239287
0.5201401050788093,0.5272772772772771,0.752002002002002,0.5018923208399463,0.495177633988524,0.4997261803024225
0.4028021015761822,0.668168168168168,0.7034534534534533,0.556342326944207,0.5688874548720722,0.9991140101505136
0.5669251938954217,0.6236236236236236,0.6266266266266266,0.0,0.2800181383748714,0.5519158658457889
0.6805103827870904,1.0,0.9829829829829828,1.0,0.0,0.6393288801297592
0.5106329747310484,0.6659159159159158,0.7847847847847848,0.1806250763032597,0.5459197376911942,0.5206010080750649
0.6289717287965976,0.5425425425425424,0.7374874874874874,0.4662748312607914,0.4162338455098802,0.0
0.5203902927195397,0.5277777777777777,0.7532532532532532,0.5018155815616443,0.4950555487730436,0.4998168721767794
0.5006254691018265,0.7284784784784784,0.5137637637637638,0.9988244937823744,0.5691455778990878,0.6094493956781833
0.6119589692269203,0.502002002002002,0.5805805805805806,0.3747859148542826,0.0,0.6456180128015069
0.5574180635476609,0.6203703703703702,0.7702702702702702,0.4816872176779392,0.51255908052392,1.0
0.2524393294971229,0.4714714714714714,0.6106106106106106,0.5828051694368384,0.0322758428240055,0.6482411008598288
0.5824368276207157,0.5012512512512511,0.6806806806806807,0.4344105900204056,0.0,0.6120742278110121
0.4716037027770829,0.4762262262262261,0.6721721721721721,0.422369499625024,0.0,0.8773950503165495
0.2524393294971229,1.0,0.4401901901901902,1.0,0.9582015103685227,0.0
0.5081310983237429,0.7850350350350348,0.5528028028028028,1.0,0.6867293370772799,0.4293126602368453
0.0845634225669252,0.7414914914914914,0.7532532532532532,0.4875630046915604,0.4571323926958159,0.77461499555261
0.8398799099324495,0.8175675675675674,0.0,1.0,0.2702809704030556,0.8130718384289377
0.8906680010007507,0.6153653653653652,0.7364864864864864,0.4588729790536652,0.4924307166402148,1.0
0.5256442331748813,0.633133133133133,0.5898398398398398,1.0,0.5793396933917017,0.5569231037549924
0.5449086815111335,0.5645645645645645,0.6236236236236236,0.5079198423356646,0.0,0.8088459458988088
0.7645734300725546,0.4371871871871871,0.7472472472472472,0.4792001674311527,0.4195161937317962,0.0343512914871724
0.5208906680010009,0.5275275275275274,0.7527527527527527,0.5018016289655894,0.4952090273296475,0.4997104836318607
0.5766825118839131,0.4964964964964964,0.5753253253253253,0.5870624553080908,1.0,0.3777159600258123
1.0000000000000002,0.6701701701701701,0.6651651651651651,0.7459406665852765,1.0,0.657474231299161
0.7080310232674507,0.4727227227227226,0.725975975975976,0.5002738196975774,0.521516647191168,1.0
0.5201401050788093,0.5272772772772771,0.7525025025025025,0.5018155815616443,0.4952090273296475,0.4997854788356559
0.5201401050788093,0.5272772772772771,0.7525025025025025,0.5018766241693845,0.4952683258628809,0.4997261803024225
0.1358518889166876,0.8661161161161159,0.8065565565565564,0.6235502380661702,0.5227078500793554,1.0
0.7425569176882664,0.5595595595595595,0.4812312312312312,0.5302928301097023,0.4761637337147043,0.6018347663812198
0.4463347510632976,0.4534534534534534,0.7477477477477477,0.2629262082076146,1.0,0.2311073129044072
0.3840380285213911,0.5205205205205204,0.6979479479479479,0.719111568446204,0.004745626733174,0.768800251146729
0.4846134600950714,0.7259759759759759,0.511011011011011,0.0119190051799012,0.2562725639639325,0.5253326822121841
0.1431073304978735,1.0,0.0,0.0007011179517588,0.2903639883495823,0.0
0.5414060545409058,0.5873373373373372,0.58008008008008,0.6018487189772747,0.0,0.8494532326420985
0.9657242932199152,0.2104604604604604,0.7990490490490489,0.5219299928492945,0.4920034183860334,0.1667527076756719
0.2384288216162122,0.528028028028028,0.5623123123123123,0.5207387899611071,1.0,0.2624378673456929
0.5203902927195397,0.5275275275275274,0.7525025025025025,0.5018016289655894,0.495177633988524,0.4997715262396009
0.5248936702526896,0.7107107107107106,0.4609609609609609,1.0,0.684425414653714,0.638962624483318
0.3239929947460597,0.6003503503503502,0.6771771771771771,0.6020789368121806,0.4431379388527477,0.6121963130264925
0.5206404803602703,0.5275275275275274,0.7530030030030029,0.5018609274988227,0.4951619373179622,0.4997558295690392
0.1108331248436327,0.9677177177177176,1.0,1.0,0.5974693478905418,0.0366412613146834
0.5278959219414562,0.6023523523523522,0.3661161161161161,0.0635767479986745,0.4247955072640703,0.5753876205591503
0.6777583187390545,0.4544544544544543,0.7615115115115114,0.5159321206201929,0.4891954584299841,0.7306800146502258
0.5203902927195397,0.5275275275275274,0.7527527527527527,0.5017859322950277,0.495177633988524,0.4997104836318607
0.5256442331748813,0.4794794794794794,0.714964964964965,0.3666672480248356,0.0,0.947091755759806
0.5201401050788093,0.5275275275275274,0.7522522522522521,0.5018923208399463,0.4951933306590858,0.4996790902907372
0.4821115836877659,0.6148648648648648,0.7642642642642642,0.5138723686275878,0.5539459685717774,1.0
0.2954716037027772,0.551051051051051,0.7540040040040039,0.4853340774717896,0.4774456284772485,0.8288818738336501
0.8336252189141857,0.8626126126126125,1.0,0.0896401974292341,0.5446988855363901,0.8177581666288785
0.1578684013009758,0.4662162162162161,0.2044544544544544,0.2778816471039643,0.0,0.0
0.5206404803602703,0.5275275275275274,0.7525025025025025,0.5017545389539041,0.4952229799257024,0.4997104836318607
0.5203902927195397,0.5277777777777777,0.7527527527527527,0.5018312782322061,0.495177633988524,0.4997401328984774
0.5203902927195397,0.5275275275275274,0.7522522522522521,0.5018155815616443,0.4952229799257024,0.4997104836318607
0.4238178633975483,0.5062562562562561,0.6934434434434434,0.6756509758096866,0.0491846451680416,0.7719291208120411
0.5206404803602703,0.5277777777777777,0.7527527527527527,0.5018016289655894,0.4951322880513455,0.4997261803024225
0.5203902927195397,0.5275275275275274,0.7525025025025025,0.5018766241693845,0.4952229799257024,0.4997401328984774
0.4613460095071304,0.7094594594594593,0.772022022022022,1.0,0.7197987338019081,0.435157053909343
0.5201401050788093,0.5275275275275274,0.7522522522522521,0.5018469749027679,0.4952386765962642,0.4997401328984774
0.3460095071303478,0.9454454454454452,0.0,1.0,0.6100441250850236,0.4927812756160943
0.5201401050788093,0.5277777777777777,0.7525025025025025,0.5018469749027679,0.4951619373179622,0.4996790902907372
0.0,0.8703703703703702,0.4559559559559559,0.2274744057066117,0.4899279697228665,0.0
0.5203902927195397,0.5277777777777777,0.7525025025025025,0.5018609274988227,0.4951619373179622,0.4997401328984774
0.4766074555916939,0.5568068068068067,0.8883883883883883,0.416859968257844,1.0,0.2716849503810803
0.4768576432324244,0.5400400400400399,0.817067067067067,0.9367755550517118,0.5394335246001709,0.3999058199766294
0.8851638729046787,0.5965965965965965,0.013013013013013,1.0,0.0,0.0
1.0000000000000002,0.6549049049049048,0.1589089089089089,1.0,0.0,0.0706559464220311
0.9084313234926196,0.9987487487487484,0.8833833833833833,1.0,1.0,0.0
0.8076057042782089,0.7507507507507506,0.7802802802802802,0.5054781380260565,0.5094459075291696,1.0
0.5203902927195397,0.5275275275275274,0.7522522522522521,0.5018312782322061,0.4952386765962642,0.4998168721767794
0.5206404803602703,0.5277777777777777,0.7527527527527527,0.5018312782322061,0.4952090273296475,0.4997558295690392
0.8166124593445085,0.4974974974974974,0.7354854854854854,0.4951933306590858,0.4642743778014196,0.9565690566300992
0.5203902927195397,0.5272772772772771,0.7522522522522521,0.5018155815616443,0.4952386765962642,0.4998622181139578
0.5203902927195397,0.5277777777777777,0.7522522522522521,0.5018469749027679,0.4951933306590858,0.4997401328984774
0.0,0.9044044044044044,0.0,0.6314700804018347,0.0506967577654917,0.3961665242339153
0.5203902927195397,0.5277777777777777,0.7530030030030029,0.5018155815616443,0.4952090273296475,0.4997401328984774
0.988991743807856,0.6056056056056055,0.7067067067067067,0.499312834644296,0.5017702356244659,0.0
0.5283962972229174,0.5778278278278277,0.6946946946946947,0.4311892844062298,0.456202800983658,0.0
0.4738553915436578,0.3701201201201201,0.7935435435435434,0.2830231787501962,0.3965938224880967,0.5495212515478661
0.9894921190893172,0.9734734734734732,0.0,0.0,1.0,0.0
0.5203902927195397,0.5277777777777777,0.7527527527527527,0.5018155815616443,0.4952683258628809,0.4997104836318607
0.4893670252689518,0.5397897897897896,0.752002002002002,0.0,0.5083628372604078,0.5059054362802379
0.5198899174380787,0.5277777777777777,0.7517517517517517,0.5017405863578492,0.4952229799257024,0.4997104836318607
0.5206404803602703,0.5275275275275274,0.7522522522522521,0.5018155815616443,0.4952229799257024,0.4997558295690392
0.3102326745058795,0.2550050050050049,0.837087087087087,0.4935591328461552,1.0,0.6726581439559098
1.0000000000000002,0.991241241241241,0.3893893893893894,1.0,0.0,0.0
0.5316487365524144,0.4874874874874874,0.8483483483483483,0.9331269511833544,0.721935225072815,0.3809058722988646
0.263447585689267,1.0,0.033033033033033,1.0,0.0,0.695381690705827
0.3142356767575682,0.6544044044044043,0.9086586586586586,0.6597642011266721,0.702799239583515,0.341060746115074
0.5206404803602703,0.5275275275275274,0.7527527527527527,0.5018312782322061,0.4951462406474005,0.4997558295690392
0.5133850387790845,0.7807807807807807,0.541041041041041,0.0,0.1343251303695694,0.5802099865706263
0.5203902927195397,0.5275275275275274,0.7522522522522521,0.5018016289655894,0.495254373266826,0.4997261803024225
0.5243932949712286,0.4426926926926926,0.6724224224224223,0.0550761288522245,0.4663044805274081,0.5093848649214294
0.6845133850387792,0.3688688688688688,0.7640140140140139,0.4840364860386835,0.4604443901843487,0.1273348797460627
0.4818613960470354,0.7362362362362361,0.7477477477477477,1.0,0.5427455220887036,0.488370511188238
0.2889667250437829,0.6253753753753752,0.8778778778778777,0.577935713413677,0.7237211573678428,0.412876502084169
0.3370027520640481,0.5265265265265264,0.6163663663663663,0.4909970873955735,0.0657271918656365,0.6962066379475731
0.5106329747310484,0.6493993993993993,0.7297297297297297,0.3904128224357744,0.3610827214538605,0.0
0.6274706029522144,0.572072072072072,0.525025025025025,0.4972827319183076,0.0,0.6551860055461569
0.1961471103327496,0.699199199199199,0.7232232232232232,0.6084430646877235,0.5650871165216178,0.5921586410171442
0.4773580185138855,0.7685185185185184,0.5132632632632632,0.5715105429303939,0.5318031986326456,0.6467917749446256
1.0000000000000002,1.0,1.0,0.6103650347942864,0.3555731900866805,0.7449343355948166
0.7490617963472606,0.8153153153153152,0.7252252252252251,0.3752289097790258,0.347728342954811,0.0
0.3199899924943709,0.9446946946946946,0.0,0.8694298620437064,0.5558696827528472,0.4945061653033817
0.5203902927195397,0.5275275275275274,0.7522522522522521,0.5018312782322061,0.4952229799257024,0.4997558295690392
0.0485364023017264,0.7467467467467466,0.0,0.5652231543331531,1.0,0.8358110818494167
0.6777583187390545,0.4822322322322321,0.7457457457457457,0.5110644086715385,0.4950851980396603,0.6761079233304846
0.4796097072804605,0.6669169169169168,0.8138138138138138,0.0,1.0,0.7420496363604653
1.0000000000000002,0.8763763763763762,0.2222222222222222,0.4549959014249088,0.2594921255036015,0.0071262884350419
0.6169627220415312,0.5077577577577577,0.6241241241241241,0.3703611978303713,0.0,0.817177389818093
0.0,0.7530030030030028,0.8395895895895895,1.0,1.0,1.0
0.5203902927195397,0.5272772772772771,0.7522522522522521,0.5018016289655894,0.4952090273296475,0.4997104836318607
0.5203902927195397,0.5272772772772771,0.7522522522522521,0.5018016289655894,0.4952090273296475,0.4997558295690392
0.8846634976232175,0.8596096096096095,0.8395895895895895,1.0,0.0,0.545781955805152
0.4913685263947962,0.4819819819819819,0.6884384384384383,0.4925981477928737,0.0,0.717800024417043
0.4298223667750814,0.5998498498498498,0.6811811811811811,0.0,0.4508607007691368,0.4253902366709106
0.7190392794595949,0.4914914914914914,0.736986986986987,0.5070512932312469,0.504745626733174,0.6044142525768701
0.0297723292469352,0.9699699699699698,0.074074074074074,0.0,0.0452622216021068,0.0
0.4588441330998249,0.5432932932932932,0.9409409409409408,0.500151734482097,1.0,0.2235066362034986
0.5201401050788093,0.5275275275275274,0.7517517517517517,0.5018016289655894,0.4952386765962642,0.4996651376946823
0.5506629972479361,0.6213713713713712,0.7414914914914914,1.0,0.6270139700367999,0.4729581247710902
0.5201401050788093,0.5277777777777777,0.7525025025025025,0.5018312782322061,0.4951165913807838,0.4997558295690392
0.6735051288466352,0.6366366366366365,0.0222722722722723,0.0,1.0,1.0
0.6302226670002503,0.8295795795795795,0.761011011011011,0.5673142996668817,0.5794007359994419,1.0
0.498123592694521,0.7437437437437436,0.4654654654654654,0.8403282348221915,0.5567399759317718,0.5129253361703612
0.5203902927195397,0.5275275275275274,0.7522522522522521,0.5018609274988227,0.495177633988524,0.4997261803024225
0.5166374781085816,0.5147647647647646,0.7685185185185185,0.2517554109911575,0.4567050944416345,0.4587665905087465
1.0000000000000002,0.949199199199199,1.0,1.0,0.5673003470708269,0.0655911540541012
0.5436577433074807,0.6634134134134133,0.8348348348348348,0.4486631668904896,0.4518687758341036,0.0
0.7640730547910934,0.5685685685685685,0.5685685685685685,0.5461935573887716,0.5334060031044526,0.5763486056124317
0.5203902927195397,0.5275275275275274,0.7525025025025025,0.5019080175105081,0.4952229799257024,0.499694786961299
0.5203902927195397,0.5277777777777777,0.7527527527527527,0.5018469749027679,0.4952229799257024,0.4997854788356559
0.4938704028021017,0.7054554554554553,0.527027027027027,0.6737883042363569,0.6133718192441181,0.5037846416798926
0.5203902927195397,0.528028028028028,0.7522522522522521,0.5017702356244659,0.4952090273296475,0.4996790902907372
0.977983487615712,1.0,0.8468468468468469,1.0,0.0,0.0003366063798245
0.4020515386539906,0.7900400400400399,0.9209209209209208,0.4414897884437623,0.4074908000069763,1.0
0.4951213410057544,0.6483983983983983,0.6176176176176176,1.0,0.5869246734220486,0.5164658074192929
0.5201401050788093,0.5275275275275274,0.7522522522522521,0.5018155815616443,0.4951462406474005,0.4997261803024225
0.5203902927195397,0.5277777777777777,0.7530030030030029,0.5017859322950277,0.4952840225334426,0.4998168721767794
0.5023767825869403,0.7459959959959959,0.6311311311311311,0.0,0.3607618117445977,0.4123881612222474
0.2116587440580436,0.8836336336336335,0.0,0.3066623646162164,0.8475312625355356,0.5267052688490852
0.0587940955716788,1.0,0.3378378378378378,0.0,0.0019237141810698,0.6751155449360797
0.5023767825869403,0.6403903903903903,0.7252252252252251,1.0,0.5273174390009941,0.4951933306590858
0.0,0.9466966966966964,0.5575575575575575,0.0,0.0,0.1719884193452744
0.5203902927195397,0.5275275275275274,0.7522522522522521,0.5018766241693845,0.4952090273296475,0.4997401328984774
0.5203902927195397,0.5275275275275274,0.7522522522522521,0.5017859322950277,0.495177633988524,0.4997558295690392
0.4408306229672255,0.5445445445445445,0.6724224224224223,0.602888187383365,0.1690269808326212,0.6767183494078867
0.3852889667250438,0.5738238238238237,0.7990490490490489,0.5810802797495509,0.4239112614890908,0.4599246559813035
0.4808606454841132,0.5565565565565564,0.7187187187187187,1.0,0.6573521460836806,0.491270907093151
0.4726044533400051,0.6819319319319318,0.6946946946946947,0.0,0.1970141444442506,0.5477056699862218
0.5201401050788093,0.5275275275275274,0.7525025025025025,0.5018766241693845,0.495177633988524,0.4997401328984774
0.612709532149112,0.5112612612612611,0.6268768768768769,0.5021975338786473,0.9998482655179028,0.2355337740028254
0.3715286464848637,1.0,0.3265765765765765,0.0,1.0,0.5335734342571115
0.1058293720290218,0.9554554554554552,0.3703703703703703,1.0,0.6263425013516577,0.0868793274848701
0.5203902927195397,0.5275275275275274,0.7522522522522521,0.5018155815616443,0.4951322880513455,0.4997401328984774
0.5203902927195397,0.5275275275275274,0.752002002002002,0.5018016289655894,0.4952229799257024,0.4998011755062176
0.5246434826119591,0.7432432432432431,0.4942442442442442,1.0,0.7594624762369848,0.5024260076390463
0.148361270953215,0.7029529529529528,0.7740240240240239,0.4150443866961997,0.4488462947137102,0.0
0.5554165624218165,0.5437937937937937,0.6516516516516516,0.0,0.4090779078082215,0.4560650190976159
0.5206404803602703,0.5275275275275274,0.7522522522522521,0.5018609274988227,0.495177633988524,0.4996790902907372
0.2104078058543909,1.0,0.0,0.4034759404921778,0.8865671381481417,0.6912464900500549
1.0000000000000002,0.8806306306306305,1.0,1.0,0.0,0.7921952665817884
0.4791093319989993,0.7052052052052051,0.5758258258258258,0.0,0.2085215480405323,0.4913162530303294
0.5206404803602703,0.5277777777777777,0.7525025025025025,0.5018312782322061,0.4950398521024818,0.4998168721767794
0.5844383287465601,0.4829829829829829,0.5938438438438438,0.5027312206777473,0.0,0.7226677363656975
0.5206404803602703,0.5275275275275274,0.7525025025025025,0.5018016289655894,0.495177633988524,0.4997558295690392
0.498123592694521,0.5700700700700699,0.73998998998999,0.5337408654097703,0.5747004552034463,1.0
0.2807105328996748,0.5998498498498498,0.7637637637637638,0.458124771090221,0.5148176570103075,0.2833144391928423
0.4525894420815612,0.517017017017017,0.7427427427427427,0.6396497898390219,0.0943265256291748,0.7104435181470953
0.0,0.6258758758758758,0.6651651651651651,0.0,0.0,0.3128276679979769
0.6777583187390545,0.5988488488488487,0.5868368368368369,0.5746847585328845,0.4297242618204649,0.6155536564522036
0.560670502877158,0.5017517517517517,0.8748748748748748,0.3518338943439664,1.0,0.3036712768369465
0.5599199399549664,0.4522022022022021,0.7640140140140139,0.4839911401015051,0.4574986483422572,0.1884542267645674
0.4410808106079561,0.7777777777777777,0.1894394394394394,1.0,0.0,0.4567207911121963
0.5349011758819116,0.7082082082082081,0.6726726726726726,1.0,0.5629192319095871,0.3664544709349984
0.7190392794595949,0.5808308308308308,0.6206206206206206,0.510255158100354,0.6561626872700002,0.6684619006923975
0.7455591693770329,0.6163663663663663,0.555055055055055,0.5579137380748905,0.4002110330153304,0.6295481102952718
0.4961220915686766,0.5010010010010009,0.6606606606606606,0.4744074506862933,0.4789106510630134,0.505891483684183
0.5203902927195397,0.5275275275275274,0.7525025025025025,0.5018312782322061,0.4952840225334426,0.4997854788356559
0.2962221666249688,0.6388888888888888,0.7505005005005004,0.4704850271203586,0.4884943404782252,0.4765753352983239
0.5203902927195397,0.5277777777777777,0.7525025025025025,0.5018766241693845,0.4951933306590858,0.4997715262396009
0.4773580185138855,0.5803303303303302,0.7777777777777777,0.0514885675916075,0.4813366587020597,0.3266232973472627
0.5203902927195397,0.5277777777777777,0.7527527527527527,0.5018155815616443,0.495177633988524,0.4997715262396009
0.4398298724043034,0.6408908908908908,0.7555055055055054,0.3721924760625774,0.2594467795664231,0.0
0.2779584688516388,0.6764264264264264,0.9469469469469468,0.5207841358982855,0.6607094895093919,0.1396654865095837
0.5206404803602703,0.528028028028028,0.7530030030030029,0.5018609274988227,0.4951322880513455,0.4997854788356559
0.5203902927195397,0.5272772772772771,0.752002002002002,0.5018016289655894,0.4952090273296475,0.499694786961299
0.4728546409807357,0.6408908908908908,0.3676176176176176,1.0,0.1357901529553342,0.0
0.4580935701776333,0.553053053053053,0.8230730730730731,0.5707937283080733,0.8694909046514467,0.1664928405741493
0.5203902927195397,0.5272772772772771,0.752002002002002,0.5017859322950277,0.4952090273296475,0.4997558295690392
0.4986239679759821,0.4872372372372371,0.7437437437437437,0.3927638348710257,0.4564469714146188,0.47236339536425
0.5201401050788093,0.5272772772772771,0.7525025025025025,0.5018155815616443,0.495177633988524,0.4997401328984774
0.1243432574430823,0.586086086086086,0.6336336336336336,0.5907703577096813,0.3237403421874182,0.5546488305980432
0.6322241681260947,1.0,0.83008008008008,0.4902645761026911,0.5210893489369866,0.0
0.6697523142356769,0.4421921921921921,0.755005005005005,0.5019987093848649,0.482465074908,0.6735894797425745
0.5206404803602703,0.5277777777777777,0.7530030030030029,0.5018312782322061,0.4950851980396603,0.4997558295690392
0.5251438578934202,0.5738238238238237,0.7152152152152151,0.5438128956869037,0.4131974117934318,0.4578195580515199
0.5604203152364274,0.5833333333333333,0.7342342342342342,0.4697385632314212,0.4527530216090831,0.4493049863090151
0.4718538904178135,0.6368868868868868,0.746996996996997,0.0,0.4021033538552767,0.3893454488375744
0.5203902927195397,0.5275275275275274,0.7522522522522521,0.5018469749027679,0.4951933306590858,0.4997261803024225
0.4295721791343508,0.4216716716716716,0.6814314314314314,0.0164815040898547,0.4370807680904128,0.4815651324624588
0.5106329747310484,0.4311811811811811,0.7682682682682682,0.5118422659015993,0.5034183860334513,0.478329874252228
0.2659494620965725,0.6473973973973972,0.7364864864864864,0.4999546540628216,0.4855939445733122,0.6220398695432269
0.4806104578433827,0.5723223223223222,0.7925425425425425,0.9757660847271395,0.6105324659469452,0.5056612658492771
0.2596947710783088,0.5953453453453452,0.8193193193193192,0.403231770061217,1.0,0.0957915482149397
0.2194145609206905,0.6846846846846846,0.7692692692692692,0.4450320037672009,0.4789403003296301,0.0112928824319375
0.3284963722792094,1.0,0.5628128128128128,1.0,0.8575422502049288,0.0
0.5203902927195397,0.5277777777777777,0.7525025025025025,0.5017702356244659,0.495177633988524,0.4996651376946823
0.3039779834876158,0.543043043043043,0.6956956956956957,0.5014039799780247,0.532230496886827,1.0
0.5203902927195397,0.5272772772772771,0.752002002002002,0.5017859322950277,0.4952229799257024,0.4997715262396009
0.6272204153114838,0.6168668668668668,0.5803303303303303,0.6099534332106668,0.0033119974885327,0.6356209777281685
0.472104078058544,0.7139639639639639,0.7522522522522521,0.4447878333362401,0.4762247763224445,1.0
0.4968726544908682,0.4609609609609609,0.6734234234234233,0.4692188290283761,0.0,0.8854230252716396
0.5201401050788093,0.5275275275275274,0.7525025025025025,0.5018016289655894,0.4951933306590858,0.4997558295690392
0.2084063047285465,0.6233733733733733,0.0,0.8831940980518687,0.5780438460331025,0.2151908889547761
0.5016262196647487,0.7587587587587585,0.5057557557557557,0.0,0.3196347907982629,0.432242705408375
0.4365774330748062,0.9984984984984984,0.0,0.0,1.0,1.0
0.484863647735802,0.899149149149149,0.6689189189189189,0.6475085895669463,0.5174895791548215,1.0
0.461596197147861,0.7652652652652652,0.5377877877877878,0.990583741737447,0.6990756405113626,0.4781310497584456
0.487615711783838,0.6136136136136136,0.8586086086086085,0.0,0.4231316601845231,0.4661823953119277
0.0052539404553415,0.88013013013013,0.0,0.4336763346530163,0.4103598025707658,0.5676195127055828
0.4373279959969979,0.6761761761761761,0.6991991991991992,0.4752463505240943,0.4746516211172541,1.0
0.4761070803102328,0.5142642642642642,0.7722722722722721,0.4870432704885152,0.4835027992395835,0.0
0.5644233174881162,0.5645645645645645,0.5397897897897898,0.4730034707082686,0.0,0.7428431902610879
0.4415811858894172,0.7572572572572571,0.6821821821821821,0.0,0.2671521007377435,0.4884315537959782
0.6982737052789594,0.589089089089089,0.549049049049049,0.6177511903308509,0.4035823290370964,0.5616076878804263
0.5321491118338756,0.6854354354354353,0.7372372372372371,0.4586741545598828,0.3613408444808762,0.0
0.5206404803602703,0.5275275275275274,0.7530030030030029,0.5018923208399463,0.4951165913807838,0.4997854788356559
0.5208906680010009,0.5275275275275274,0.7525025025025025,0.5018923208399463,0.4952386765962642,0.4997854788356559
0.5381536152114087,0.6393893893893893,0.5995995995995995,1.0,0.0,0.3069832743254792
0.5201401050788093,0.5275275275275274,0.7530030030030029,0.5018609274988227,0.4952229799257024,0.4997558295690392
0.646985238929197,0.5625625625625624,0.7442442442442442,0.480009418002337,0.436531384620751,0.0
0.0,0.8903903903903903,0.7324824824824825,0.422292760346722,0.4708669794373615,0.3831487521146903
0.536902677007756,0.543043043043043,0.6591591591591591,0.0,0.3999825592549313,0.3958909604618309
1.0000000000000002,1.0,0.0,0.0,1.0,0.9713867136404066
0.5203902927195397,0.5275275275275274,0.7522522522522521,0.5018155815616443,0.4952090273296475,0.4996790902907372
0.2426820115086316,0.533033033033033,0.7510010010010009,0.4437640616007116,0.4454593020213823,0.3339798036172105
0.5801851388541408,0.5560560560560559,0.814064064064064,0.6356977170064705,0.5854439541657219,0.462641924062996
0.5206404803602703,0.5277777777777777,0.7530030030030029,0.5017859322950277,0.4952386765962642,0.499694786961299
0.5223917938453841,0.7172172172172171,0.502002002002002,0.0011144636098854,0.3965484765509182,0.4843120498107679
0.5201401050788093,0.5275275275275274,0.7525025025025025,0.5018469749027679,0.4952229799257024,0.4996790902907372
0.5093820365273957,0.5918418418418417,0.7354854854854854,0.6889879135636674,0.3578771125102464,0.528400509269756
1.0000000000000002,0.6896896896896896,1.0,0.9104661911156844,0.0330397474580114,0.5861311195214259
0.2979734801100826,0.6013513513513513,0.0,0.1309050002616112,0.0520536477318311,0.0
0.4778583937953466,0.7119619619619618,0.6799299299299298,1.0,0.6477074140607286,0.5336501735354134
0.4648486364773581,0.5310310310310309,0.77002002002002,0.0,0.3529030120166734,0.412266076006767
0.8446334751063299,0.6048548548548548,0.6936936936936937,0.5097511205678706,0.4190871514031079,0.0
0.5206404803602703,0.5277777777777777,0.7522522522522521,0.5018469749027679,0.4952386765962642,0.4997104836318607
0.2687015261446085,0.6776776776776776,0.724974974974975,0.4534698362314038,0.4570260041508973,0.2573870275738179
1.0000000000000002,1.0,0.0,1.0,0.2324816436158153,0.754929626593648
1.0000000000000002,0.6939439439439439,0.7192192192192192,0.7598740778206045,0.0,0.2284528315049618
0.2909682261696273,0.603103103103103,0.7087087087087086,0.616071646580742,0.5500392416764044,0.4539738737638872
0.5201401050788093,0.5277777777777777,0.7522522522522521,0.5018155815616443,0.4952386765962642,0.4998011755062176
0.510883162371779,0.7755255255255254,0.5995995995995995,0.0,0.4158379405968223,0.5262640179988489
0.3112334250688017,0.7134634634634633,0.0,0.9929347541726984,0.6068559568864782,0.5453703542215323
0.5203902927195397,0.5277777777777777,0.7527527527527527,0.5017702356244659,0.4952090273296475,0.4997558295690392
0.4763572679509633,0.607107107107107,0.6831831831831832,0.0,0.1503025969269407,0.4822976437553412
0.0627970978233676,0.6901901901901901,0.7925425425425425,0.4495177633988524,0.4558818912743952,0.3358110818494166
0.4645984488366276,0.4301801801801801,0.6326326326326326,0.7439873031375901,0.0,0.8195877007865775
0.8834125594195649,0.8015515515515514,0.6709209209209209,0.4523867659626419,0.446176116643703,0.0
0.3284963722792094,0.5755755755755755,0.8706206206206206,0.5881298289062908,0.9355686554929626,0.2599508170989064
0.0557918438829122,0.7089589589589589,0.7957957957957957,0.5826970368174128,0.5243106545511624,0.9964141828138898
0.1175881911433576,0.7600100100100099,0.755005005005005,0.5947084779461779,0.5517955247048154,1.0
0.5028771578684015,0.5535535535535534,0.6178678678678678,0.5307497776305004,0.0,0.6994418961578038
0.284463347510633,0.6218718718718718,0.7434934934934935,0.5077977571201842,0.5056769625198388,0.5396166524233915
0.5201401050788093,0.5272772772772771,0.7530030030030029,0.5018609274988227,0.4951165913807838,0.4997558295690392
0.4706029522141607,0.4967467467467467,0.7019519519519519,0.5458273017423304,0.0,0.8996163036084901
0.5043782837127847,0.599099099099099,0.7875375375375375,1.0,0.5405933341472348,0.5298044892477807
0.7455591693770329,0.4489489489489489,0.7372372372372371,0.5025637895250885,0.4942619948724209,0.7398364058112562
0.6770077558168628,0.647147147147147,0.5297797797797797,0.4432146781310497,0.0004883408619216,0.6014981600013952
0.5206404803602703,0.5275275275275274,0.7522522522522521,0.5018766241693845,0.495177633988524,0.4997558295690392
0.654240680510383,0.5497997997997996,0.6403903903903904,0.5149850881629663,1.0,0.3109056978914139
0.4828621466099576,0.6814314314314314,0.730980980980981,1.0,0.7186249716587892,0.4926905837417374
1.0000000000000002,0.4669669669669669,1.0,0.0270715244955264,0.5289045468022394,0.8904895617140764
0.5208906680010009,0.5275275275275274,0.7532532532532532,0.5018155815616443,0.495100894710222,0.4997715262396009
0.5436577433074807,0.5705705705705705,0.8308308308308308,0.4413833998988437,0.4861886739801524,0.4677241571759946
0.3385038779084314,0.5683183183183182,0.7184684684684685,0.6788251914121771,0.6775729459162495,0.4500374976018975
0.231923942957218,0.5302802802802802,0.8088088088088088,0.6318066867816593,0.9500671468685142,0.3460801925458255
0.5206404803602703,0.5275275275275274,0.7527527527527527,0.5018312782322061,0.4951165913807838,0.4996790902907372
0.4926194645984489,0.7635135135135134,0.5845845845845845,1.0,0.6703088755951654,0.4351884472504665
0.4123092319239431,0.5145145145145145,0.7967967967967968,0.5613931667160821,1.0,0.2587299649441024
0.0840630472854641,0.9316816816816816,0.0,1.0,0.9907529169646128,0.1297922807262326
0.3367525644233176,0.5112612612612611,0.7962962962962963,0.4226590159931632,1.0,0.3983797547831244
0.5524143107330499,0.8853853853853852,0.6281281281281281,0.4838394056194081,0.5600362767497428,0.0
0.5206404803602703,0.5275275275275274,0.7522522522522521,0.5018469749027679,0.4952090273296475,0.4997558295690392
0.5208906680010009,0.5275275275275274,0.7527527527527527,0.5018016289655894,0.4951322880513455,0.4997715262396009
0.3535151363522643,0.4907407407407406,0.741991991991992,0.5088965240595078,0.0,0.7904407276278842
0.0,0.7217217217217216,0.4019019019019019,0.0,0.0246455168564802,0.8589462301829534
0.5181386039529648,0.5285285285285284,0.8445945945945945,0.2609414514188046,1.0,0.12348919545843
0.4503377533149864,0.6796796796796796,0.7424924924924925,1.0,0.6453424490294225,0.5198998901233061
0.0900675506629973,0.632132132132132,0.7122122122122121,0.5197935015783874,0.9998936114550814,0.1623122939811989
0.5023767825869403,0.6326326326326326,0.3863863863863864,0.598065821371889,0.6155693531227654,0.5759056106876885
0.2631973980485365,0.8315815815815815,0.0738238238238238,1.0,0.9797635034968694,0.4006069379283883
0.1411058293720291,0.7627627627627627,0.0,0.6340338699269232,1.0,1.0
0.0,0.7870370370370369,0.6664164164164164,0.0,0.0,0.7507787292673143
0.4518388791593696,0.4807307307307306,0.9114114114114114,0.3217555853986082,1.0,0.2053926783752201
0.3917938453840381,0.6729229229229228,0.7527527527527527,0.4709437187156635,0.4308073320892268,0.0
0.2256692519389543,0.7157157157157156,0.7494994994994995,0.4524792019115056,0.4968100877269477,0.4994052705931597
0.0,0.973223223223223,0.1488988988988989,0.0,0.8083105150252019,0.0
0.5206404803602703,0.5272772772772771,0.7522522522522521,0.5017702356244659,0.4952229799257024,0.4997401328984774
0.5118839129347011,0.6283783783783783,0.4714714714714714,0.343287929260338,0.4550726407032108,0.487287440919476
0.7755816862646987,0.622122122122122,0.7705205205205206,0.4380260564731325,0.7108097737935364,0.5598060589148368
0.5206404803602703,0.5272772772772771,0.7522522522522521,0.5018469749027679,0.4951933306590858,0.499694786961299
0.4185639229422068,0.5495495495495495,0.7327327327327327,0.4729581247710902,0.5038910302248112,0.3802501002842841
0.5203902927195397,0.5275275275275274,0.7522522522522521,0.5018766241693845,0.4951933306590858,0.4997104836318607
0.5198899174380787,0.5272772772772771,0.7522522522522521,0.5018312782322061,0.4952229799257024,0.4997558295690392
0.4703527645734302,0.7002002002002001,0.805055055055055,1.0,0.513779932678724,0.5539006226345989
0.4640980735551665,0.7925425425425424,0.6258758758758758,0.0,0.2643301881856393,0.5271186145072118
0.4933700275206406,0.7817817817817816,0.6063563563563563,1.0,0.5529239409107557,0.5578073495299719
0.7305479109332,0.5665665665665665,0.6273773773773773,0.4192720233008354,0.1034061775119032,0.7923783944050089
0.3917938453840381,0.6211211211211211,0.7242242242242242,0.5854753475068455,0.5912273052304795,1.0
0.5609206905178885,0.5082582582582582,0.7452452452452452,0.5302160908314003,0.5089889600083716,0.4709890646528419
0.6662496872654493,0.5442942942942942,0.7312312312312312,0.3951741458395102,1.0,0.3425100720302771
1.0000000000000002,0.933183183183183,1.0,0.2214922301480719,0.7575091127892983,0.4684863177354936
0.5356517388041032,0.5350350350350349,0.7079579579579579,0.7914331060222892,0.4985960200219753,0.475797478068263
0.394045534150613,0.5122622622622621,0.6246246246246245,0.6571533215898984,0.0631337530739313,0.6588485620105691
0.5206404803602703,0.5275275275275274,0.7527527527527527,0.5018016289655894,0.495177633988524,0.499694786961299
1.0000000000000002,1.0,0.9199199199199198,1.0,0.9915307741946736,0.1118754033172297
0.5113835376532401,0.6136136136136136,0.8128128128128127,1.0,0.6793885274778938,0.4629314404311352
0.5956967725794348,0.4977477477477476,0.7640140140140139,0.517686659574097,0.4775816662887838,0.5128346442960043
0.5141356017012761,0.59009009009009,0.7244744744744744,0.8644854108167501,0.4886146816191988,0.53261244920383
0.8861646234676008,0.2622622622622622,0.7727727727727727,0.5233636220939358,0.476498596020022,0.5079041456651028
0.3987990993244935,0.5738238238238237,0.755005005005005,0.6948026579695484,0.4226433193226014,0.5448052740813087
0.5206404803602703,0.7172172172172171,0.5042542542542542,0.6800442994924742,0.5685055025550692,0.5241571759945585
0.6319739804853641,0.4874874874874874,0.914164164164164,0.4203550935695973,0.9840382301131904,0.4405148507944259
0.7970978233675259,0.295045045045045,0.7555055055055054,0.5014650225857649,0.4905697891413921,0.6240385789280918
0.5771828871653741,0.8338338338338337,0.7074574574574574,0.0,0.4487242094982298,1.0
1.0000000000000002,0.9847347347347346,0.0,0.6591223817081466,0.2255977815372272,0.2605298498351849
0.4681010758068553,0.4769769769769769,0.7097097097097096,0.0,0.3100511013830511,0.5000313933411236
0.7340505379034278,0.33008008008008,0.7680180180180181,0.5144967473010447,0.4917435512845108,0.6801210387707762
0.3027270452839631,0.5745745745745745,0.7907907907907907,0.5161919877217155,0.8347419641767096,0.4214224671677974
0.5206404803602703,0.5275275275275274,0.7522522522522521,0.5018312782322061,0.495254373266826,0.4996651376946823
0.4756067050287717,0.7269769769769768,0.5162662662662663,0.0,0.4003784641679893,0.4723790920348117
0.4123092319239431,0.694194194194194,0.5783283283283283,1.0,0.5496572893594014,0.5618204649702635
0.505879409557168,0.558058058058058,0.7464964964964964,0.54570521652685,0.587505450232834,1.0
0.3902927195396548,0.6634134134134133,0.7037037037037036,0.4093674241763608,0.3594485236409299,0.0
0.5063797848386291,0.6033533533533533,0.4439439439439439,0.5447285348030068,0.0,0.7550046217974431
0.9251938954215664,0.5550550550550549,0.7467467467467467,0.4759788618169768,0.4904163105847882,0.9991297068210754
0.6820115086314738,0.5925925925925924,0.606106106106106,0.5958665434187348,0.2666184139386435,0.6537820255681323
0.5203902927195397,0.5275275275275274,0.7530030030030029,0.5018155815616443,0.4950555487730436,0.499694786961299
0.8879159369527148,1.0,0.5495495495495495,1.0,0.0,0.1536599403526519
0.4976232174130599,0.7652652652652652,0.6411411411411411,0.0,0.351711809128486,0.446252855922005
0.5016262196647487,0.4604604604604603,0.7219719719719719,0.0505118858677642,0.3674311526588416,0.4432460714721733
0.918689016762572,0.5067567567567567,0.0,0.2246821424211242,0.5951497287964141,0.5197935015783874
0.5206404803602703,0.5275275275275274,0.752002002002002,0.5019533634476865,0.4951462406474005,0.4996790902907372
0.5206404803602703,0.5275275275275274,0.7525025025025025,0.5018016289655894,0.4952090273296475,0.4997558295690392
0.3507630723042283,0.5600600600600599,0.6208708708708708,0.618666829446954,0.6013307288487364,0.5262186720616705
0.7418063547660747,0.4181681681681681,0.7597597597597596,0.4848160873432513,0.5207998325688473,1.0
0.6765073805354017,0.5503003003003002,0.6829329329329329,0.5093238223136892,0.9558504979332716,0.3010464447041178
0.4966224668501377,0.6263763763763763,0.8355855855855856,1.0,0.7733331007900657,0.4447407433245548
0.4260695521641232,0.6258758758758758,0.7835335335335334,0.5427908680258821,0.4914836841829883,0.0
0.5201401050788093,0.5275275275275274,0.7522522522522521,0.5018469749027679,0.495177633988524,0.4997104836318607
0.3567675756817614,0.6018518518518517,0.836086086086086,0.4156391161030399,1.0,0.2441250850236321
0.5871903927945961,0.4201701701701701,0.7580080080080079,0.6097842579835011,1.0,0.4066048101574899
0.4488366274706031,0.7379879879879878,0.6383883883883883,0.3494689293126602,0.439979419920819,0.0
0.5206404803602703,0.5272772772772771,0.752002002002002,0.5018923208399463,0.4952386765962642,0.4997401328984774
0.3157368026019516,0.5675675675675674,0.0,0.5398294295132288,0.3729389399515147,0.5330397474580114
0.4500875656742558,0.4732232232232231,0.7494994994994995,0.4653434954741267,0.0,0.9114428728395276
0.5494120590442834,0.558058058058058,0.7412412412412412,0.5258053264035439,0.7004342745522089,0.4735528541779304
0.4996247185389043,0.7602602602602602,0.5252752752752753,0.0981565132462459,0.4090918604042765,0.5661701867903797
0.4243182386790093,0.5650650650650649,0.7349849849849849,0.5919005179901285,0.4984582381359331,1.0
0.8366274706029524,0.4411911911911911,1.0,0.9956816715210072,0.0,0.8331548563754643
0.4818613960470354,0.7089589589589589,0.4654654654654654,0.9963827894727664,0.6548947451035108,0.475734691386016
0.5203902927195397,0.5275275275275274,0.7527527527527527,0.5018312782322061,0.4952229799257024,0.4997104836318607
0.6174630973229924,0.5395395395395395,0.7577577577577577,0.4853951200795298,0.435310532465947,0.0
0.5203902927195397,0.5275275275275274,0.7525025025025025,0.5018312782322061,0.495254373266826,0.4997104836318607
0.4998749061796348,0.7044544544544543,0.4594594594594594,0.6225735563423269,0.6266634110609205,0.5910755707483824
0.5206404803602703,0.7557557557557556,0.4361861861861861,1.0,0.7501369098487887,0.5108202382405777
0.3737803352514387,0.4974974974974974,0.8728728728728729,0.5299265744632611,1.0,0.1964508083785339
0.5394045534150614,0.5200200200200199,0.3756256256256256,0.3821720703908471,0.5898843678601949,0.721874182465075
1.0000000000000002,0.935185185185185,1.0,1.0,0.0751591467987512,0.4513176482899349
0.5391543657743308,0.548048048048048,0.7324824824824825,0.5317875019620838,0.5400282540070112,0.4802221950921743
0.0,1.0,0.0312812812812812,0.0,0.0,0.0
1.0000000000000002,0.6023523523523522,0.4559559559559559,1.0,0.0,0.0348396323490939
0.565674255691769,0.5447947947947946,0.7102102102102101,0.5690705826952928,0.4597729214992064,0.545094790449448
0.5479109331999,0.4777277277277276,0.7304804804804804,0.5192441181087256,0.0,1.0
0.7910933199899927,0.5688188188188187,0.7329829829829829,0.4924760625773933,0.5005947294068402,0.0
0.1583687765824368,0.4872372372372371,0.0202702702702703,0.562476236984844,0.4395835150077611,0.1739417827929609
0.4791093319989993,0.4164164164164163,0.8038038038038038,0.6333467045712193,0.0616076878804263,0.4102377173552854
1.0000000000000002,0.9609609609609608,0.3923923923923924,0.6332246193557389,0.947487660672864,1.0
0.5801851388541408,0.62012012012012,0.7522522522522521,0.5063484312049811,0.5580672166314945,1.0
0.6052039029271955,0.7927927927927927,0.8488488488488488,0.5257599804663655,0.537586549697403,1.0
0.2009006755066301,0.5212712712712712,0.6388888888888888,0.5349006749568341,0.0243716971589026,0.7174023754294784
0.1063297473104829,0.5345345345345345,0.6338838838838838,0.5975460871688438,0.5699391317997105,0.4969635662835516
0.3685263947960971,0.8968968968968967,0.6311311311311311,0.0,0.6260372883129568,0.7346774334199557
0.5206404803602703,0.5275275275275274,0.7525025025025025,0.5017545389539041,0.4952229799257024,0.4997401328984774
0.5293970477858395,0.4416916916916916,0.7414914914914914,0.2879379807105359,1.0,0.2475731203237002
0.6532399299474607,0.5778278278278277,0.482982982982983,0.4532413624710047,0.3726947695205539,0.6156600449971222
0.4258193645233926,0.5390390390390389,0.6846846846846846,0.6910337129602176,0.0224793763189563,0.703714878699618
0.5218914185639231,0.528028028028028,0.7517517517517517,0.5018609274988227,0.4951619373179622,0.4997715262396009
0.5201401050788093,0.5275275275275274,0.7522522522522521,0.5018923208399463,0.4952386765962642,0.4997401328984774
0.5206404803602703,0.5275275275275274,0.7525025025025025,0.5018155815616443,0.495177633988524,0.4997104836318607
0.5056292219164374,0.5247747747747746,0.7444944944944945,0.5216247798105935,0.469295568306678,0.0
0.4008006004503379,0.5915915915915915,0.9001501501501501,0.5657428885361983,0.9543697786769452,0.2894186999668626
0.5494120590442834,0.5625625625625624,0.66991991991992,0.0,0.477337495857823,0.4901267942166489
0.4703527645734302,0.579079079079079,0.7825325325325325,0.5700612170151909,0.5870921045747074,1.0
0.385789342006505,0.602102102102102,0.7452452452452452,0.4663969164762718,0.4150286900256379,0.0
0.4873655241431074,0.694194194194194,0.4734734734734734,0.1378342082773776,0.4322723546749917,0.4321973594711966
0.0,1.0,0.0780780780780781,0.0,0.5166489352425135,0.0
0.5141356017012761,0.6824324324324323,0.632132132132132,0.0,0.7518774962066379,0.2927603467220119
0.6902677007755819,0.6549049049049048,0.5768268268268268,0.351711809128486,0.3798838446378429,0.5355878403125381
0.472104078058544,0.7547547547547546,0.4682182182182182,0.6139979419920819,0.5388387951933307,0.562858189301847
0.2729547160370278,0.627127127127127,0.867117117117117,0.323998465214434,1.0,0.2596299073896437
0.4956217162872155,0.6316316316316315,0.6103603603603603,0.0,0.2336397090883722,0.5339710832446762
0.5203902927195397,0.5275275275275274,0.7530030030030029,0.5018469749027679,0.4951462406474005,0.4997715262396009
0.4148111083312485,0.4954954954954954,0.6226226226226226,0.6481347123149102,0.1781223293859113,0.7122765404538082
1.0000000000000002,0.9416916916916916,0.0,0.82781450023545,0.1733767026527373,0.256851596700211
0.6087065298974232,0.7705205205205203,0.798048048048048,0.5368086924673422,0.5151089174529536,1.0
0.5271453590192646,0.5848348348348348,0.6584084084084083,0.6501805117114603,0.0,0.7896157803861381
0.7177883412559422,0.313063063063063,0.7680180180180181,0.512787554284319,0.5048380626820378,0.5854282574951601
0.4881160870652991,0.7297297297297296,0.4499499499499499,0.9129078954252924,0.5931353227409875,0.6301724889687288
0.6715036277207908,0.6318818818818818,0.6831831831831832,0.3492090622111377,0.4758585206760032,0.5401974292341769
0.4210657993495122,0.7577577577577577,0.6824324324324323,0.0,0.8945951131032317,1.0
0.4195646735051289,0.5703203203203202,0.7625125125125125,0.4861276313724122,0.4749114882187767,0.0
0.5098824118088567,0.6951951951951951,0.4424424424424424,0.8567783455709228,0.6663411060920522,0.6306765265012122
0.4796097072804605,0.7742742742742741,0.4211711711711711,0.0,0.1748417252385021,0.6354221532343862
0.6514886164623469,0.5993493493493492,0.5472972972972973,0.527026178558348,0.7346024382161607,0.4743464080785531
0.5206404803602703,0.5272772772772771,0.7530030030030029,0.5018609274988227,0.495177633988524,0.4997261803024225
0.3527645734300726,0.7917917917917916,0.7267267267267267,0.7924847829499275,0.5767759038666131,1.0
0.4260695521641232,0.7069569569569568,0.7129629629629629,0.0,0.3102952718140119,0.6075570748382371
0.5449086815111335,0.4404404404404403,0.7982982982982982,0.7283290022149747,0.4885850323525821,0.45284371348344
0.5273955466599951,0.6624124124124123,0.6083583583583583,0.0,0.3563213980501247,0.486143328042974
0.7930948211158371,0.412162162162162,0.7517517517517517,0.5011912028881874,0.4891187191516821,0.6620838202207998
0.4896172129096824,0.8225725725725724,0.5175175175175175,0.0,0.3004360186267157,0.6804576451506008
0.7317988491368528,0.6063563563563562,0.5272772772772772,0.616362907023388,0.6020789368121806,0.6176901477231107
0.5206404803602703,0.5275275275275274,0.7530030030030029,0.5018469749027679,0.4951462406474005,0.4997261803024225
0.8623967975981988,0.5893393393393392,0.7665165165165164,0.4653434954741267,0.4947206864677259,1.0
0.5201401050788093,0.5272772772772771,0.7525025025025025,0.5017859322950277,0.4952090273296475,0.4997854788356559
0.1601200900675507,0.7494994994994993,0.7962962962962963,0.6349809023841498,0.5427141287475801,1.0
0.3082311733800351,0.8448448448448447,0.6946946946946947,0.0,0.0717250640947381,1.0
0.5206404803602703,0.5277777777777777,0.7530030030030029,0.5018766241693845,0.4951462406474005,0.4997854788356559
0.4701025769326996,0.7525025025025024,0.5105105105105104,1.0,0.7327868566545163,0.4683502799239583
0.5203902927195397,0.5275275275275274,0.7527527527527527,0.5018016289655894,0.4952386765962642,0.4997261803024225
0.4916187140355267,0.7242242242242241,0.4199199199199199,0.6502712035858171,0.5215637372028533,0.568826412264332
0.7798348761571181,0.4924924924924924,0.7262262262262262,0.4649161972199452,0.4432600240682282,0.96584753300661
0.6825118839129348,1.0,1.0,0.0562969810070286,0.9168913615989674,0.962870397823395
0.4986239679759821,0.4396896896896896,0.7162162162162162,0.5567085825906483,0.3656155710971973,0.4694943928004604
0.6827620715536654,0.5422922922922921,0.0,1.0,0.315879798384987,0.6683241188063553
0.451088316237178,0.7474974974974974,0.7382382382382382,1.0,0.681052374557441,0.4468475853288453
0.5013760320240181,0.7179679679679678,0.4857357357357357,0.4117480858782287,0.4810314456633587,0.5348396323490939
0.6377282962221668,0.7187187187187186,0.5115115115115115,1.0,1.0,0.0
0.5203902927195397,0.5277777777777777,0.7522522522522521,0.5018016289655894,0.495254373266826,0.4997558295690392
0.5203902927195397,0.5275275275275274,0.7527527527527527,0.5018016289655894,0.495177633988524,0.4997401328984774
0.4941205904428322,0.4954954954954954,0.7247247247247247,0.3792734185604409,1.0,0.2829638802169629
0.5203902927195397,0.5275275275275274,0.7525025025025025,0.5019080175105081,0.4951619373179622,0.4997854788356559
0.3297473104828622,0.6163663663663663,0.6128628628628628,0.4153635523309555,0.4309765073163926,0.0
0.5203902927195397,0.5277777777777777,0.7527527527527527,0.5018469749027679,0.4951619373179622,0.4997401328984774
0.0,1.0,0.0,0.6697908854666271,1.0,1.0
0.5203902927195397,0.5275275275275274,0.7525025025025025,0.5019219701065629,0.495177633988524,0.4997854788356559
0.5203902927195397,0.5277777777777777,0.7522522522522521,0.5018155815616443,0.495254373266826,0.4997261803024225
0.5203902927195397,0.5282782782782782,0.7517517517517517,0.5018766241693845,0.4952840225334426,0.4996790902907372
0.6319739804853641,0.5885885885885884,0.1516516516516516,1.0,1.0,0.8940910755707484
0.938704028021016,0.4729729729729729,1.0,0.9583985907877984,0.0,0.8643022829935294
0.0,0.9489489489489488,0.0,1.0,0.0002441704309608,1.0
0.0,0.5140140140140139,0.5908408408408408,0.0660934475120777,0.0,0.0023510124352512
0.5206404803602703,0.5272772772772771,0.752002002002002,0.5018155815616443,0.495177633988524,0.4996790902907372
0.4728546409807357,0.4124124124124123,0.6381381381381381,0.4589183249908436,0.0,0.8511624256588242
0.5186389792344259,0.528028028028028,0.7572572572572571,0.5017405863578492,0.4955438896349652,0.4996790902907372
0.4811108331248437,0.4919919919919919,0.6631631631631631,0.5483300486596787,0.0,0.7948811413223573
0.2224168126094571,0.8025525525525524,0.1596596596596596,1.0,0.5180075692833598,0.2822924115318206
0.3234926194645985,0.5903403403403402,0.863113113113113,0.709161623384551,0.55121474789403,0.4833510647574864
0.8216162121591195,0.5032532532532532,0.7302302302302301,0.5203568376441041,0.4920330676526501,0.0
0.5066299724793597,0.7172172172172171,0.664914914914915,1.0,0.6895826429705076,0.5121631756108621
0.6887665749311985,0.5447947947947946,0.5533033033033032,0.5850009592409788,0.1117533181017493,0.6862409962153583
0.3267450587940956,0.5873373373373372,0.7757757757757757,0.5439960235101243,0.5040131154402916,0.3918778450215393
0.5203902927195397,0.5272772772772771,0.7522522522522521,0.5018312782322061,0.495254373266826,0.4997261803024225
0.8431323492619467,0.4659659659659659,0.0,0.0084238798681479,1.0,0.0
0.0117588191143358,1.0,0.6301301301301301,0.0,0.717585503252699,0.8684078343826849
0.4996247185389043,0.4914914914914914,0.819069069069069,0.4451994349198598,0.4526919790013429,0.5295289254756963
0.5208906680010009,0.5275275275275274,0.752002002002002,0.5018766241693845,0.495254373266826,0.4997104836318607
0.4776082061546161,0.6721721721721721,0.7557557557557557,0.4277708983727785,0.3379772223869404,0.0
0.4758568926695022,0.4399399399399398,0.7592592592592592,0.4136090133770514,0.4596961822209044,0.4847096987983326
0.0327745809357018,0.7580080080080078,0.7492492492492492,0.4202783542912953,0.4748800948776531,0.2856497549575317
0.5871903927945961,0.5698198198198198,0.7159659659659658,0.3992186546209254,0.7883652789647173,0.5120410903953817
0.8166124593445085,0.8518518518518517,0.8365865865865865,0.4699827336623821,0.435157053909343,0.0
0.5208906680010009,0.5277777777777777,0.7527527527527527,0.5018469749027679,0.4951462406474005,0.4997104836318607
0.3142356767575682,0.533033033033033,0.877127127127127,0.492263285487556,1.0,0.2144740743324555
0.5646735051288467,0.7855355355355353,0.744994994994995,0.4131206725151298,0.5153216945427909,0.0
0.5206404803602703,0.5277777777777777,0.7525025025025025,0.5018766241693845,0.4952683258628809,0.4997715262396009
0.5178884163122343,0.5635635635635634,0.8263263263263263,0.3226555278441495,0.4743464080785531,0.510026684339955
0.5746810107580687,0.5082582582582582,0.8135635635635635,0.4214678131049758,0.4920330676526501,1.0
0.4811108331248437,0.7269769769769768,0.4329329329329329,1.0,0.7418351151961211,0.4045607548354465
0.516387290467851,0.528028028028028,0.7937937937937938,0.1958089889600084,0.4763608141339798,0.5067914261297243
0.4723542656992746,0.828078078078078,0.8808808808808808,0.0,0.166356802762614,0.6058635784920732
0.5206404803602703,0.5277777777777777,0.7527527527527527,0.5018469749027679,0.4951933306590858,0.4998011755062176
0.4058043532649488,0.4637137137137136,0.6644144144144144,0.5344576800320909,0.0,0.771472173291243
0.5206404803602703,0.5275275275275274,0.7525025025025025,0.5017859322950277,0.4952229799257024,0.4997401328984774
0.959719789842382,0.614114114114114,0.0,1.0,0.0,0.0
0.3902927195396548,0.619119119119119,0.7139639639639639,0.4461604199731412,0.5289655894099796,0.0
0.3905429071803854,0.4722222222222221,0.5580580580580581,0.5665364424368209,0.3607775084151595,0.6341716518129654
0.5328996747560671,0.4767267267267266,0.7935435435435434,0.160542058356733,0.4131206725151298,0.4992064460993773
0.5203902927195397,0.5275275275275274,0.7525025025025025,0.5018016289655894,0.4951933306590858,0.4997401328984774
0.7230422817112836,0.4489489489489489,0.7525025025025025,0.4893018469749027,0.487364180197778,1.0
0.0,1.0,0.0,0.4196382789472766,1.0,1.0
0.4400800600450339,0.346096096096096,0.2967967967967968,0.5348867223607793,0.9825121649196852,1.0
0.5203902927195397,0.5277777777777777,0.7522522522522521,0.5018609274988227,0.4952683258628809,0.4997261803024225
0.8881661245934452,0.7985485485485484,1.0,0.0,0.8590979646650505,0.9142351361250152
0.7157868401300977,0.7087087087087086,1.0,0.0018923208399462,1.0,0.6915517030887559
0.5203902927195397,0.5275275275275274,0.7527527527527527,0.5018469749027679,0.4952090273296475,0.4998011755062176
0.5206404803602703,0.5275275275275274,0.7527527527527527,0.5017545389539041,0.4951619373179622,0.4997558295690392
1.0000000000000002,0.9014014014014012,0.0,1.0,0.1157210876048625,0.7800948776531733
0.0,0.4797297297297296,0.5077577577577578,0.3503235258210231,0.9736749393934108,1.0
0.5038779084313236,0.5282782782782782,0.7612612612612613,0.8953276243961141,0.5514589183249908,0.5117044840155571
0.8488866649987492,0.2642642642642642,0.7597597597597596,0.5093848649214294,0.509949945061653,0.050832795577027
0.8954215661746312,0.5135135135135134,0.4204204204204204,1.0,0.0,0.4181872089575666
0.5203902927195397,0.5277777777777777,0.7522522522522521,0.5018155815616443,0.4952090273296475,0.4997104836318607
0.5901926444833626,0.5225225225225224,0.7222222222222222,1.0,0.5986745033747841,0.4526152397230409
0.474355766825119,0.6844344344344343,0.7014514514514514,1.0,0.6527896471737272,0.505814744405881
0.815861896422317,0.6198698698698698,0.0,0.7530059124125783,0.5591659835708181,0.9119765596386278
0.9241931448586442,0.637137137137137,0.2142142142142142,0.9207509984826552,0.2848701536529641,1.0
0.0,0.876126126126126,0.1428928928928929,0.0,0.1043828592357465,0.9568882222648551
0.349762321741306,0.8153153153153152,0.7567567567567567,0.6420618448820133,0.5090500026161118,1.0
0.7332999749812361,0.5022522522522521,0.7139639639639639,0.3811657394003872,0.948708512827668,0.5818877862462284
0.43832874655992,0.7164664664664664,0.7214714714714714,1.0,0.5678636831365436,0.4953764584823064
0.0,0.8268268268268266,0.284034034034034,0.0,0.0,0.1736662190208766
0.4751063297473106,0.4972472472472471,0.6931931931931932,0.4112597450163071,0.0,0.8251896681026214
0.5208906680010009,0.5275275275275274,0.7525025025025025,0.5018766241693845,0.4952090273296475,0.4997715262396009
0.4163122341756318,0.5442942942942942,0.8886386386386386,0.5533826325060607,1.0,0.279055409247083
0.6167125344008008,0.5608108108108107,0.5713213213213213,0.5174738824842597,0.0,0.6024748417252385
0.6992744558418815,0.94019019019019,0.1729229229229229,1.0,0.8733051955979559,0.0001674311526588
0.4610958218663999,0.7162162162162161,0.535035035035035,0.2170675131241606,0.5187400805762422,0.5305056071995395
0.4190642982236678,0.7394894894894893,0.6821821821821821,1.0,0.6297922807262326,0.5962188464691212
0.7590693019764825,0.4599599599599598,0.7522522522522521,0.4923539773619129,0.5065769049653801,0.879958839841638
0.5326494871153367,0.7359859859859859,0.5367867867867867,0.0,1.0,0.6742766450982786
0.8146109582186641,0.1781781781781781,0.8135635635635635,0.5436908104714233,0.4898826237856881,0.3822941556063275
0.5196397297973482,0.5262762762762762,0.7525025025025025,0.5018016289655894,0.495177633988524,0.4997558295690392
0.5506629972479361,0.6018518518518517,0.7344844844844844,0.5445454069797862,0.5573800512757905,1.0
0.7950963222416814,0.3593593593593593,0.7665165165165164,0.4998936114550814,0.4698292551057781,0.9596054903465476
0.4375781836377284,0.5655655655655655,0.9669669669669668,0.4127701135392504,1.0,0.2616739627116871
0.5193895421566176,0.5277777777777777,0.7527527527527527,0.5018609274988227,0.495177633988524,0.4997401328984774
0.4833625218914187,0.4524524524524523,0.8433433433433433,0.3198179186214835,0.4379807105359541,0.468761881507578
0.4966224668501377,0.7870370370370369,0.6148648648648648,1.0,0.7357151577515391,0.3674608019254582
0.1811358518889168,0.4359359359359358,0.9684684684684683,0.0017248896872874,0.0,0.431632279330973
0.6780085063797849,0.3748748748748748,0.761011011011011,0.4995570050752568,0.4889059420618449,0.6275790501770235
1.0000000000000002,0.9689689689689688,0.1976976976976976,0.5040288121108534,0.7257966060310097,4.5345937178475904e-05
0.1646234676007006,1.0,0.217967967967968,0.0,0.6261593735284371,0.8406787937980711
0.1118338754065549,0.6919419419419418,0.8105605605605605,0.6122573556342327,0.5437222038125469,0.9869211852730349
0.6487365524143109,0.6866866866866865,0.3946446446446446,1.0,0.0,0.5512304445645918
0.6284713535151365,0.532032032032032,0.7074574574574574,0.4073373214503724,0.9997244362279156,0.4070931510194115
0.4708531398548913,0.7324824824824824,0.4809809809809809,1.0,0.5445000610426077,0.6189423932190383
0.4908681511133351,0.4369369369369368,0.7555055055055054,0.4981390725011772,1.0,0.2194028288888501
0.0,0.8198198198198197,0.0,0.8075169611245792,0.3782043008877339,0.0075082407520449
0.4158118588941707,0.4967467467467467,0.7985485485485484,0.5173361005982176,0.6317456441739191,0.8017946526675619
0.3395046284713536,0.5305305305305305,0.7512512512512513,0.4120219055758062,0.3545511624256588,0.0
0.4936202151613711,0.688188188188188,0.4259259259259259,0.7758218951113591,0.6646929556830667,0.5091720878315922
0.4896172129096824,0.4779779779779779,0.7317317317317317,0.5029003959049131,0.0,0.9999546540628216
0.4843632724543409,0.7284784784784784,0.4797297297297297,0.0,0.3856828923731621,0.3891169750771753
0.339254440830623,0.6463963963963963,0.7294794794794794,0.4560650190976159,0.4617419816174547,0.2954008755254024
0.0,0.62012012012012,1.0,0.0753579712925336,0.9995116591380784,1.0
0.5203902927195397,0.5275275275275274,0.7525025025025025,0.5017859322950277,0.4952229799257024,0.4997104836318607
1.0000000000000002,1.0,0.8778778778778777,1.0,0.0,0.0102237647592305
0.2847135351513636,1.0,0.4076576576576576,0.0,0.0796309538343478,0.9786054380243124
0.093570177633225,1.0,0.0,0.0,0.2208975007412317,0.4518984251007203
0.6162121591193397,0.5335335335335334,0.8693693693693694,0.0,1.0,0.5788670492003418
0.620465349011759,0.5718218218218217,0.6856856856856857,0.298498351849591,0.0,0.9552400718558696
0.4991243432574432,0.5112612612612611,0.6173673673673673,1.0,0.5763643022829935,0.445183738249298
0.5211408556417314,0.5167667667667667,0.6571571571571571,0.5849713099743621,0.999909308125643,0.1999302370197255
0.3244933700275207,0.5465465465465464,0.8696196196196195,0.4949788094947416,1.0,0.2130230043427455
0.5098824118088567,0.7352352352352352,0.4977477477477477,0.9932085738702756,0.5441041561295499,0.5686886303782898
0.5459094320740556,0.6694194194194193,0.6834334334334333,0.0,0.2825819278999599,0.5190295969443814
0.0,0.4792292292292291,0.1211211211211211,0.9118248251565306,1.0,0.9913319497008912
0.8566424818613962,0.4574574574574573,0.7202202202202201,0.5696339187610094,0.4591781920923662,0.0
0.2611958969226921,0.7962962962962962,0.766016016016016,0.5943718715663533,0.4934370476306748,1.0
0.5138854140605456,0.7439939939939939,0.6443943943943944,1.0,0.7326490747684741,0.4674189441372935
0.0530397798348762,0.6939439439439439,0.7452452452452452,0.60740534035614,0.5174895791548215,1.0
0.4836127095321492,0.6759259259259258,0.642142142142142,1.0,0.7861834417566318,0.4812756160943195
0.6982737052789594,0.592092092092092,0.6301301301301301,0.3989587875194028,0.0,0.8402357988733278
0.7690768076057044,0.5903403403403402,0.7222222222222222,0.4957270174581858,0.5015871078012453,1.0
0.0,0.9974974974974974,0.724974974974975,0.0,0.0132148525385004,0.7277953154158745
0.5273955466599951,0.4612112112112111,0.6196196196196195,0.607328601077838,0.0,0.7999947677764794
0.8016012009006757,1.0,0.5067567567567567,1.0,1.0,0.0
0.4605954465849388,0.5240240240240239,0.7354854854854854,0.7232938591136613,0.0,0.7354709873205784
0.5198899174380787,0.5275275275275274,0.7522522522522521,0.5018312782322061,0.4951933306590858,0.4996651376946823
0.464348261195897,0.4699699699699698,0.7542542542542542,0.4380121038770776,1.0,0.2329385911366133
0.5444083062296724,0.7647647647647646,0.5558058058058057,1.0,0.7049043375132986,0.4063763363970909
0.4683512634475858,0.6423923923923922,0.4249249249249249,0.0982942951322881,0.3834243158867747,0.5759823499659905
0.7573179884913688,0.583083083083083,0.0,0.0195022411357413,0.8331862497165878,0.4414758358477074
0.4803602702026521,0.7052052052052051,0.4974974974974975,0.1782601112719535,0.4069710658039311,0.5141165390585486
0.2974731048286215,0.6576576576576576,0.7665165165165164,0.4383766154490119,0.4273592967891588,0.0119643511170797
0.5203902927195397,0.5277777777777777,0.7525025025025025,0.5018312782322061,0.4952386765962642,0.4997715262396009
0.5206404803602703,0.5275275275275274,0.7525025025025025,0.5018312782322061,0.4951322880513455,0.4997558295690392
0.0645484113084814,0.6719219219219218,0.4702202202202202,0.569206620506828,0.8247309765073163,0.0
0.0,0.8606106106106104,0.7910410410410409,0.5452168756649284,0.5220206847236514,0.9419327833685054
0.5201401050788093,0.5275275275275274,0.7530030030030029,0.5018016289655894,0.4951933306590858,0.4997401328984774
0.3667750813109833,0.6098598598598598,0.7860360360360359,0.638643458848562,0.793294033521112,0.3345431396829272
0.1556167125344009,0.5695695695695695,0.612112112112112,0.5863142473446465,0.6909116277447372,0.4958804960147897
0.5206404803602703,0.5275275275275274,0.7530030030030029,0.5017702356244659,0.4951933306590858,0.4997558295690392
0.5203902927195397,0.5275275275275274,0.7530030030030029,0.5018469749027679,0.4951933306590858,0.4997261803024225
0.6960220165123845,0.6333833833833833,0.5457957957957957,0.5300172663376179,0.4923539773619129,0.5493834696618239
0.0317738303727796,0.4904904904904904,0.086086086086086,0.2629262082076146,1.0,1.0
0.8383787840880663,0.5217717717717717,0.7632632632632632,0.5088197847812058,0.4964438320805064,0.0
0.2724543407555667,0.4809809809809809,0.2727727727727728,1.0,0.5436297678636831,0.0701065629523693
0.0,0.5237737737737737,0.3363363363363363,1.0,0.7756230706175767,0.4055827824964682
0.5173880410307732,0.7552552552552552,0.4284284284284284,0.0,0.2028602821912551,0.4661370493747493
0.516387290467851,0.9564564564564564,0.0,1.0,0.6718959833964107,0.0
0.5068801601200902,0.7409909909909909,0.516016016016016,0.0141165390585485,0.3312171895983397,0.5712663724994331
0.6677508131098325,0.632132132132132,0.4614614614614614,0.4654202347524286,0.3296143851265326,0.5730226555278441
0.0,1.0,0.0715715715715715,0.0,0.1383382458098609,0.0
0.2329246935201401,0.7057057057057056,0.7685185185185185,0.4026527373249385,0.4587055479010063,0.0010063309904599
0.2566925193895423,0.6423923923923922,0.817067067067067,0.4162809355215655,1.0,0.1832185150949648
0.4165624218163624,0.8786286286286284,0.6659159159159158,0.0,0.3556795786315991,0.5495369482184279
0.6524893670252692,0.5162662662662661,0.761011011011011,0.5552121666637598,0.5647976001534786,1.0
0.0,0.3766266266266265,0.1421421421421421,0.4971153007656487,1.0,1.0
0.2689517137853391,0.564064064064064,0.7652652652652652,0.5895041596176989,0.647524286237508,0.491958072448855
0.304978734050538,0.5237737737737737,0.7935435435435434,0.5350994994506165,0.9437640616007116,0.2186999668625844
0.0,1.0,0.3836336336336336,0.0,0.1127299998255925,0.0679561190854073
0.7445584188141108,0.4709709709709709,0.7797797797797796,0.4796117690147723,0.4475330066100423,0.0
0.3767825869402053,0.5350350350350349,0.7284784784784785,0.6801820813785164,0.2963618605786839,0.5509548807925074
0.4686014510883163,0.6571571571571571,0.7409909909909909,1.0,0.7059874077820605,0.4461447233025795
0.4698523892919691,0.5833333333333333,0.6806806806806807,0.0009609850532814,0.4797948968379929,0.407748923033992
0.7275456592444335,0.5518018018018017,0.6196196196196195,0.5357256221985803,0.6874008057624221,0.6135549470673387
0.4811108331248437,0.7434934934934934,0.6493993993993994,0.500305213038701,0.4687915307741946,1.0
0.5201401050788093,0.5275275275275274,0.7517517517517517,0.5018016289655894,0.4952683258628809,0.499694786961299
0.5203902927195397,0.5277777777777777,0.7527527527527527,0.5017545389539041,0.4953154158745662,0.4997854788356559
0.0,0.7735235235235234,0.5027527527527528,0.0,0.0,0.2197533878647296
0.5814360770577935,0.8113113113113113,0.6451451451451451,0.0,0.3585799745365122,0.4812302701571411
0.5206404803602703,0.5275275275275274,0.7527527527527527,0.5018766241693845,0.4952229799257024,0.4997854788356559
0.5206404803602703,0.5272772772772771,0.7525025025025025,0.5018312782322061,0.4951619373179622,0.4997261803024225
0.2299224418313736,0.9944944944944945,0.1413913913913914,1.0,0.0,0.5399515147287092
0.4663497623217414,0.554054054054054,0.862112112112112,0.3739016690793031,1.0,0.2071786106702478
0.4443332499374532,0.6921921921921921,0.793043043043043,1.0,0.6787327554633134,0.426886652597799
0.4470853139854892,0.714214214214214,0.6443943943943944,1.0,0.7328775485288732,0.4664422624134503
0.5203902927195397,0.5275275275275274,0.7525025025025025,0.5017405863578492,0.4951933306590858,0.4998011755062176
0.2089066800100076,0.5117617617617617,0.4934934934934935,0.5654219788269355,0.1881786629924831,0.4960479271674486
0.9422066549912436,1.0,0.0738238238238238,0.0,1.0,0.3902000453459371
0.5293970477858395,0.634134134134134,0.7632632632632632,1.0,0.6619617350053194,0.4901721401538274
0.4498373780335252,0.9967467467467466,0.6701701701701701,0.2634598950067147,0.4797181575596909,0.0
0.2566925193895423,0.7510010010010009,0.0,0.3138653923295603,1.0,1.0
0.5206404803602703,0.5277777777777777,0.7530030030030029,0.5018609274988227,0.4951933306590858,0.4997401328984774
0.3074806104578435,0.9059059059059058,0.8033033033033032,0.6681270383870799,0.5176256169663568,1.0
0.4991243432574432,0.6711711711711711,0.4702202202202202,0.2008912220730069,0.4998011755062176,0.4878682177302614
0.1138353765323993,0.7304804804804803,0.7557557557557557,0.443198981460488,0.4830144583776619,0.2909447651603676
0.4711033274956218,0.5555555555555555,0.7059559559559558,0.0,0.6046723756038858,0.4081465720215568
0.6122091568676509,0.568068068068068,0.765015015015015,0.5245548249821232,0.5687043270488515,1.0
0.746059544658494,0.7605105105105103,0.6141141141141141,0.5099952909988315,0.6081831975862009,1.0
0.7142857142857144,0.5467967967967967,0.6056056056056056,0.4766660271726808,0.4136090133770514,0.6267697996058392
0.7905929447085316,0.4119119119119118,0.8463463463463463,0.5114149676474179,0.5267663114568254,0.0750370615832708
0.0,1.0,0.3438438438438438,1.0,1.0,0.0
0.6770077558168628,0.5655655655655655,0.7464964964964964,0.5200219753387865,0.4983361529204527,1.0
0.0,1.0,0.2682682682682683,0.0,0.6545755794687549,0.545018051171146
0.5118839129347011,0.6819319319319318,0.3946446446446446,0.6829289987268256,0.6098156513246246,0.5717704100319165
0.5193895421566176,0.3263263263263263,0.6201201201201201,0.0598827981931388,0.2361738493468441,0.362882606344943
0.5208906680010009,0.5277777777777777,0.7522522522522521,0.5018155815616443,0.4952386765962642,0.4997261803024225
0.2864648486364775,0.7132132132132131,0.8848848848848848,0.0,0.3694752079808849,0.7152362348919545
0.675256442331749,0.5252752752752752,0.7252252252252251,0.4868915360064182,0.4955892355721436,0.0430053891902262
0.526394796097073,0.6228728728728727,0.7967967967967968,0.513246245879624,0.4944451226956415,0.0
0.5146359769827372,0.6406406406406405,0.7109609609609608,1.0,0.6614280482062194,0.5299719204004395
0.5176382286715038,0.4937437437437436,0.7442442442442442,0.5815843172820343,0.0,0.9101452814064216
0.5201401050788093,0.5272772772772771,0.7525025025025025,0.5018312782322061,0.4952090273296475,0.4997558295690392
0.0445334000500375,1.0,0.0,1.0,0.5297573992360953,1.0
0.8781586189642233,0.5833333333333333,0.0,0.7414235136125016,0.2623907773340077,0.5427751713553203
0.1228421315986991,0.7404904904904903,0.0,1.0,0.0594101540017789,0.7285888693164972
0.7390542907180386,0.919169169169169,0.6323823823823823,0.559179936166873,0.6481190156443484,1.0
0.5201401050788093,0.5275275275275274,0.7522522522522521,0.5018609274988227,0.4952229799257024,0.4997715262396009
0.4180635476607456,0.4974974974974974,0.8028028028028027,0.4044229729494044,1.0,0.184959101452814
0.5206404803602703,0.5272772772772771,0.7522522522522521,0.5018155815616443,0.4951619373179622,0.4997261803024225
0.3817863397548162,0.5327827827827827,0.6931931931931932,0.6485620105690915,0.011871915168216,0.6380940753789002
0.3687765824368277,0.5560560560560559,0.8563563563563563,0.5691455778990878,0.9997715262396007,0.3518338943439664
0.5203902927195397,0.5272772772772771,0.7527527527527527,0.5018016289655894,0.4951322880513455,0.4997261803024225
0.7363022266700027,1.0,0.4311811811811811,1.0,0.0,0.097989082093587
0.5203902927195397,0.5275275275275274,0.7527527527527527,0.5018016289655894,0.4951619373179622,0.4997558295690392
0.2004003002251689,0.612112112112112,0.700950950950951,0.0,0.2107033852486178,0.6074506862933184
0.8383787840880663,0.4439439439439439,0.7582582582582582,0.517304707257094,0.4972827319183076,0.3607932050857212
0.5208906680010009,0.5275275275275274,0.7530030030030029,0.5018609274988227,0.4952229799257024,0.4997261803024225
0.7332999749812361,0.6186186186186186,0.52002002002002,0.667057920714373,0.3053508205870555,0.6749934597205993
0.4188141105829373,0.543043043043043,0.6669169169169169,0.5898547185935783,0.0206934440239287,0.7992308631424734
0.3227420565424069,0.547047047047047,0.7817817817817817,0.4967193958525908,0.504211939934074,0.6560702513211365
0.5451588691518641,0.527027027027027,0.8193193193193192,0.1606031009644732,0.4049252664073809,0.3858956694629994
0.4568426319739806,0.7852852852852852,0.6544044044044044,0.0,0.1672113992709768,0.5486963043061199
0.5246434826119591,0.7402402402402402,0.6874374374374375,1.0,0.5488497828627239,0.4706995482847027
0.4896172129096824,0.7344844844844844,0.7154654654654654,1.0,0.6830214346756893,0.5222648551546122
0.5201401050788093,0.5275275275275274,0.7522522522522521,0.5018766241693845,0.4952386765962642,0.4996790902907372
0.4560920690517889,0.4867367367367367,1.0,1.0,0.023196190941277,0.422521234107121
0.4213159869902428,0.4762262262262261,0.6771771771771771,0.7830842213579364,0.0050054938346966,0.7774072588380976
0.4961220915686766,0.5410410410410409,0.7024524524524525,0.0,0.5698484399253536,0.4427263372691281
0.2807105328996748,0.577077077077077,0.7479979979979979,0.6161937317962223,0.5674224322863073,0.0690845352913476
0.5203902927195397,0.5275275275275274,0.7517517517517517,0.5018016289655894,0.495254373266826,0.4997104836318607
0.5206404803602703,0.5277777777777777,0.7527527527527527,0.5018609274988227,0.4952386765962642,0.4997715262396009
0.4293219914936203,0.528028028028028,0.7327327327327327,0.510103423618257,0.5457976524757138,0.0
0.304978734050538,0.5175175175175174,0.6031031031031031,0.5664753998290807,0.1232607216980309,0.7167919493520764
0.5203902927195397,0.5275275275275274,0.7527527527527527,0.5018469749027679,0.4951322880513455,0.4997715262396009
0.9649737302977236,0.589089089089089,1.0,0.0655754573835394,1.0,0.0
0.4588441330998249,0.5097597597597596,0.7382382382382382,0.5496572893594014,0.0,0.8838812634075728
0.2046534901175882,0.668168168168168,0.7409909909909909,0.4465877182273227,0.4236356977170065,0.035450058426496
0.5203902927195397,0.5275275275275274,0.7535035035035034,0.5018766241693845,0.4951933306590858,0.4997261803024225
0.3139854891168377,0.5703203203203202,0.7782782782782782,0.6018487189772747,0.8736261053072187,0.3379615257163786
0.0065048786589942,0.864114114114114,0.0925925925925926,1.0,0.7038212672445366,0.2245147112684654
0.4630973229922443,0.5442942942942942,0.775025025025025,0.466700385440466,0.4435198911697507,0.0
0.8421315986990244,0.4924924924924924,0.1611611611611612,1.0,0.0,0.5806826307619861
0.973480110082562,0.3606106106106105,0.7647647647647646,0.5007482079634442,0.4845562202417287,0.4900797042049636
0.3757818363772831,1.0,1.0,0.0,0.0543732668259588,1.0
0.4120590442832125,0.4029029029029028,0.6128628628628628,0.5686415403666044,0.0,0.8109213945619757
0.4888666499874907,0.7810310310310309,0.5905905905905906,0.0,0.3860020580079181,0.4623367110242949
0.7373029772329248,0.4386886886886886,0.7442442442442442,0.505814744405881,0.4993285313148577,0.9518216858224182
0.4588441330998249,0.6448948948948947,0.4044044044044044,0.7427211050456075,0.5902820168477597,0.6305090953485533
0.3307480610457844,0.5237737737737737,0.8335835835835835,0.5549836929033608,0.9169663568027626,0.3508118666829447
0.6072054040530399,0.553053053053053,0.7412412412412412,0.5098278598461726,0.5161309451139753,1.0
0.3890417813360021,0.5272772772772771,0.8583583583583583,0.5152449552644889,0.9558208486666552,0.3271430315503078
0.5026269702276709,0.7339839839839839,0.5357857857857857,1.0,0.6431292184802135,0.500228473760399
0.4786089567175383,0.7194694694694693,0.4549549549549549,0.7801402235903517,0.5823464778415334,0.5479341437466209
0.7065298974230675,0.6478978978978978,0.5475475475475475,0.5461168181104696,0.141481068071228,0.706629227200586
0.5253940455341507,0.7790290290290289,0.3288288288288288,0.0,1.0,0.6006139142264157
1.0000000000000002,1.0,0.0,0.0,1.0,0.7050578160699025
0.0,1.0,0.0,0.0,0.0501473742958298,0.0
0.5206404803602703,0.5272772772772771,0.7525025025025025,0.5018016289655894,0.4952090273296475,0.4998011755062176
0.2659494620965725,1.0,0.5465465465465466,0.0,0.3467377086349129,0.5996982751103127
0.5456592444333251,0.4496996996996996,0.6869369369369369,0.3174372569196156,0.0,0.938376615449012
0.4620965724293221,0.7464964964964964,0.4682182182182182,0.9934684409717984,0.6757259710134818,0.5790955229607408
0.4911183387540657,0.7444944944944943,0.5330330330330331,0.4083750457819558,0.4280761114114795,0.6978233950154351
0.5203902927195397,0.5272772772772771,0.752002002002002,0.5017859322950277,0.4952683258628809,0.4997261803024225
0.9194395796847638,0.2259759759759759,0.7640140140140139,0.5137345867415456,0.4748190522699129,0.4920644609937736
0.618213660245184,0.5412912912912912,0.8833833833833833,0.4304271238467307,1.0,0.408359349111394
0.4818613960470354,0.4964964964964964,0.7897897897897898,2.9649266616693648e-05,0.5165721959642116,0.4838690548860247
0.3592694520890669,1.0,0.5205205205205204,1.0,1.0,0.8041753143694299
0.8098573930447838,0.5202702702702702,0.0,1.0,0.0,0.5486823517100651
0.1948961721290969,0.5788288288288287,0.8956456456456456,0.4817639569562412,0.4943387341507229,1.0
0.4553415061295973,0.5017517517517517,0.6809309309309308,0.5754486631668905,0.0,0.8380853550063658
0.3267450587940956,0.5653153153153152,0.6784284284284283,0.6110365034794286,0.529392887664161,0.5197621082372639
0.5096322241681263,0.5342842842842842,0.8183183183183182,0.0430193417862811,0.4782845283150496,0.4849835184959101
0.732799599699775,0.7672672672672671,0.7447447447447447,0.5200673212759649,0.5090656992866736,1.0
0.3257443082311735,0.568068068068068,0.7722722722722721,0.5665817883739993,0.5124212986378778,0.2149467185238153
0.4808606454841132,0.8043043043043042,0.6078578578578578,0.0,0.3599525611734133,0.4781170971623907
0.0652989742306731,0.7930430430430429,0.7542542542542542,0.4426199487242095,0.4776270122259622,0.1921778258367197
0.4070552914686016,0.4772272272272271,0.8268268268268267,0.6590613391004063,0.3954043636744161,0.6269982733662383
0.3507630723042283,0.6123623623623623,0.7892892892892892,0.4904163105847882,0.4680136735441338,0.0372970333292638
0.5203902927195397,0.5275275275275274,0.7522522522522521,0.5017405863578492,0.4951619373179622,0.4998011755062176
0.1698774080560421,0.606106106106106,0.7127127127127126,0.5420740534035614,0.5449116626262274,0.8827371505310706
0.664748561421066,0.5337837837837837,0.7580080080080079,0.5179011807384412,0.5217765142926906,1.0
0.5206404803602703,0.5275275275275274,0.7525025025025025,0.5017405863578492,0.4952386765962642,0.4997558295690392
0.5206404803602703,0.5272772772772771,0.7522522522522521,0.5018609274988227,0.4952229799257024,0.4997104836318607
0.0,1.0,0.4259259259259259,1.0,1.0,1.0
0.5023767825869403,0.7267267267267266,0.4371871871871872,0.9998325688473412,0.6396340931684601,0.5710692920801577
0.3224918689016763,0.5948448448448448,0.7607607607607607,0.499389573922598,0.4602769590316898,0.1684619006923975
0.5088816612459346,0.6954454454454453,0.5130130130130129,1.0,0.6490346547604513,0.5699844777368889
1.0000000000000002,0.7785285285285284,1.0,1.0,0.0634843120498108,0.287632767671835
0.2134100575431575,0.6108608608608608,0.7542542542542542,0.554129096394998,0.505814744405881,0.2689694263738946
0.5203902927195397,0.5277777777777777,0.7525025025025025,0.5018766241693845,0.4951322880513455,0.4997104836318607
0.3845384038028522,0.6774274274274273,0.3948948948948949,0.0,0.8125678008964543,0.6917958735197167
0.4726044533400051,0.5302802802802802,0.7099599599599599,0.6283272581404677,0.1771909935992465,0.7862898303015504
0.5236427320490369,0.4486986986986986,0.5523023023023023,0.5484364372045973,0.0,0.8679648394579416
0.5459094320740556,0.6348848848848848,0.6666666666666666,0.0,0.363036084901547,0.4999389573922598
0.4043032274205655,0.5788288288288287,0.8893893893893893,0.4707152449552645,0.892275494009104,0.3256466156234194
0.3332499374530899,0.5628128128128127,0.7042042042042042,0.4793222526466331,0.0,0.6260529849835185
0.7245434075556669,0.903153153153153,0.0,0.4012784066135305,0.2379737342379266,0.2206236810436542
0.3690267700775582,1.0,0.4046546546546546,0.0,0.4246891187191517,0.9016603589305336
0.4358268701526145,0.7449949949949949,0.7795295295295295,0.0,0.3834696618239531,0.5436140711931213
0.4718538904178135,0.4987487487487486,0.6686686686686687,0.5220520780647749,0.0,0.8356419066222509
0.5206404803602703,0.5277777777777777,0.7522522522522521,0.5018923208399463,0.4952090273296475,0.4997854788356559
0.560170127595697,0.559059059059059,0.7725225225225225,0.4899279697228665,1.0,0.3491951096150827
0.5203902927195397,0.5275275275275274,0.7522522522522521,0.5018312782322061,0.4951933306590858,0.4997401328984774
0.4963722792094072,0.5750750750750749,0.8178178178178177,1.0,0.5790955229607408,0.4795664230775939
0.5586690017513136,0.5773273273273272,0.6218718718718719,1.0,0.6786263669183947,0.2757905017702356
1.0000000000000002,0.6624124124124123,0.0,0.2000523222352059,0.9650522350314804,0.179831522402637
0.3877908431323493,0.6426426426426425,0.6941941941941941,0.6260983309206969,0.4035212864293562,0.9986413659591538
0.7913435076307231,0.4129129129129128,0.7454954954954954,0.5157175994558487,0.5767462545999965,0.0
0.0230172629472104,0.7800300300300299,1.0,0.9759038666131816,0.9986117166925372,0.0387306625739051
0.4558418814110584,0.7347347347347346,0.4837337337337337,0.8941974641156669,0.6897361215271116,0.5204492735929679
0.3292469352014011,0.3113113113113112,1.0,0.4408497130997436,0.7008144827947049,0.4148002162652389
0.5203902927195397,0.5275275275275274,0.7522522522522521,0.5018609274988227,0.4952840225334426,0.499694786961299
0.3565173880410309,0.4589589589589589,0.8778778778778777,0.4815197865252804,1.0,0.3799745365121998
0.571178383787841,0.543043043043043,0.7667667667667667,0.5404555522611926,0.5492456877757818,1.0
0.5201401050788093,0.5267767767767767,0.7525025025025025,0.5018469749027679,0.4952229799257024,0.4996337443535588
0.3002251688766576,0.5087587587587586,0.8713713713713713,0.6135078570556534,1.0,0.3244868060763556
1.0000000000000002,0.9059059059059058,0.068068068068068,0.3334757660847272,0.0,0.0
0.3972979734801102,0.4849849849849849,0.7735235235235235,0.5398154769171739,0.5517030887559516,0.593013237525507
0.6567425569176885,0.5700700700700699,0.597097097097097,0.5695432268866526,0.0,0.8480196033974572
0.7550662997247937,0.5628128128128127,0.7052052052052051,0.4849992151664719,0.489973315660045,1.0
0.5198899174380787,0.752002002002002,0.73998998998999,0.0,0.1918865653940736,0.3480806460051974
0.798098573930448,0.4602102102102101,0.7642642642642642,0.5049148019603398,0.4670980344280308,0.6191708669794374
0.6767575681761322,0.4734734734734734,0.7487487487487487,0.5000906918743568,0.4956816715210074,1.0
0.4523392544408307,0.595095095095095,0.6036036036036035,0.543249559621187,0.6153548319584212,0.5915028690025638
0.5391543657743308,0.5685685685685685,0.7717717717717717,1.0,0.7101086558417775,0.4415211817848858
0.3627720790592945,0.5012512512512511,0.983983983983984,0.0,1.0,0.4227200586009034
0.9502126594946212,0.0425425425425425,0.7479979979979979,0.4978181627919145,0.4820691699949422,0.2340827040131154
0.6452339254440832,0.5998498498498498,0.5583083083083082,0.5798280342536233,0.4881123881612222,0.6443971606467028
0.5206404803602703,0.5272772772772771,0.7525025025025025,0.5018923208399463,0.495177633988524,0.4998011755062176
0.5654240680510384,0.5227727727727727,0.7494994994994995,0.3477911296370581,1.0,0.2023719413293335
0.5203902927195397,0.5275275275275274,0.7525025025025025,0.5018469749027679,0.4951462406474005,0.4997401328984774
0.466599949962472,0.6856856856856856,0.4479479479479479,0.6437099952909988,0.5390062263459895,0.5688560615309486
0.430072554415812,0.4391891891891891,0.6481481481481481,0.5544953520414392,0.0,0.8931440431135218
0.5198899174380787,0.6919419419419418,0.6491491491491491,1.0,0.6070076913685752,0.4825575108568638
0.5201401050788093,0.5275275275275274,0.7522522522522521,0.5018923208399463,0.4952090273296475,0.4997854788356559
0.0330247685764323,1.0,0.0935935935935936,1.0,0.0,0.6215654812773601
0.5203902927195397,0.5277777777777777,0.7527527527527527,0.5018312782322061,0.4952090273296475,0.4997261803024225
0.4075556667500626,0.6493993993993993,0.8425925925925926,0.4943073408095993,0.9664422624134504,0.389451837382493
0.2321741305979485,0.333083083083083,0.9682182182182182,0.3088598984948637,0.5868479341437466,0.2661911156844621
0.2349261946459845,0.4634634634634634,0.2327327327327327,1.0,0.2257198667527076,0.4030957322496817
0.6399799849887418,0.5528028028028027,0.6539039039039038,0.4462057659103197,0.982541814186302,0.5036939498055357
0.5203902927195397,0.5275275275275274,0.7527527527527527,0.5018609274988227,0.4951933306590858,0.499694786961299
0.0,1.0,0.0,1.0,1.0,1.0
0.2947210407805856,0.6884384384384383,0.7214714714714714,0.5684898058845074,0.5247379528053439,1.0
0.5206404803602703,0.5277777777777777,0.7527527527527527,0.5018766241693845,0.4952229799257024,0.4997401328984774
0.5208906680010009,0.5125125125125124,0.7437437437437437,0.3134084448087622,0.4537454000034882,0.5118265692310375
0.4856142106579936,0.5748248248248247,0.7747747747747746,0.3995395643301882,0.4493660289167553,0.5013429373702845
0.5203902927195397,0.5275275275275274,0.7522522522522521,0.5018155815616443,0.4951933306590858,0.4997261803024225
0.5046284713535153,0.6501501501501501,0.3876376376376376,0.4660446134258855,0.5649789839021923,0.596996703699182
0.5203902927195397,0.5272772772772771,0.7525025025025025,0.5018766241693845,0.4951322880513455,0.4997104836318607
0.4550913184888668,0.8115615615615615,0.5868368368368369,0.0,0.1820744022184628,0.5518862165791723
0.0047535651738804,0.8235735735735734,0.762012012012012,0.3991576120131852,0.4551493799815128,0.0308875595165425
0.5203902927195397,0.5272772772772771,0.7530030030030029,0.5018312782322061,0.495254373266826,0.4997715262396009
0.5203902927195397,0.5275275275275274,0.7522522522522521,0.5017702356244659,0.495254373266826,0.4996790902907372
0.5206404803602703,0.5275275275275274,0.7525025025025025,0.5018312782322061,0.4951933306590858,0.4997261803024225
0.5201401050788093,0.5277777777777777,0.752002002002002,0.5017702356244659,0.4952229799257024,0.4997261803024225
0.0,0.8578578578578577,0.1749249249249249,0.0,0.1154001778955997,0.5187086872351186
0.5789342006504881,0.7247247247247246,1.0,0.6547587072919755,0.6255489474510352,0.3386643877426444
0.8391293470102579,0.5437937937937937,0.755005005005005,0.4947049897971641,0.4630081797094372,0.0019533634476864
0.5201401050788093,0.5277777777777777,0.752002002002002,0.5018469749027679,0.4952229799257024,0.4998168721767794
0.8383787840880663,0.4229229229229228,0.793043043043043,0.5346268552592567,0.524188569335682,0.0
0.5323992994746061,0.6999499499499499,0.4612112112112112,0.1765195249141044,0.4501281894762544,0.52411183005738
0.654240680510383,0.5673173173173173,0.5663163163163163,0.5710222020684723,0.9025916947171984,0.3876659050874653
0.4320740555416563,0.5465465465465464,0.8245745745745745,0.6210928370860003,1.0,0.2115893750981041
0.7177883412559422,0.537037037037037,0.5975975975975976,0.4364249960758323,0.1819976629401608,0.716807646022638
0.3462596947710784,0.4474474474474473,0.6506506506506506,0.1636848806181,0.2734412334094913,0.526720965519647
0.5193895421566176,0.5287787787787787,0.7522522522522521,0.5018155815616443,0.495177633988524,0.4997261803024225
0.0,0.343093093093093,0.0938438438438438,0.7460017091930167,1.0,0.7955072640703211
0.5604203152364274,0.4784784784784784,0.4817317317317317,0.5669637406910023,0.5231508450040986,0.5325200132549662
0.4973730297723294,0.7089589589589589,0.4747247247247247,0.494413729354518,0.5059507822174163,0.5698780891919702
0.5178884163122343,0.5030030030030029,0.7685185185185185,0.2663288975705042,0.4500514501979524,0.5036625564644122
0.5331498623967977,0.4632132132132131,0.785035035035035,0.3774107469871113,1.0,0.2351204283446989
0.5143857893420066,0.5475475475475474,0.7742742742742742,1.0,0.7095278790309922,0.5153059978722291
0.4018013510132601,0.517017017017017,0.849099099099099,0.466777124718768,0.9940021277708984,0.2851753666916651
0.4736052039029273,0.7364864864864864,0.4974974974974975,0.991729598688456,0.7551737970246089,0.4931178819959189
0.5196397297973482,0.5277777777777777,0.752002002002002,0.5018469749027679,0.4952090273296475,0.499694786961299
0.5203902927195397,0.5272772772772771,0.7522522522522521,0.5018312782322061,0.4952386765962642,0.4997401328984774
0.1673755316487366,0.548048048048048,0.6293793793793794,0.5188464691211608,0.6750701989989012,0.5000453459371784
0.7275456592444335,0.4809809809809809,0.7487487487487487,0.5166646319130753,0.4554231996790903,0.7764462737848161
0.484863647735802,0.7334834834834834,0.4722222222222222,1.0,0.6732999633744353,0.5673456930080053
0.5223917938453841,0.592092092092092,0.7587587587587588,1.0,0.6370110051101383,0.5059054362802379
0.5068801601200902,0.7457457457457456,0.4609609609609609,0.0,0.4176535221584666,0.4312206777473534
0.5414060545409058,0.5693193193193192,0.6696696696696697,1.0,0.6318520327188377,0.4489073373214504
0.4178133600200151,0.4444444444444443,0.576076076076076,0.7065978338594625,1.0,0.9847707414060728
0.4933700275206406,0.7550050050050049,0.5107607607607607,1.0,0.8909779025759981,0.3843696042694944
1.0000000000000002,0.6834334334334333,0.0,0.9590857561435024,0.1224218218602299,0.4615431571236723
0.5729296972729548,0.6183683683683683,0.5067567567567567,0.572884873641802,0.0,0.648989308823273
0.3670252689517139,0.8658658658658658,0.7647647647647646,0.0,0.3313689240804367,0.5858572998238485
0.5246434826119591,0.5973473473473473,0.6569069069069069,0.0,0.4375377156112109,0.4705617663986605
0.4883662747060296,0.4667167167167166,0.6619119119119119,0.4339362017545389,0.0,0.925344890733732
0.5203902927195397,0.5275275275275274,0.7525025025025025,0.5017545389539041,0.4951462406474005,0.4997854788356559
0.3927945959469603,0.6003503503503502,0.7882882882882882,0.6411619024364721,0.9512426530861398,0.3910389451837383
0.1381035776832625,0.9154154154154152,0.0,1.0,1.0,1.0
0.4706029522141607,0.899149149149149,0.6151151151151151,0.0,0.8467063152937893,0.5756614402567277
0.696272204153115,0.5290290290290289,0.6969469469469469,0.5423025271639604,0.9373406351919352,0.421300381952317
0.6397297973480112,0.6539039039039038,0.6063563563563563,0.4769415909447652,0.0025794861956502,0.7045694752079809
0.8508881661245936,0.668168168168168,0.7417417417417417,0.5202207998325689,0.4938503932888013,0.0
0.4650988241180886,0.4436936936936936,0.80005005005005,0.5080122782845283,0.573343565237107,0.476803809058723
0.6717538153615213,0.602102102102102,0.7184684684684685,0.5606153094860212,0.5524356000488341,1.0
0.7070302727045286,0.5037537537537536,0.7372372372372371,0.342053124509479,0.901172018068612,0.4616652423391527
0.297222917187891,0.6233733733733733,0.6886886886886887,0.4073216247798106,1.0,0.2327868566545163
0.6332249186890169,0.5935935935935935,0.4817317317317317,0.47343076896245,0.4205835673299963,0.5619739435268675
0.4808606454841132,0.5548048048048047,0.5825825825825826,0.5047613234037358,0.694221881158763,0.5458883443500706
0.2957217913435077,0.5813313313313312,0.8408408408408408,0.7477562481469209,0.9795960723442104,0.4116260006627483
0.5208906680010009,0.5275275275275274,0.7522522522522521,0.5019219701065629,0.4951619373179622,0.4997854788356559
0.5148861646234677,0.6261261261261261,0.8285785785785785,0.5423635697717006,0.4919423757782932,1.0
0.5201401050788093,0.5275275275275274,0.7525025025025025,0.5018469749027679,0.4951462406474005,0.4997401328984774
0.5576682511883915,1.0,0.2535035035035035,1.0,0.0,0.3070600136037811
0.0,0.8203203203203202,0.002002002002002,0.0,0.0,0.4396602542860631
0.4801100825619215,0.4779779779779779,0.7037037037037036,0.1484556220241729,0.4149833440884594,0.3955247048153897
0.1733800350262697,0.7014514514514514,0.7605105105105104,0.4898372778485096,0.500076739278302,1.0
0.0,0.4892392392392392,0.0,0.275607373947015,0.7708007046061007,0.6149118370336781
0.5691768826619966,0.5558058058058057,0.5235235235235235,0.5893960269982733,0.8319653975617838,0.4788635610513281
0.5203902927195397,0.5277777777777777,0.7522522522522521,0.5018766241693845,0.4952683258628809,0.4996790902907372
0.3207405554165625,0.6769269269269268,1.0,0.0,0.5367772991262186,0.6165006889094302
0.5198899174380787,0.5272772772772771,0.752002002002002,0.5017545389539041,0.495254373266826,0.4996494410241205
0.8366274706029524,1.0,0.0,1.0,0.66566963740691,0.0
0.5201401050788093,0.5275275275275274,0.7522522522522521,0.5018312782322061,0.495177633988524,0.4997104836318607
0.9544658493870404,0.7877877877877877,0.1026026026026026,0.0,0.9929487067687532,0.0
0.5694270703027272,0.9657157157157156,0.7792792792792792,0.5199452360604845,0.5323682787728692,0.0
0.8896672504378285,0.1986986986986986,0.7772772772772771,0.505891483684183,0.5478574044683189,0.9157158553813418
0.6860145108831626,0.5978478478478477,0.5855855855855856,0.5961107138496956,0.315574585346286,0.6508676770671643
0.5206404803602703,0.5277777777777777,0.7522522522522521,0.5018312782322061,0.4952229799257024,0.4997715262396009
0.2106579934951214,0.6544044044044043,0.7837837837837838,0.4693112649772398,0.4994802657969548,0.779896053159391
0.466599949962472,0.646146146146146,0.6779279279279279,0.3779758271273349,0.4070774543488498,0.0
0.5233925444083064,0.6746746746746746,0.7935435435435434,0.5901913249734029,0.5702914348500968,1.0
0.5203902927195397,0.5275275275275274,0.7527527527527527,0.5018469749027679,0.495254373266826,0.4997854788356559
0.5203902927195397,0.5277777777777777,0.7525025025025025,0.5018609274988227,0.4951933306590858,0.499694786961299
0.5091318488866652,0.6346346346346345,0.7357357357357357,1.0,0.648975356227218,0.3982873188342606
0.5203902927195397,0.5275275275275274,0.752002002002002,0.5018016289655894,0.4951933306590858,0.4997261803024225
0.5203902927195397,0.5275275275275274,0.7525025025025025,0.5018155815616443,0.4952090273296475,0.4997401328984774
0.5203902927195397,0.5275275275275274,0.7530030030030029,0.5018155815616443,0.495177633988524,0.4997715262396009
0.3740305228921692,1.0,0.1338838838838839,0.914250832795577,1.0,0.0
1.0000000000000002,0.894144144144144,0.94019019019019,0.0136892408043671,0.993712611402759,1.0
0.6239679759819866,0.5342842842842842,0.6238738738738738,0.5144217520972496,0.1153391352878595,0.7440936916825086
0.4996247185389043,0.6714214214214214,0.4234234234234234,0.2234769869368819,0.4234368732232241,0.5855974327223259
0.4851138353765325,0.5575575575575574,0.6834334334334333,1.0,0.6175837591781921,0.508882571463453
0.4530898173630224,0.6336336336336336,0.7272272272272272,0.0,0.3492701048188779,0.402926557022516
0.7878408806604955,0.4584584584584584,0.7562562562562563,0.5032352582102307,0.4913772956380696,0.688637354587788
0.4505879409557169,0.6904404404404403,0.6051051051051051,1.0,0.488128084831784,0.6023527565097581
0.5203902927195397,0.5277777777777777,0.7527527527527527,0.5018469749027679,0.4950102028358651,0.4998011755062176
0.5484113084813611,0.6909409409409408,0.4524524524524524,0.0,0.399706995482847,0.4042851910633622
0.1336002001501126,0.5325325325325324,0.0,0.6085337565620803,1.0,1.0
0.5203902927195397,0.5277777777777777,0.7530030030030029,0.5018766241693845,0.4952090273296475,0.4997558295690392
0.1896422316737553,0.5615615615615615,0.6086086086086085,0.5896105481626175,0.6823185726494236,0.4238188255402271
0.7045283962972231,0.6659159159159158,0.7104604604604604,0.4972373859811291,0.4869054886024731,1.0
0.3690267700775582,0.8508508508508508,0.829079079079079,0.0,0.14958578230462,0.5947084779461779
0.5041280960720542,0.6904404404404403,0.4577077077077077,1.0,0.8395643301881857,0.5068524687374645
0.4888666499874907,0.5893393393393392,0.7447447447447447,0.486066588764672,0.4307619861520484,0.0
0.5203902927195397,0.5272772772772771,0.7525025025025025,0.5019219701065629,0.4951619373179622,0.4997104836318607
0.7368026019514637,0.5290290290290289,0.5673173173173173,0.5456302213230549,0.5392347001063885,0.0
0.4936202151613711,0.4326826826826826,0.7202202202202201,0.5305666498072797,0.448084134154211,0.4315101941154926
0.5203902927195397,0.5275275275275274,0.7522522522522521,0.5018312782322061,0.4951619373179622,0.4997401328984774
0.5161371028271204,0.5808308308308308,0.6176176176176176,0.0,0.3544901198179186,0.4443291417409352
0.845133850387791,1.0,0.0583083083083083,0.0,1.0,0.5652702443448384
0.5208906680010009,0.5292792792792792,0.7515015015015014,0.5019219701065629,0.4951933306590858,0.4996790902907372
0.5043782837127847,0.6916916916916915,0.4744744744744744,0.4920958543348971,0.5365488253658196,0.5694211416711722
0.5491618714035528,0.5415415415415414,0.7532532532532532,1.0,0.6026893628895826,0.5031899122730523
0.6404803602702028,0.6083583583583583,0.7645145145145145,0.5309032561871043,0.5704135200655772,1.0
0.5201401050788093,0.5272772772772771,0.7527527527527527,0.5018155815616443,0.495177633988524,0.499694786961299
0.2887165374030523,0.552052052052052,0.8846346346346345,0.4963374435355878,0.5940823551982141,0.4141130509095349
0.406805103827871,0.4524524524524523,0.795045045045045,0.3485218968554336,1.0,0.1065193505066536
0.367525644233175,0.612112112112112,0.9704704704704704,0.5681078535675044,1.0,0.2558295690391893
0.3770327745809358,0.4892392392392392,0.7555055055055054,0.6092052252472225,0.0866037637127858,0.6363848823621745
0.487615711783838,0.5555555555555555,0.819069069069069,1.0,0.8007865776025951,0.5159931632279331
0.602201651238429,0.5833333333333333,0.7437437437437437,0.5219596421159112,0.5213649127090709,1.0
0.0140105078809107,0.865115115115115,0.7812812812812813,0.5459807802989344,0.509721471301254,0.9239252140851456
0.5203902927195397,0.5272772772772771,0.7522522522522521,0.5018923208399463,0.4951462406474005,0.4996494410241205
0.9939954966224672,0.7482482482482481,0.6984484484484484,0.4828313305544413,0.5638959136334304,0.0
0.5206404803602703,0.5275275275275274,0.752002002002002,0.5018766241693845,0.4951619373179622,0.4996790902907372
0.6787590693019766,0.5885885885885884,0.4907407407407407,0.3819139473638314,0.176078274063868,0.6481504089854718
0.5203902927195397,0.527027027027027,0.7522522522522521,0.5017859322950277,0.495177633988524,0.499694786961299
0.5078809106830124,0.5605605605605605,0.7965465465465464,0.2416519873729006,0.4996337443535588,0.4707605908924429
0.5201401050788093,0.5275275275275274,0.7522522522522521,0.5018155815616443,0.4951933306590858,0.4997715262396009
0.5208906680010009,0.5277777777777777,0.7530030030030029,0.5018609274988227,0.4951462406474005,0.4997104836318607
0.6534901175881913,0.589089089089089,0.5377877877877878,0.4648237612710815,0.0055391806337966,0.6278842632157245
0.4610958218663999,0.7675175175175174,0.5030030030030029,0.0069431606118213,0.1875525402445192,0.6365680101853951
0.0,0.7279779779779778,0.4892392392392392,1.0,1.0,1.0
0.5203902927195397,0.5272772772772771,0.7517517517517517,0.5018155815616443,0.4952090273296475,0.4997261803024225
0.5201401050788093,0.5275275275275274,0.7527527527527527,0.5018766241693845,0.4952229799257024,0.4997854788356559
0.4971228421315988,0.551051051051051,0.7489989989989989,0.0013272406997227,0.2961787327554633,0.5385789280918081
0.7130347760820617,0.5027527527527527,0.7517517517517517,0.5339850358407311,0.545781955805152,1.0
0.5016262196647487,0.7044544544544543,0.4782282282282282,0.0088825714634529,0.4181872089575666,0.4817168669445558
0.4813610207655743,0.5095095095095095,0.6811811811811811,0.0,0.2682212184104505,0.4955752829760887
0.5774330748061047,0.9134134134134132,0.1579079079079079,1.0,1.0,0.4254983692903361
0.4500875656742558,0.5850850850850849,0.827077077077077,0.2115893750981041,0.5160699025062351,0.4098400683677207
0.9594696022016516,0.2935435435435435,0.7722722722722721,0.5128485968920592,0.473202295202051,0.7757137624919337
0.0,1.0,0.019019019019019,0.0344280307654743,0.2578439750946161,0.2269564155780735
0.5481611208406306,0.5402902902902902,0.8123123123123123,0.1413903761968711,0.4055827824964682,0.4427420339396899
0.4625969477107832,0.5895895895895895,0.7454954954954954,0.5980187313602037,0.6217346565045259,1.0
0.4425819364523394,0.507007007007007,0.6731731731731732,0.5965083628372604,0.0,0.6752986727593002
0.3960470352764574,0.5708208208208208,0.6458958958958958,0.697212968938033,0.5172436646493538,0.5831243350715942
0.6579934951213412,0.9627127127127126,0.0,0.0,1.0,0.9774595810733036
0.3782837127845885,0.6914414414414414,0.7042042042042042,0.3905506043218166,0.4946125538483004,0.0
0.7628221165874407,0.4737237237237236,0.7652652652652652,0.4835952351884472,0.5404869456023161,1.0
0.4558418814110584,0.7510010010010009,0.7127127127127126,0.5287667649161972,0.4992064460993773,0.0
0.8486364773580186,0.7805305305305305,0.7707707707707707,0.4521582922022429,0.3526884908523292,0.0
0.5281461095821868,0.4577077077077076,0.775025025025025,0.1213073582503444,0.4553011144636099,0.4374923696740325
0.5081310983237429,0.5645645645645645,0.8038038038038038,0.1410537698170466,0.3961211782967369,0.4403770689083838
0.3192394295721792,0.606106106106106,0.853103103103103,0.5239897448418996,0.8522768892687096,0.2793466696897291
0.4195646735051289,0.8618618618618618,0.0,0.7731970629785304,0.6409927272093063,0.5668573521460837
0.5206404803602703,0.5275275275275274,0.7525025025025025,0.5018469749027679,0.495254373266826,0.4998011755062176
0.7628221165874407,0.4319319319319318,0.7417417417417417,0.5112161431536355,0.4923696740324746,0.8227933097301916
0.5206404803602703,0.5275275275275274,0.7530030030030029,0.5018016289655894,0.4952386765962642,0.4997261803024225
0.3137353014761072,0.6764264264264264,0.1391391391391391,1.0,0.0,1.0
0.1968976732549412,0.6854354354354353,0.0,0.2014563022132305,0.4749725308265169,0.6616722186371802
0.5739304478358771,0.5555555555555555,0.8448448448448448,0.2187767061408863,1.0,0.1097999546540628
0.6740055041280962,1.0,0.2014514514514515,0.0,1.0,1.0
0.5203902927195397,0.5277777777777777,0.7522522522522521,0.5017405863578492,0.4952229799257024,0.4995727017458186
0.3197398048536403,0.5405405405405405,0.592092092092092,0.5192580707047805,0.0,0.6162704710745243
0.1843882912184138,0.5568068068068067,0.7842842842842842,0.4937893506810611,0.9428344698885536,0.1933219387132218
0.5341506129597199,0.5482982982982982,0.7987987987987988,0.3895128799902332,0.5706716430925929,0.4931318345919738
0.5208906680010009,0.5267767767767767,0.7525025025025025,0.5019219701065629,0.4951165913807838,0.4998011755062176
0.2099074305729298,1.0,0.4439439439439439,0.0,0.1871409386608996,0.5495979908261681
0.0,0.7652652652652652,0.7374874874874874,0.3802030102725988,0.4673718541256082,0.120192894640459
0.6172129096822618,0.4754754754754754,0.7502502502502502,0.513628198196627,0.4761480370441425,1.0
0.0,1.0,0.3873873873873873,0.0,0.4073216247798106,0.4517152972774997
0.0,0.3966466466466465,0.1896896896896897,0.7091930167256745,1.0,0.8777159600258122
0.5203902927195397,0.5275275275275274,0.7525025025025025,0.5018155815616443,0.4951462406474005,0.4997104836318607
0.0,0.8898898898898897,0.4832332332332332,0.0,0.1467010830702688,0.7487939724785043
0.3767825869402053,0.5387887887887887,0.7605105105105104,0.4351117079721646,0.4768491549959014,0.3380382649946806
1.0000000000000002,1.0,0.0,0.0,0.663060501944643,0.2125503601513856
0.6197147860895673,0.3348348348348348,0.7625125125125125,0.7969565899855242,0.5766084727139543,0.4247641139229468
0.7000250187640732,0.4922422422422421,0.7537537537537538,0.5206167047456267,0.4810000523222352,0.22040915987931
0.5201401050788093,0.5277777777777777,0.7522522522522521,0.5018312782322061,0.4952386765962642,0.499694786961299
0.3014761070803103,0.5322822822822821,0.73998998998999,0.5604321816628006,0.8115300765648709,0.4658318363360483
0.5421566174630975,0.6313813813813813,0.7052052052052051,0.4864938870188534,0.4646563301184226,0.0
0.5206404803602703,0.5277777777777777,0.7525025025025025,0.5018016289655894,0.4951933306590858,0.4997715262396009
0.16437327995997,1.0,0.0075075075075075,0.0,1.0,1.0
0.5076307230422819,0.7417417417417416,0.6504004004004004,0.5771875054502328,0.5188935591328462,1.0
0.6367275456592446,0.5588088088088087,0.565065065065065,0.5336344768648517,0.0898250693269616,0.6512182360430437
0.5661746309732301,0.5955955955955955,0.7027027027027026,0.473812721279453,0.4196993215550168,0.0
0.996247185389042,0.8238238238238237,0.983983983983984,0.8767706716430925,0.0,0.0
0.7925944458343759,0.6824324324324323,0.3080580580580581,1.0,0.0,0.3273872019812686
0.8869151863897926,0.8973973973973972,0.4687187187187187,1.0,1.0,0.1981443047246978
0.5223917938453841,0.542042042042042,0.6576576576576576,0.5336955194725919,0.0,0.6445645917993617
0.4791093319989993,0.4859859859859859,0.7630130130130129,0.5647976001534786,0.9799623279906516,0.2179378063030853
0.5206404803602703,0.5275275275275274,0.7522522522522521,0.5018016289655894,0.4951933306590858,0.4997715262396009
0.5203902927195397,0.5275275275275274,0.7522522522522521,0.5018469749027679,0.4952090273296475,0.4997104836318607
0.6955216412309233,0.7712712712712712,0.7304804804804804,0.5500252890803495,0.5274395242164746,1.0
0.4863647735801852,0.6789289289289289,0.4166666666666666,0.6298062333222876,0.5867101522577044,0.6097546087168844
0.5203902927195397,0.5275275275275274,0.7522522522522521,0.5018469749027679,0.4951619373179622,0.4997715262396009
0.5013760320240181,0.7319819819819818,0.5530530530530531,0.3923661858834609,0.4928580148943963,0.5070652458273017
0.3089817363022268,0.609109109109109,0.7695195195195195,0.4489840765997523,0.4336013394492213,1.0
0.4495871903927947,0.7449949949949949,0.7437437437437437,1.0,0.7995360761811745,0.4386521792210963
0.3575181386039531,0.5010010010010009,0.6564064064064064,0.5050961857090535,0.0,0.7193417862811099
0.5258944208156119,0.5095095095095095,0.775025025025025,0.889528576660795,0.4851823429896925,0.523042712384673
0.4923692769577184,0.4699699699699698,0.6273773773773773,0.5442558906116469,1.0,0.1537663288975705
0.47485614210658,0.7545045045045045,0.4632132132132132,1.0,0.7905924621099814,0.5955927237211573
0.6950212659494622,0.595095095095095,0.5508008008008007,0.5934265831836336,0.4596194429426025,0.6062141374679526
0.5206404803602703,0.5277777777777777,0.7527527527527527,0.5018609274988227,0.4951619373179622,0.4998011755062176
0.5138854140605456,0.6744244244244243,0.5775775775775776,0.9973908645377332,0.5517484346931301,0.4948270750126445
0.3059794846134602,0.6994494494494493,0.7029529529529529,1.0,1.0,0.0118876118387777
0.4375781836377284,0.4086586586586586,0.7580080080080079,0.4098400683677207,0.0,1.0
0.0,0.9434434434434432,0.5643143143143143,0.0,0.0,0.1081064583078989
0.5461596197147862,0.7262262262262261,0.4727227227227227,0.1423670579207143,0.5070198998901233,0.4371871566353315
0.4270703027270454,0.6276276276276276,0.6784284284284283,0.4625198388475156,0.0,0.7650016568707815
0.8043532649487117,0.399149149149149,0.7517517517517517,0.5016777996756021,0.4715541447930655,0.1637162739592235
0.5203902927195397,0.5275275275275274,0.7517517517517517,0.5018923208399463,0.4952229799257024,0.4996337443535588
0.5203902927195397,0.5277777777777777,0.7527527527527527,0.5017859322950277,0.495177633988524,0.4997401328984774
0.3495121341005756,0.623123123123123,0.7412412412412412,0.6326455866194604,0.6755742365313846,0.4703489893088233
0.5206404803602703,0.5272772772772771,0.7525025025025025,0.5017545389539041,0.4952090273296475,0.4997558295690392
0.5208906680010009,0.5272772772772771,0.7525025025025025,0.5018312782322061,0.4951462406474005,0.4997715262396009
1.0000000000000002,0.264014014014014,0.7732732732732732,0.5194568951985629,0.4997261803024225,0.0132008999424456
0.6574931198398801,0.5115115115115114,0.6516516516516516,0.5233182761567574,0.1245879623977536,0.8400526710501073
0.3585188891668752,0.6033533533533533,0.8093093093093093,0.5202661457697473,1.0,0.2363866264366814
0.4928696522391795,0.6516516516516515,0.6609109109109108,0.0,0.2964229031864241,0.5249507298951811
0.4055541656242183,0.604104104104104,0.7597597597597596,0.450998482655179,0.4863107591956328,0.2424158920069065
0.417312984738554,1.0,0.8688688688688688,0.0,0.0010987669393236,1.0
0.9111833875406556,0.3826326326326326,0.7572572572572571,0.5164815040898547,0.462641924062996,0.4378132793832953
0.2091568676507381,0.6226226226226225,0.5085085085085085,0.0,0.0,0.5419973141252594
0.5203902927195397,0.5277777777777777,0.752002002002002,0.5017702356244659,0.495254373266826,0.4997715262396009
0.5696772579434577,0.4687187187187186,0.5825825825825826,0.4410642342640877,0.0,0.9599403526518652
0.5126344758568928,0.4304304304304303,0.7942942942942943,0.7598269878089192,0.6080611123707205,0.527179657114952
0.3345008756567427,0.5392892892892892,0.8798798798798797,0.4752934405357797,0.9192406299597118,0.3847672532570592
0.6865148861646236,0.5888388388388387,0.652152152152152,0.5525123393271361,0.2990023893820744,0.5927237211573678
0.5198899174380787,0.5285285285285284,0.7522522522522521,0.5019533634476865,0.4952386765962642,0.4997104836318607
0.2561921441080811,0.6166166166166165,1.0,0.0083628372604078,1.0,0.2762491933655405
0.5201401050788093,0.5275275275275274,0.7517517517517517,0.5018469749027679,0.4952683258628809,0.4997715262396009
0.5203902927195397,0.5275275275275274,0.7527527527527527,0.5018155815616443,0.4951619373179622,0.4997401328984774
0.4473355016262198,0.6766766766766765,0.6631631631631631,0.4159443291417409,0.3833475766084727,0.0
1.0000000000000002,0.7127127127127126,1.0,0.4452447808570382,0.5345047700437763,0.47642185674172
0.7660745559169378,0.6759259259259258,1.0,0.2007394875909099,0.8678584509130229,0.5375098104191011
0.550162621966475,0.5160160160160159,0.7555055055055054,0.5074471981443047,0.5699234351291487,1.0
1.0000000000000002,0.8606106106106104,1.0,0.9710361546645272,0.1503025969269407,0.6940858433472278
0.6497373029772331,0.6621621621621621,0.4782282282282282,0.4371261140275913,0.0061810000523222,0.5719238885885205
0.4701025769326996,0.4879879879879879,0.7822822822822822,0.3534210021452116,1.0,0.2819715018225578
0.5546659994996248,0.5465465465465464,0.8588588588588588,0.0,0.3772433158344525,0.4690967438128957
0.5201401050788093,0.528028028028028,0.7530030030030029,0.5018609274988227,0.495177633988524,0.4997715262396009
0.5379034275706781,0.7299799799799799,0.0,0.0032666515513542,1.0,1.0
0.0,0.5122622622622621,0.889139139139139,0.1895686903744528,0.9626872700001744,0.9844794809634267
0.4926194645984489,0.7299799799799799,0.7414914914914914,0.5116591380783787,0.4863264558661946,0.0
1.0000000000000002,1.0,0.9687187187187188,1.0,0.0,0.1351640302073704
0.6289717287965976,0.7304804804804803,0.0,1.0,0.2011807384411462,0.4934684409717983
0.4863647735801852,0.4924924924924924,0.7329829829829829,0.3608682002895164,0.5473237176692188,0.5606763520937614
0.5201401050788093,0.5275275275275274,0.7525025025025025,0.5018766241693845,0.4952840225334426,0.4997104836318607
0.1396047035276458,0.867117117117117,0.7457457457457457,0.3306835027992396,0.4713256710326665,0.0
0.3460095071303478,0.9534534534534532,0.0843343343343344,0.9907668695606676,0.3615257163786037,0.0
0.5283962972229174,0.7034534534534533,0.4316816816816816,1.0,0.6406735615745505,0.574487678113609
0.5206404803602703,0.5275275275275274,0.7530030030030029,0.5018766241693845,0.4951933306590858,0.4996494410241205
0.5203902927195397,0.5277777777777777,0.7525025025025025,0.5019080175105081,0.4951462406474005,0.4997854788356559
0.5201401050788093,0.5272772772772771,0.752002002002002,0.5018609274988227,0.4952090273296475,0.4996494410241205
0.4746059544658495,0.4824824824824824,0.6541541541541541,0.4269476952055392,0.9997244362279156,0.2456197568760137
0.5201401050788093,0.5272772772772771,0.7522522522522521,0.5017859322950277,0.4952683258628809,0.4997261803024225
1.0000000000000002,0.714214214214214,0.3983983983983984,0.648593403910215,2.9649266616693648e-05,0.2682369150810123
0.5201401050788093,0.5275275275275274,0.7525025025025025,0.5018016289655894,0.4952386765962642,0.4997715262396009
0.5201401050788093,0.5275275275275274,0.7530030030030029,0.5018312782322061,0.4951462406474005,0.4997401328984774
0.472104078058544,0.4929929929929929,0.8155655655655656,0.0,0.8652946613879344,0.5687653696565917
0.5206404803602703,0.5277777777777777,0.7525025025025025,0.5018155815616443,0.4951462406474005,0.4997261803024225
0.4786089567175383,0.6116116116116115,0.7242242242242242,0.5357866648063205,0.4796885082930743,0.0
0.7030272704528397,0.8495995995995995,0.4897397397397397,1.0,1.0,0.0123306067635209
0.5203902927195397,0.528028028028028,0.7527527527527527,0.5018155815616443,0.4951619373179622,0.4996790902907372
0.5203902927195397,0.5275275275275274,0.7527527527527527,0.5018016289655894,0.495177633988524,0.4998011755062176
0.5206404803602703,0.5275275275275274,0.7522522522522521,0.5018609274988227,0.495177633988524,0.4997261803024225
0.7317988491368528,0.4106606606606606,0.7635135135135135,0.4898512304445646,0.5161605943805919,0.9884925964037184
0.5096322241681263,0.4927427427427426,0.7537537537537538,0.1795577027050595,0.4641069466487608,0.4797338542302527
0.4943707780835628,0.6929429429429428,0.8308308308308308,0.5610112143990791,0.5173361005982176,1.0
0.4158118588941707,0.5753253253253252,0.7737737737737738,0.4832900221497462,0.4334025149554389,0.1911854474423147
0.5491618714035528,0.4982482482482481,0.7212212212212212,0.0,0.3100964473202295,0.5170012382928999
0.5211408556417314,0.5277777777777777,0.7530030030030029,0.5018766241693845,0.495177633988524,0.4996494410241205
0.3937953465098825,0.5142642642642642,0.6701701701701701,0.6551860055461569,0.2340827040131154,0.7594153862252996
0.5198899174380787,0.4987487487487486,0.6318818818818819,0.3820046392381883,0.0,0.7557981756980658
0.5096322241681263,0.7742742742742741,0.5455455455455456,1.0,0.7770566998622181,0.4704396811831801
0.5411558669001753,0.5072572572572571,0.744994994994995,1.0,0.5005650801402236,0.5213492160385091
0.5206404803602703,0.5275275275275274,0.7522522522522521,0.5018016289655894,0.4952090273296475,0.4996790902907372
0.190392794595947,0.7272272272272271,0.6981981981981982,0.5904808413415421,0.5363813942131608,0.6644941311892845
0.8546409807355518,0.3338338338338337,0.7567567567567567,0.5099952909988315,0.4893332403160263,0.6611978303713135
0.5203902927195397,0.5277777777777777,0.7527527527527527,0.5018312782322061,0.495100894710222,0.499694786961299
0.5203902927195397,0.5275275275275274,0.752002002002002,0.5018609274988227,0.4952090273296475,0.499694786961299
0.4873655241431074,0.7950450450450449,0.6914414414414414,0.0,0.1932608961054816,0.4547063850567696
0.6750062546910184,1.0,0.72997997997998,0.0,1.0,1.0
0.5334000500375283,0.4574574574574573,0.6261261261261261,0.5365488253658196,0.6852800111620768,0.4521112021905575
1.0000000000000002,1.0,1.0,0.0928004604356698,0.705408375045782,0.7664056368488061
0.5201401050788093,0.5272772772772771,0.752002002002002,0.5018469749027679,0.495177633988524,0.4998011755062176
0.4315736802601952,0.6333833833833833,0.787037037037037,0.3244414601391772,0.4561871043130963,0.0
0.5206404803602703,0.5275275275275274,0.7522522522522521,0.5018016289655894,0.495177633988524,0.499694786961299
0.0,0.8916416416416415,0.0,0.989362889582643,0.8117289010586533,0.5244327397666428
0.5133850387790845,0.4411911911911911,0.7885385385385384,0.2224078692641749,1.0,0.0200987146170884
0.485364023017263,0.5578078078078077,0.882132132132132,0.4037515042642622,1.0,0.2175262047194656
0.6554916187140357,0.5340340340340339,0.6203703703703703,1.0,1.0,0.0437361564086017
0.4758568926695022,0.6746746746746746,0.4634634634634634,0.5404415996651377,0.5729302195789804,0.5306887350227601
1.0000000000000002,0.2392392392392391,0.7352352352352352,0.5099952909988315,0.512253867485219,0.0
0.5206404803602703,0.5275275275275274,0.7527527527527527,0.5019219701065629,0.4951933306590858,0.4997104836318607
0.5261446084563424,0.7144644644644643,0.6739239239239239,0.5052793135322741,0.5346408078553115,1.0
0.0,1.0,0.1611611611611612,0.0,0.3230531768317142,1.0
0.5604203152364274,0.582082082082082,0.7264764764764764,1.0,0.6367040479969304,0.4869525786141584
0.4373279959969979,0.8958958958958958,0.5005005005005004,1.0,0.9816261750701988,0.0
0.6174630973229924,0.9269269269269268,0.7272272272272272,0.3237542947834732,0.4822819470847794,0.0
0.7550662997247937,0.6719219219219218,0.755005005005005,0.5515810035404712,0.5178854840678794,1.0
0.5203902927195397,0.5275275275275274,0.7525025025025025,0.5018016289655894,0.495177633988524,0.4997261803024225
0.5203902927195397,0.5275275275275274,0.752002002002002,0.5018155815616443,0.495177633988524,0.4997261803024225
0.4270703027270454,0.7517517517517516,0.6103603603603603,0.6198266389940178,0.615142054868584,1.0
0.6497373029772331,0.5362862862862862,0.68993993993994,0.4551947259186912,0.550070635017528,1.0
0.4868651488616464,0.5152652652652652,0.7940440440440439,0.4591014528140642,0.9384237054606972,0.2819401084814343
0.6394796097072806,0.4542042042042041,0.7592592592592592,0.4935137869089767,0.4815354831958421,0.4768334583253396
0.5476607455591695,0.4552052052052051,0.7167167167167167,0.7708756998098959,0.5224793763189564,0.4692345256989378
0.5203902927195397,0.5275275275275274,0.7522522522522521,0.5018312782322061,0.4951933306590858,0.4997104836318607
0.5203902927195397,0.5275275275275274,0.7522522522522521,0.5018016289655894,0.4952090273296475,0.4997104836318607
0.307730798098574,0.6183683683683683,0.829079079079079,0.5733278685665452,0.7521216666375987,0.3499729668451436
0.1386039529647236,0.6869369369369368,0.0232732732732733,1.0,1.0,0.9068943265256292
0.318238679009257,0.6644144144144143,0.7630130130130129,0.4743778014196766,0.4907825662312294,0.2203341646755149
0.4513385038779085,0.8105605605605604,0.5875875875875876,0.0,0.2504735162286133,0.500915639116103
0.5051288466349764,0.6373873873873873,0.5918418418418419,0.0,0.2621936969147322,0.3861398398939603
0.5746810107580687,0.9572072072072072,0.7027027027027026,0.6262657620733558,0.4529518461028655,1.0
0.4696022016512385,0.5245245245245245,0.926176176176176,0.500915639116103,1.0,0.2148246333083349
1.0000000000000002,0.8726226226226225,1.0,1.0,0.0,0.0012661980919825
0.0,1.0,0.1206206206206206,0.0,0.8282261018190697,0.5897779793152763
0.487615711783838,0.709209209209209,0.4324324324324324,0.8879571655301115,0.6760922266599229,0.5482079634441983
0.7490617963472606,0.4334334334334333,0.0808308308308308,1.0,0.0,0.0246926068681654
0.7413059794846136,0.683183183183183,1.0,0.0,1.0,0.0255315067059664
0.5709281961471104,0.4969969969969969,0.7497497497497497,0.4806948392835342,0.5153670404799693,1.0
0.9412059044283214,0.9607107107107106,1.0,0.4727593002773078,0.496398486143328,0.77360866456215
0.5061295971978985,0.7462462462462461,0.4942442442442442,1.0,0.6990895931074175,0.5720459738040009
0.4505879409557169,0.5262762762762762,0.8538538538538538,0.5788670492003418,0.5225247222561348,0.2181348867223608
0.5203902927195397,0.5275275275275274,0.7522522522522521,0.5017545389539041,0.4951619373179622,0.499694786961299
0.5203902927195397,0.5275275275275274,0.7525025025025025,0.5018312782322061,0.4952386765962642,0.4997261803024225
0.1636227170377784,0.6739239239239239,0.7464964964964964,0.4677851997837348,0.4869682752847201,0.4885850323525821
0.510883162371779,0.6594094094094093,0.6306306306306306,1.0,0.6929260338001639,0.4338455098801821
0.1686264698523893,0.581081081081081,0.5415415415415415,0.6208486666550395,0.0792943474545233,0.4841585712541639
0.4368276207155367,0.4802302302302301,0.69994994994995,0.6318973786560163,0.0,0.8239984652144339
1.0000000000000002,0.962212212212212,1.0,0.999084360883897,0.001908017510508,0.6657306800146502
0.5966975231423569,0.7532532532532531,0.746996996996997,0.2013028236566266,0.430334687897867,0.0
0.6372279209407057,0.7494994994994993,0.4622122122122122,1.0,0.998840190452936,0.0
0.5201401050788093,0.5277777777777777,0.7527527527527527,0.5018923208399463,0.4951933306590858,0.4997558295690392
0.4160620465349013,0.5998498498498498,0.7537537537537538,0.496016533826325,0.4729581247710902,0.0030364337164483
0.4463347510632976,0.5660660660660659,0.7905405405405405,0.5627971466941067,0.5508938381847672,0.0
0.409557167875907,0.7249749749749749,0.7279779779779779,1.0,0.7087953677381098,0.4983971955281929
0.3815361521140857,0.5075075075075074,0.6611611611611611,0.6984652144339606,0.0195336344768648,0.5807593700402881
0.083562672004003,0.7057057057057056,0.7780280280280281,0.4514554301759771,0.5059368296213614,0.7141060746115074
0.4258193645233926,0.7274774774774774,0.7444944944944945,1.0,0.6927882519141217,0.4717669218829028
0.5208906680010009,0.5282782782782782,0.7525025025025025,0.5017702356244659,0.4953450651411828,0.4997261803024225
0.5206404803602703,0.5277777777777777,0.7530030030030029,0.5018312782322061,0.495177633988524,0.4997401328984774
0.4620965724293221,0.7049549549549549,0.6679179179179179,1.0,0.613767724157176,0.5626000662748313
0.5674255691768828,0.5885885885885884,0.7439939939939939,0.5111864938870189,0.5513664823761271,1.0
0.5203902927195397,0.5275275275275274,0.752002002002002,0.5018469749027679,0.4952386765962642,0.499694786961299
0.6850137603202403,0.5938438438438437,0.804054054054054,0.5583724296701955,0.3434571044875037,0.0
0.4280710532899676,0.6846846846846846,0.6771771771771771,1.0,0.6604042764706908,0.4601234804750859
0.5201401050788093,0.5277777777777777,0.7522522522522521,0.5018609274988227,0.4951933306590858,0.4997558295690392
0.4035526644983739,0.5212712712712712,0.7775275275275275,0.3616321049235224,1.0,0.2584090552348397
1.0000000000000002,0.8030530530530529,0.6246246246246245,0.4775816662887838,0.5760433925737307,0.0
0.5206404803602703,0.5275275275275274,0.7525025025025025,0.5018312782322061,0.4951462406474005,0.4996651376946823
0.5776832624468353,0.4872372372372371,0.5337837837837838,0.4332036904616565,0.0,0.7715175192284214
0.5203902927195397,0.528028028028028,0.7527527527527527,0.5018155815616443,0.4951619373179622,0.4997261803024225
0.380785589191894,0.5150150150150149,0.6749249249249248,0.6946195301463278,0.3350175279487939,0.5431571236723233
0.3410057543157369,0.5305305305305305,0.7444944944944945,0.5911523100266843,0.4151664719116801,0.6260529849835185
0.1761320990743058,1.0,0.2007007007007007,0.7157856183616164,0.264665050490957,0.0
0.4683512634475858,0.5583083083083082,0.68993993993994,0.5480248356209777,0.0207701833022306,0.7394091075570748
0.466599949962472,0.6556556556556555,0.3933933933933934,0.657856183616164,0.6274726616321049,0.5851090918604043
0.7463097322992246,0.4099099099099098,0.7655155155155156,0.4953607618117446,0.518373824929801,0.8994785217224479
0.5203902927195397,0.5275275275275274,0.7525025025025025,0.5018312782322061,0.4951933306590858,0.4997558295690392
0.6584938704028023,0.5605605605605605,0.5540540540540541,0.4827563353506461,0.731518914488027,0.5573033119974885
0.4635976982737054,0.7394894894894893,0.5115115115115115,1.0,0.7372726162861677,0.487364180197778
0.2774580935701777,0.7034534534534533,0.8528528528528527,0.6373912133526344,0.7358389870415264,0.3504299143659417
0.5201401050788093,0.5272772772772771,0.7525025025025025,0.5018155815616443,0.4952090273296475,0.4997261803024225
0.4230673004753566,0.6771771771771771,0.7294794794794794,0.4641522925859392,0.5048537593525996,1.0
0.4628471353515138,0.5385385385385384,0.7767767767767767,0.4261837905715332,0.5034026893628896,0.0432478155466802
0.472104078058544,0.4899899899899899,0.6236236236236236,0.6236269773444721,0.0,0.7673823185726494
0.6672504378283715,0.4557057057057056,0.7522522522522521,0.4977571201841743,0.4990686642133352,1.0
0.2071553665248937,0.5235235235235234,0.575075075075075,0.5133683310951044,0.5130945113975269,0.5499625023981024
0.5201401050788093,0.528028028028028,0.7532532532532532,0.5018155815616443,0.495177633988524,0.4997401328984774
0.4025519139354517,0.5750750750750749,0.6156156156156156,1.0,0.0,0.4909499973838882
0.6682511883912936,0.5575575575575574,0.6101101101101101,0.4845562202417287,0.9296789158832864,0.4623210143537332
0.4488366274706031,0.7289789789789789,0.6939439439439439,1.0,0.7261175157402724,0.4886007290231439
0.4460845634225671,0.4359359359359358,0.809059059059059,0.2411026039032388,1.0,0.0926923278162443
0.5203902927195397,0.5275275275275274,0.7527527527527527,0.5018469749027679,0.4951165913807838,0.4997401328984774
0.0,1.0,0.7322322322322322,0.0,0.8956938800425553,0.9995413084046952
1.0000000000000002,1.0,0.0,0.0928771997139718,0.5237909203481173,0.1230462005336868
0.5203902927195397,0.5272772772772771,0.7525025025025025,0.5019219701065629,0.4952229799257024,0.4997854788356559
0.4703527645734302,0.6711711711711711,0.6904404404404404,1.0,0.7310916162338454,0.4930864886547953
1.0000000000000002,1.0,0.0,1.0,0.4227811012086436,0.8111655649929366
0.5203902927195397,0.5272772772772771,0.7517517517517517,0.5018609274988227,0.4952229799257024,0.4997401328984774
0.5506629972479361,0.5738238238238237,0.7695195195195195,0.4064827249420095,1.0,0.3898791356366744
0.289467100325244,0.5693193193193192,0.7925425425425425,0.6282662155327275,0.7531593909691822,0.4052915220538221
0.7105328996747562,0.5372872872872871,0.602102102102102,0.5483614420008023,0.8056856828923731,0.5262186720616705
0.495371528646485,0.5578078078078077,0.7817817817817817,0.458735197167623,0.4852887315346111,1.0
0.1288466349762322,0.7209709709709708,0.6796796796796796,0.4778711826569231,0.5094302108586078,0.4266424821668382
0.5201401050788093,0.5275275275275274,0.7525025025025025,0.5018609274988227,0.4952090273296475,0.4997401328984774
0.5203902927195397,0.5277777777777777,0.7525025025025025,0.5018312782322061,0.4951462406474005,0.4997261803024225
0.3332499374530899,0.7725225225225224,0.1671671671671671,1.0,0.0011755062176255,1.0
0.5201401050788093,0.5277777777777777,0.752002002002002,0.5018312782322061,0.4951933306590858,0.4996651376946823
0.5206404803602703,0.5275275275275274,0.7530030030030029,0.5018016289655894,0.4951619373179622,0.4997401328984774
0.026019514635977,0.8233233233233233,1.0,0.0,0.1437553412281773,0.4867851474614995
0.5654240680510384,0.4909909909909909,0.6186186186186186,0.4615431571236723,0.0,0.6700036625564644
0.6142106579934953,0.4792292292292291,0.5728228228228228,0.4990233182761567,1.0,0.3952351884472505
0.5253940455341507,0.4624624624624623,0.4777277277277277,0.5745173273802257,0.0,0.6296544988401904
0.5526644983737805,0.5195195195195195,0.7575075075075075,0.4000732511292882,1.0,0.2285121300381952
0.6349762321741308,0.5568068068068067,0.5392892892892893,0.4636796483945794,0.0,0.6764131363691857
0.6534901175881913,0.392142142142142,0.7144644644644644,0.5318642412403858,0.6082442401939411,0.1615187400805762
1.0000000000000002,1.0,0.8693693693693694,1.0,0.0265081884298097,0.0
0.0,1.0,0.1711711711711712,0.869307776828226,0.7923173517972688,0.0
0.304978734050538,0.4914914914914914,0.6493993993993994,0.5083017946526676,0.0,0.6991052897779793
0.6089567175381537,0.4804804804804804,0.6473973973973973,0.4052775694577673,1.0,0.6802884699234351
0.4793595196397299,0.5613113113113112,0.257007007007007,1.0,0.00405846137747,0.6431152658841586
0.618213660245184,0.4724724724724723,0.6986986986986987,0.5072344210544675,1.0,0.0807750667108498
0.4165624218163624,0.5440440440440439,0.7172172172172171,0.4529047560911802,0.4656783577794443,0.9944608193662032
0.5246434826119591,0.4862362362362361,0.6458958958958958,0.5271186145072118,0.0,0.8553604129968432
0.899924943707781,0.3718718718718717,0.8285785785785785,0.5425170483283046,0.5166035893053351,0.0082860979821057
0.6569927445584189,0.581081081081081,0.5392892892892893,0.5756614402567277,0.1648760835062874,0.6341402584718419
0.5316487365524144,0.6336336336336336,0.7665165165165164,1.0,0.6270139700367999,0.4446343547796362
0.5211408556417314,0.6438938938938938,0.8105605605605605,0.4617105882763311,0.4703175959676997,0.0
0.5203902927195397,0.5275275275275274,0.7522522522522521,0.5018766241693845,0.4951933306590858,0.4997558295690392
0.5389041781336004,0.4564564564564564,0.7672672672672671,0.5006557720145804,0.4850899070408287,0.0
0.7307980985739306,0.4944944944944944,0.4812312312312312,0.9364546453424488,1.0,0.3538186511327764
0.8674005504128097,0.4624624624624623,0.805055055055055,0.5179761759422362,0.4961543157123672,0.0252559429338821
0.5296472354265701,0.5853353353353352,0.7985485485485484,0.4605350820587055,0.4413677032282819,0.0
0.5203902927195397,0.5277777777777777,0.7525025025025025,0.5018016289655894,0.4952090273296475,0.4997558295690392
0.5206404803602703,0.5275275275275274,0.7532532532532532,0.5018312782322061,0.4951619373179622,0.4997558295690392
0.4986239679759821,0.4609609609609609,0.6483983983983983,0.4037968502014406,0.5129863787781014,0.4979855939445733
0.1738804103077308,0.9394394394394392,0.0,0.8564591799361669,0.5410816750091564,0.0
0.6895171378533902,0.6283783783783783,0.7617617617617617,0.5278511258000942,0.4951933306590858,1.0
0.4946209657242933,0.6776776776776776,0.4079079079079079,0.4538831818895303,0.5100109876693932,0.5274691734830912
0.6657493119839881,0.5235235235235234,0.5688188188188188,0.5242949578806007,0.0,0.7863194795681672
0.3557668251188393,0.6756756756756755,0.1801801801801802,0.5426844794809634,0.7445977292149921,0.0
0.503127345509132,0.7032032032032031,0.5132632632632632,0.0,1.0,0.6171093709123254
0.7748311233425071,0.7397397397397396,0.0,1.0,0.0,0.8268988611193471
0.4708531398548913,0.6536536536536536,0.4724724724724725,0.3647452779182726,0.4332507804733418,0.6080611123707205
0.5188891668751565,0.5290290290290289,0.7545045045045045,0.5019533634476865,0.495406107748923,0.4997715262396009
0.7740805604203154,0.5848348348348348,0.5845845845845845,0.5586619460383347,0.25853114045032,0.5908470969879833
0.7005253940455343,0.9259259259259258,0.492992992992993,1.0,0.0,0.2064757486439821
0.5203902927195397,0.5275275275275274,0.7525025025025025,0.5018766241693845,0.4951322880513455,0.4998011755062176
0.5166374781085816,0.6874374374374373,0.6213713713713713,0.0,0.264054624413555,0.5318031986326456
0.0350262697022767,1.0,0.4219219219219219,0.0,0.7307567539285278,0.8250832795577027
0.2837127845884414,0.5808308308308308,0.7582582582582582,0.505356052810576,0.901248757346914,0.4063449430559673
0.487615711783838,0.5858358358358358,0.7337337337337337,0.7890663969164762,0.5069902506235067,0.4992517920365558
0.3590192644483364,0.6646646646646646,0.7347347347347346,0.5362907023388039,0.4790623855451105,1.0
0.5206404803602703,0.5275275275275274,0.7525025025025025,0.5018609274988227,0.4951933306590858,0.4997104836318607
0.5201401050788093,0.5275275275275274,0.7522522522522521,0.5018155815616443,0.4952229799257024,0.4997104836318607
0.6042031523642734,0.5012512512512511,0.7049549549549549,0.4429705077000889,0.8337652824528664,0.4872577916528594
0.8931698774080562,0.4344344344344343,0.782032032032032,0.505127579050177,0.4705617663986605,0.3333693775398085
0.7985989492119091,0.4491991991991991,0.772022022022022,0.5077681078535675,0.4610391195911889,0.3639046340059647
1.0000000000000002,0.4817317317317316,1.0,0.563850567696252,0.9068646772590124,0.2853445419188308
0.5829372029021768,0.5422922922922921,0.7107107107107107,0.5539616652423391,0.5181610478399638,0.85790850585137
0.500375281461096,1.0,0.0,1.0,0.1495997349006749,1.0
0.399049286965224,0.8543543543543543,0.0,1.0,0.7281929644034393,0.4610391195911889
0.5206404803602703,0.5272772772772771,0.7527527527527527,0.5018609274988227,0.4951933306590858,0.4998011755062176
0.5203902927195397,0.5275275275275274,0.7522522522522521,0.5017859322950277,0.495177633988524,0.4997104836318607
0.3309982486865149,0.5968468468468467,0.6488988988988988,0.457742818773218,0.9471824476341628,0.4072309329054537
0.4485864398298725,0.6093593593593593,0.80005005005005,0.5271936097110068,0.5215794338734151,1.0
0.5156367275456594,0.7282282282282281,0.5533033033033032,0.0,0.2801088302492283,0.4939253884925964
0.479859894921191,0.6343843843843843,0.7655155155155156,1.0,0.6979315276348605,0.4317857578875769
0.5243932949712286,0.5242742742742742,0.6684184184184184,0.3114236880199522,1.0,0.1292725465231874
0.4230673004753566,0.8185685685685684,0.6396396396396395,0.0,0.2122747963793013,0.6515234490817448
0.5183887915936954,0.5390390390390389,0.7515015015015014,1.0,0.635666323665347,0.5753876205591503
0.7277958468851641,0.6989489489489489,1.0,1.5696670561837767e-05,0.5831103824755394,0.8682386591555191
1.0000000000000002,0.7560060060060059,0.2622622622622623,0.9935748295167168,0.2993232990913372,0.9332193871322184
0.5256442331748813,0.7377377377377377,0.6604104104104104,0.3397788513525298,0.4235589584387045,0.0
0.7503127345509133,0.8000500500500499,0.7129629629629629,0.4334949509043026,0.3820499851753667,0.0
0.5416562421816363,0.616116116116116,0.767017017017017,0.4975269023492684,0.4126323316532082,0.0
0.5206404803602703,0.5275275275275274,0.752002002002002,0.5018469749027679,0.4952090273296475,0.4997401328984774
0.808606454841131,1.0,0.7314814814814814,0.0,0.9454436053508206,1.0
0.5211408556417314,0.7505005005005003,0.5175175175175175,1.0,0.7664213335193679,0.4344855852242008
0.4563422566925195,0.5200200200200199,0.6196196196196195,0.5493677729912622,0.788471667509636,0.46033800163943
0.4701025769326996,0.7442442442442441,0.4617117117117117,0.1066571323926958,0.3420374278389173,0.620283586514816
0.4415811858894172,0.5635635635635634,0.7067067067067067,0.0,0.4488009487765317,0.3774107469871113
0.1050788091068302,0.7647647647647646,0.829079079079079,0.6899488986169489,0.5639569562411706,1.0
0.8138603952964725,0.984234234234234,0.9159159159159158,0.0,0.9175767828801646,1.0
0.4681010758068553,0.5332832832832832,0.73998998998999,0.5020144060554267,0.4973298219299928,0.974041195039852
0.3322491868901677,0.5092592592592592,0.6328828828828829,0.5729005703123637,0.0018016289655894,0.7190819191795873
0.6544908681511135,1.0,0.0,0.2668939777107278,0.0142229276034672,0.0
0.4613460095071304,0.5322822822822821,0.8198198198198197,0.0,0.5449273592967891,0.2834522210788844
0.5081310983237429,0.6719219219219218,0.477977977977978,0.2638261506531559,0.5010534210021452,0.5001220852154804
0.5203902927195397,0.5275275275275274,0.7527527527527527,0.5018469749027679,0.4951619373179622,0.4997401328984774
0.5203902927195397,0.5277777777777777,0.7527527527527527,0.5018766241693845,0.495177633988524,0.4997104836318607
0.2531898924193145,0.6448948948948947,1.0,0.0,0.329722517745958,0.7771944817482603
0.4215661746309733,0.5335335335335334,0.9114114114114114,0.5341838603345135,0.9066501560946684,0.2505345588363535
0.3872904678508883,0.5037537537537536,0.6258758758758758,0.6589392538849259,0.3827057571899471,0.6120131852032719
0.5206404803602703,0.5275275275275274,0.7522522522522521,0.5018155815616443,0.495177633988524,0.4997104836318607
0.6377282962221668,0.9169169169169168,0.0,1.0,0.3146903395713065,0.7547464987704274
0.1873905429071805,1.0,0.0948448448448448,0.0,0.1106702478329874,0.0
0.2722041531148362,0.6318818818818818,0.7434934934934935,0.4540052671050107,0.4877304358442192,0.4419170866979437
0.7480610457843384,0.4932432432432431,0.8078078078078077,0.3857578875769573,1.0,0.6852800111620768
0.820865649236928,0.4354354354354353,0.765015015015015,0.4691734830911976,0.481320962031498,1.0
0.6267200400300227,0.6994494494494493,0.6293793793793794,0.5304759579329229,0.656024905383958,1.0
0.5201401050788093,0.528028028028028,0.7525025025025025,0.5018469749027679,0.495177633988524,0.499694786961299
0.5211408556417314,0.528028028028028,0.752002002002002,0.5018609274988227,0.4951619373179622,0.499694786961299
0.5904428321240932,0.6393893893893893,0.5615615615615616,0.422826447145822,0.0,0.7140764253448908
0.5401551163372531,0.5550550550550549,0.7722722722722721,0.510637110417357,0.4662434379196679,0.4960008371557633
0.5211408556417314,0.5275275275275274,0.7525025025025025,0.5018609274988227,0.4951165913807838,0.4997261803024225
0.4560920690517889,0.5427927927927927,0.765015015015015,0.526415752480946,0.5309799954654063,0.551443221654429
0.1471103327495622,0.5915915915915915,0.6101101101101101,0.6281894762544256,0.6283429548110295,0.5066693409142439
0.6917688266199651,0.6048548548548548,0.6066066066066066,0.6552470481538971,0.3794861956502782,0.0
0.4023017262947211,0.7697697697697696,0.1551551551551551,1.0,0.9090011685299196,0.0
0.6274706029522144,0.5925925925925924,0.76001001001001,0.5720459738040009,0.5616530338176047,1.0
0.6472354265699276,0.5275275275275274,0.6273773773773773,0.4557737586549697,1.0,0.1873083698135584
0.1963972979734802,0.5310310310310309,0.5643143143143143,0.7155100545895321,0.2686781659312486,0.6560406020545198
0.5203902927195397,0.5272772772772771,0.7525025025025025,0.5017545389539041,0.4952229799257024,0.4997715262396009
0.7140355266449839,0.6601601601601601,0.7652652652652652,0.5404102063240142,0.5050822331129986,1.0
0.4475856892669503,0.928178178178178,1.0,0.0625529762631459,0.8892233636220939,0.8428606310061566
0.5201401050788093,0.5275275275275274,0.7525025025025025,0.5019376667771247,0.4951933306590858,0.4997104836318607
0.5986990242682013,0.3886386386386385,0.771021021021021,0.5042415892006906,0.489654150025289,0.8042973995849103
0.5201401050788093,0.5275275275275274,0.7525025025025025,0.5018312782322061,0.4951933306590858,0.4997261803024225
0.9877408056042034,1.0,1.0,0.0040898547185936,0.958506723407224,1.0
0.3487615711783839,0.512012012012012,0.5345345345345345,0.5034794286411916,0.0,0.712443971606467
0.3875406554916188,0.6163663663663663,0.7992992992992993,0.4541273523204911,0.6401695240420671,0.6074192929521949
0.4263197398048537,0.518018018018018,0.7565065065065064,0.4914697315869334,0.4783455709227898,1.0
0.0,0.6301301301301301,0.4672172172172172,0.0,0.2088110644086715,0.596157803861381
0.3294971228421317,0.8636136136136134,0.7777777777777777,0.7059577585154437,0.5434169907738459,1.0
0.5201401050788093,0.5275275275275274,0.7522522522522521,0.5017091930167257,0.495254373266826,0.4997104836318607
0.2689517137853391,0.5457957957957957,0.7517517517517517,0.4472295376458482,0.1404590404102063,0.5286900256378952
0.1531148361270954,0.2660160160160159,1.0,0.7655510403404433,1.0,0.9035212864293564
0.7545659244433327,0.5908408408408408,0.5535535535535535,0.6390707571027434,0.5850776985192807,0.6407485567783455
1.0000000000000002,0.8078078078078077,1.0,1.0,0.0,0.4736138967856707
0.3607705779334502,0.5460460460460459,0.7627627627627627,0.6688891989465791,0.5501927202330084,0.4395992116783229
0.5203902927195397,0.5277777777777777,0.7527527527527527,0.5018016289655894,0.4951322880513455,0.4998482655179029
0.3199899924943709,0.9026526526526526,0.7279779779779779,0.376816017580271,0.528247030713152,0.0
0.5454090567925945,0.6761761761761761,0.0,1.0,0.1432670003662556,0.7839998604740395
0.299974981235927,0.5322822822822821,0.7412412412412412,0.5895338088843155,0.5388387951933307,0.5219456895198563
0.7918438829121843,0.9449449449449449,0.6268768768768769,0.4332350838027801,0.4281371540192197,0.0
0.1113335001250939,0.5633133133133132,0.7737737737737738,0.5627361040863665,0.7686328199940702,0.2909901110975461
0.2104078058543909,0.6066066066066065,0.8043043043043043,0.62449552644889,0.5965694054450006,0.4414287458360221
0.5201401050788093,0.5272772772772771,0.7522522522522521,0.5018469749027679,0.4952090273296475,0.4996337443535588
0.6067050287715788,0.5723223223223222,0.8308308308308308,0.4912395137520275,0.4974815564120899,0.0
0.5203902927195397,0.5272772772772771,0.7522522522522521,0.5018016289655894,0.495254373266826,0.4998168721767794
0.5201401050788093,0.5275275275275274,0.7525025025025025,0.5018469749027679,0.4951619373179622,0.4997715262396009
0.6855141356017014,0.3676176176176176,0.7595095095095095,0.4999546540628216,0.49801524321119,0.3193592270261786
0.5991993995496624,0.5327827827827827,0.5798298298298298,0.5029003959049131,0.0,0.711069640895059
0.3710282712034026,0.6113613613613612,0.7642642642642642,0.489896576381743,0.4745905785095139,0.0
0.8028521391043284,0.5002502502502502,0.7612612612612613,0.4889216387324066,0.4726982576695676,1.0
0.7205404053039781,0.5878378378378377,0.5397897897897898,0.5512304445645918,0.3238153373912134,0.6402148699792455
0.8674005504128097,0.3801301301301301,0.7642642642642642,0.4956659748504456,0.4943387341507229,0.9347768456668468
0.0,0.9709709709709708,0.0,0.4473812721279453,1.0,1.0
0.9787340505379036,0.358108108108108,1.0,0.6811134171651813,0.0254547674276645,0.5794931719483056
0.4325744308231175,0.3998998998998998,0.6656656656656657,0.5787606606554232,0.0,0.7288644330885815
0.5589191893920442,0.7932932932932932,0.7575075075075075,0.5904494480004185,0.7076512548616076,1.0
0.516387290467851,0.4722222222222221,0.6959459459459459,0.2869769956572545,1.0,0.2417583759178191
0.1265949462096572,0.7517517517517516,0.7612612612612613,0.4377208434344315,0.4911034759404922,0.2418351151961211
0.0,0.2037037037037036,1.0,0.414250832795577,1.0,0.5253937248199243
0.6760070052539406,0.5738238238238237,0.5005005005005004,0.3391841219456895,0.0438442890280272,0.5623401991733087
0.5288966725043784,0.7049549549549549,0.5075075075075075,0.0005947294068402,0.4347907982629018,0.4688229241153182
0.5739304478358771,0.543043043043043,0.6396396396396395,0.5323682787728692,0.0,0.759751992605124
0.4863647735801852,0.4942442442442442,0.7767767767767767,0.1530948602124283,0.5043340251495544,0.4869211852730348
0.5203902927195397,0.5275275275275274,0.7527527527527527,0.5018923208399463,0.4952090273296475,0.4997558295690392
0.4258193645233926,0.4329329329329328,0.8343343343343342,0.620346373197063,1.0,0.2813750283412107
0.3475106329747311,0.5508008008008007,0.8626126126126126,0.5409909831347995,0.9267174773706331,0.3339344576800321
0.5303977983487617,0.4859859859859859,0.7595095095095095,0.4000575544587265,0.5030521303870101,0.506119957444582
0.5208906680010009,0.609109109109109,0.7329829829829829,0.4347158030591067,0.347881821511415,0.0
0.5951963972979737,0.4784784784784784,0.777027027027027,0.4955142403683485,0.4770933254268622,0.0
0.1973980485364024,0.5908408408408408,0.7735235235235235,0.5307044316933219,0.5024730976507317,0.2356087692066205
0.7683262446835128,0.6118618618618618,0.301051051051051,1.0,0.0,0.0
0.4645984488366276,0.855105105105105,0.627127127127127,0.0,0.4739505031654952,0.3891169750771753
0.4786089567175383,0.6999499499499499,0.4522022022022022,0.5417845370354222,0.5745016307096639,0.5259727575562028
0.4966224668501377,0.5337837837837837,0.6979479479479479,0.516771020457994,0.0,0.8830423635697717
0.500375281461096,0.7007007007007006,0.4479479479479479,0.3465388841411305,0.5070652458273017,0.6448227148263774
1.0000000000000002,0.8173173173173172,1.0,0.0,0.5327798803564888,0.9238188255402272
0.5429071803852891,0.7239739739739739,0.7389889889889889,0.4949038142909465,0.3654010499328531,0.0
0.2809607205404054,0.592092092092092,0.7144644644644644,0.473048816645447,0.4712332350838027,0.5579451314160141
0.5774330748061047,0.628128128128128,0.7787787787787788,0.597683869054886,0.5974396986239252,1.0
0.967475606705029,0.588088088088088,1.0,1.0,0.0,0.3605333379841987
0.3247435576682513,0.9572072072072072,0.9436936936936936,0.0,0.4324554824982123,0.6466696897291453
0.5686765073805355,0.5573073073073073,0.7442442442442442,0.4949631128241799,0.5489108254704641,1.0
0.5206404803602703,0.5275275275275274,0.7525025025025025,0.5018923208399463,0.495177633988524,0.4998011755062176
0.5696772579434577,0.5455455455455455,0.7154654654654654,0.5067303835219841,0.5196243263512217,1.0
0.6184638478859146,0.5755755755755755,0.5680680680680681,0.4438408008790135,0.0016638470795472,0.6568498526257042
0.4295721791343508,0.6226226226226225,0.7867867867867867,0.1082895861311195,0.5405322915394946,0.467769503113173
0.5153865399049289,0.5225225225225224,0.7374874874874874,0.5010063309904599,0.4964438320805064,0.499389573922598
0.2749562171628722,0.7877877877877877,0.775025025025025,0.0,0.693764933637965,1.0
0.4906179634726046,0.7827827827827827,0.6551551551551551,1.0,0.6316532082250554,0.5005650801402236
0.7010257693269955,0.5027527527527527,0.7517517517517517,0.4930864886547953,0.4692798716361163,0.7818337199365157
0.5206404803602703,0.5275275275275274,0.7525025025025025,0.5018766241693845,0.4951933306590858,0.4997261803024225
0.6649987490617966,0.5272772772772771,0.5705705705705706,0.5398608228543523,0.774768474109214,0.3566405636848806
0.8131098323742809,0.719219219219219,0.6506506506506506,0.5345187226398311,0.5326281458743918,1.0
0.3920440330247687,0.6158658658658658,0.7447447447447447,0.5940352651865288,0.5801035980257077,0.8404956659748504
0.5931948961721293,0.5735735735735734,0.7740240240240239,0.4924917592479551,1.0,0.3075780037323194
0.6945208906680012,0.619119119119119,0.7557557557557557,0.5055252280377418,0.4248861991384272,0.0
0.4245684263197399,0.6066066066066065,0.7717717717717717,0.4296789158832865,0.3715506566440518,0.0
0.7280460345258946,0.634134134134134,0.5415415415415415,0.5617140764253449,0.4956816715210074,0.5595479358878211
0.6945208906680012,0.5302802802802802,0.6956956956956957,0.5227688926870956,0.8662399497706542,0.5667806128677817
0.4673505128846636,0.7810310310310309,0.6596596596596596,0.0,0.3436088389696008,0.5159635139613165
0.5206404803602703,0.5275275275275274,0.752002002002002,0.5019219701065629,0.4952090273296475,0.499694786961299
0.1763822867150363,0.6028528528528527,0.6078578578578578,0.5524356000488341,0.9951322880513456,0.3477911296370581
0.5206404803602703,0.527027027027027,0.752002002002002,0.5018016289655894,0.4952090273296475,0.499694786961299
0.5624218163622718,0.5337837837837837,0.7805305305305306,0.5330850933951898,0.4973751678671713,0.0
0.0803102326745059,0.6488988988988988,0.73998998998999,0.6154158745661614,0.7048589915761201,0.4493503322461936
0.7155366524893672,0.6093593593593593,0.5475475475475475,0.491347646371453,0.0097668172384324,0.5814918813331705
0.4290718038528898,0.597097097097097,0.7087087087087086,0.4816575684113225,0.4480230915464708,0.0
0.4473355016262198,0.7374874874874874,0.53003003003003,0.2848248077157856,0.5374644644819226,0.5491392992308631
0.6374781085814363,0.577077077077077,0.6754254254254254,0.4210422589253013,0.9992674887071176,0.3183075500985401
0.5496622466850138,0.4789789789789789,0.5623123123123123,0.4623367110242949,0.0,0.9155937701658614
0.3930447835876909,0.5097597597597596,0.6749249249249248,0.5616687304881665,0.0,0.8291870868723512
0.4866149612209158,0.6999499499499499,0.5130130130130129,0.4330816052461761,0.5207091406944905,0.526110539442245
0.2827120340255192,1.0,0.0,0.1372237821999756,0.3913738074890559,0.989530320735302
0.5203902927195397,0.5277777777777777,0.7527527527527527,0.5018469749027679,0.4951933306590858,0.4996651376946823
0.5206404803602703,0.5275275275275274,0.7522522522522521,0.5018155815616443,0.495177633988524,0.4997104836318607
0.5206404803602703,0.5272772772772771,0.7527527527527527,0.5018923208399463,0.4951933306590858,0.4997401328984774
0.4906179634726046,0.4889889889889889,0.7272272272272272,0.5063170378638575,1.0,0.2527460453110557
0.4553415061295973,0.6043543543543543,0.761011011011011,0.4521722447982977,0.4075657952107714,0.0
0.5203902927195397,0.5277777777777777,0.7535035035035034,0.5018155815616443,0.495177633988524,0.499694786961299
0.7280460345258946,0.4419419419419418,0.7627627627627627,0.5031288696653121,0.4788496084552732,0.3706053682613321
0.5206404803602703,0.5277777777777777,0.7525025025025025,0.5018312782322061,0.4952229799257024,0.4997401328984774
0.5026269702276709,0.7517517517517516,0.5467967967967968,0.0506653644243682,0.3825697193784118,0.5774473725517554
0.4605954465849388,0.7144644644644643,0.6258758758758758,1.0,0.5513368331095104,0.5906482724942009
0.5201401050788093,0.5275275275275274,0.7522522522522521,0.5017859322950277,0.4952386765962642,0.4997854788356559
0.7888416312234177,0.4824824824824824,0.7332332332332332,0.4741475835847707,0.4629767863683136,0.0
0.3735301476107081,0.5863363363363362,0.7675175175175175,0.4488776880548337,0.4437640616007116,0.0
0.3567675756817614,0.8373373373373372,0.7147147147147146,0.0,0.0020301027259884,1.0
0.1828871653740306,0.6358858858858858,0.7892892892892892,0.4418106981530251,0.4821145159321206,0.1241920574846957
0.5013760320240181,0.5082582582582582,0.7632632632632632,0.6214137467952631,0.5682613321241083,0.4788792577218899
0.0,0.7169669669669668,0.7545045045045045,0.0,0.0,1.0
0.6654991243432576,0.5160160160160159,0.6501501501501501,0.4319985349774142,0.0,0.980862270436193
0.636477358018514,0.5595595595595595,0.7184684684684685,0.5168477597362959,0.5456441739191098,1.0
0.4048036027020266,0.5327827827827827,0.8343343343343342,0.5557475975373668,1.0,0.3304079390271552
0.2724543407555667,0.5745745745745745,0.7595095095095095,0.5342605996128155,1.0,0.1932922894466051
0.5206404803602703,0.5275275275275274,0.7525025025025025,0.5018766241693845,0.495254373266826,0.4997854788356559
0.599449587190393,0.4542042042042041,0.0,0.0215794338734151,0.0562516350698502,0.4699059943840801
0.4268201150863148,0.548048048048048,0.7297297297297297,0.6676073041840347,0.3917714564766207,0.5519158658457889
0.5836877658243684,0.8128128128128127,0.6709209209209209,0.0,0.2952630936393603,0.6214294434658248
0.4230673004753566,0.5367867867867867,0.8403403403403402,0.4383312695118335,1.0,0.1969687985070722
0.4746059544658495,0.7962962962962962,0.5315315315315315,1.0,0.7485968920592287,0.5032038648691072
0.2884663497623219,0.663163163163163,0.7442442442442442,0.4862357639918377,0.4483126079146101,0.0571358808448296
0.5559169377032775,0.3758758758758758,0.7119619619619619,0.6730714896140363,0.4815040898547186,0.440895059036922
0.5206404803602703,0.5277777777777777,0.7527527527527527,0.5017859322950277,0.4951619373179622,0.4997104836318607
0.4751063297473106,0.4436936936936936,0.7234734734734735,0.3602734708826761,1.0,0.2040497410049357
0.5203902927195397,0.5275275275275274,0.7522522522522521,0.5018016289655894,0.4952090273296475,0.4997558295690392
0.0,0.5235235235235234,0.6456456456456456,0.2237368540384045,0.0,0.0795995604932243
0.6882661996497375,0.6038538538538537,0.5255255255255254,0.5905104906081587,0.0002755637720843,0.5614542093238223
0.5516637478108583,0.5122622622622621,0.5823323323323323,0.4117166925371052,0.0,0.8034741964176709
0.8323742807105331,0.6388888888888888,0.546046046046046,0.5071873310427821,0.7027678462423914,0.5560214172349442
1.0000000000000002,0.5983483483483483,1.0,0.0025184435879101,0.5110940579381551,0.4424071716343722
0.411808856642482,0.4592092092092091,0.6086086086086085,0.6467010830702687,0.0,0.7101696984495177
1.0000000000000002,0.8183183183183181,0.7987987987987988,0.3552226311108011,0.2351047316741371,0.0
0.3655241431073306,0.4817317317317316,0.2372372372372372,1.0,0.0,0.7240263704065437
0.568426319739805,0.5160160160160159,0.7272272272272272,0.3730610251669951,1.0,0.3987756596961822
0.3314986239679761,0.617117117117117,0.7567567567567567,0.5823150845004099,0.8155902820168477,0.3340861921621292
0.7923442581936454,0.4939939939939939,0.7489989989989989,0.4708373301707449,0.4820691699949422,0.990126794216649
0.5884413309982488,0.5605605605605605,0.8073073073073073,0.0,1.0,0.5362750056682422
0.5016262196647487,0.5943443443443442,0.6761761761761761,0.0,0.441277011353925,0.4558348012627099
0.338754065549162,0.5743243243243242,0.6931931931931932,0.6484399253536111,0.6720337652824528,0.4911802152187941
0.0017513134851139,0.8723723723723722,0.7792792792792792,0.0,0.0018766241693845,1.0
0.5203902927195397,0.5275275275275274,0.7522522522522521,0.5018469749027679,0.4952386765962642,0.4997558295690392
0.0085063797848387,0.9009009009009008,0.3435935935935936,1.0,1.0,1.0
0.3965474105579185,0.3546046046046045,0.6639139139139139,0.0188464691211608,0.3848439925353611,0.3727261628616775
0.1080810607955968,0.5345345345345345,0.602102102102102,0.6123340949125347,0.7241484556220241,0.2835586096238031
0.5351513635226421,0.6746746746746746,0.4409409409409409,0.2152065856253379,0.413029980640773,0.4727296510106912
0.5111333500125095,0.7247247247247246,0.4752252252252252,1.0,0.7974449308474458,0.4424211242304271
0.4333249937453091,0.8013013013013012,0.5723223223223223,0.0,0.3896506618762753,0.5132619425501858
0.5173880410307732,0.6969469469469468,0.5530530530530531,0.0,0.2771787850776985,0.4052618727872055
0.5206404803602703,0.5275275275275274,0.7527527527527527,0.5018923208399463,0.4951322880513455,0.4997261803024225
0.7260445334000503,0.4834834834834834,0.7632632632632632,0.47343076896245,0.4655562725639639,0.0
0.333750312734551,0.5948448448448448,0.8413413413413413,0.5572579660603101,0.4333728656888222,0.3951601932434553
0.9269452089066802,0.7817817817817816,0.247997997997998,6.104260774025816e-05,1.0,1.0
0.2879659744808607,0.5775775775775774,0.7124624624624624,0.5366412613146834,0.5379388527477894,0.9434588485620106
0.5206404803602703,0.5272772772772771,0.752002002002002,0.5017859322950277,0.4952386765962642,0.4997558295690392
0.5516637478108583,0.5287787787787787,0.6929429429429429,0.9955124962938418,0.5487276976472435,0.5363813942131608
0.9987490617963476,1.0,0.6091091091091091,0.4975269023492684,0.4671747737063327,0.0
0.4976232174130599,0.7812812812812812,0.5900900900900901,1.0,0.7271081500601706,0.5536250588625146
0.9959969977483114,0.2357357357357357,0.7745245245245245,0.5002145211643442,0.4676177686310759,0.8130264924917592
0.2274205654240681,0.8561061061061059,0.694944944944945,0.833719936515688,0.5967839266093448,1.0
0.5206404803602703,0.5277777777777777,0.7522522522522521,0.5018923208399463,0.495177633988524,0.499618047682997
0.5218914185639231,0.5377877877877877,0.6188688688688688,0.554816261750702,0.0,0.8600903430594555
0.6619964973730299,0.5365365365365364,0.5095095095095095,0.5200987146170885,0.0088668747928911,0.6962066379475731
0.25569176882662,0.579079079079079,0.77002002002002,0.6044142525768701,0.7521373633081605,0.3430908488410625
0.3742807105328998,0.5783283283283283,0.6834334334334333,0.6288452482690061,0.3781275616094319,0.6483788827458709
0.0,0.5508008008008007,0.0755755755755756,0.0,0.4350960113016028,0.1301881856392905
0.5203902927195397,0.5275275275275274,0.7522522522522521,0.5018312782322061,0.4951619373179622,0.4997558295690392
0.8156117087815864,0.4381881881881881,0.7494994994994995,0.5222648551546122,0.4884315537959782,0.755234839632349
0.3747810858143608,0.5150150150150149,0.7022022022022022,0.6060606589113486,0.0041352006557719,0.6560406020545198
0.430072554415812,0.8148148148148147,0.5553053053053053,0.0,0.2735319252838482,0.4715244955264489
0.5203902927195397,0.527027027027027,0.7527527527527527,0.5017405863578492,0.495177633988524,0.4996651376946823
0.3677758318739055,0.5695695695695695,0.7517517517517517,0.5216247798105935,0.5207701833022307,0.4291138357430629
0.5506629972479361,0.627127127127127,0.6263763763763763,0.0,0.2895564818529047,0.5230130631180564
0.5731798849136854,0.5100100100100099,0.8215715715715715,0.4761009470324572,1.0,0.3454697664684235
0.4500875656742558,0.7084584584584583,0.7087087087087086,1.0,0.6379876868339815,0.5418141863020388
0.3397548161120841,0.5978478478478477,0.017017017017017,0.9774909744144268,1.0,0.8952351884472505
0.391293470102577,0.5310310310310309,0.6616616616616616,0.569511833545529,0.2216457087046758,0.7240263704065437
0.4658493870402803,0.8010510510510509,0.0065065065065065,1.0,0.7423234560580427,0.179908261680939
0.3197398048536403,0.6043543543543543,0.8353353353353352,0.5595775851544378,0.9706385056769624,0.3315224026370407
0.2904678508881662,0.6333833833833833,0.7264764764764764,0.5693897483300486,0.5200673212759649,0.6338367895076478
0.503127345509132,0.7424924924924924,0.6956956956956957,1.0,0.6318677293893995,0.4603066082983065
0.4738553915436578,0.6601601601601601,0.4421921921921922,0.3095924097877461,0.4773078465912064,0.6259152030974763
0.5339004253189894,0.6726726726726726,0.4244244244244244,0.6773444721558505,0.6524076948567242,0.4859758968903152
0.4936202151613711,0.7032032032032031,0.4852352352352352,0.2397596665329542,0.4213160786228788,0.5342449029422537
0.4483362521891419,0.654154154154154,0.7647647647647646,0.5037689450093308,0.4717215759457244,0.0
0.4605954465849388,0.5235235235235234,0.7792792792792792,0.402316130945114,0.4875473080209986,0.0098121631756108
0.5876907680760571,0.4602102102102101,0.7442442442442442,0.4868758393358564,0.5433716448366674,1.0
0.4430823117338004,0.7915415415415414,0.5775775775775776,0.0,0.3984564940614263,0.4848300399393062
0.0342757067800851,0.9989989989989988,0.0262762762762763,1.0,0.006730383521984,0.6971972722674713
0.6374781085814363,0.5045045045045045,0.745995995995996,0.4980309398817517,0.4480073948759091,0.216045485463139
1.0000000000000002,0.6529029029029028,0.2484984984984985,0.78065821371889,0.7763555819104593,0.5755097057746307
0.5251438578934202,0.6906906906906906,0.6073573573573573,1.0,0.6072675584700978,0.5685804977588642
0.5203902927195397,0.5275275275275274,0.7525025025025025,0.5018016289655894,0.4952683258628809,0.4997401328984774
0.2604453340005005,0.5355355355355355,0.5487987987987988,0.6031306137398189,0.0156583009226154,0.6637319706297853
0.5203902927195397,0.528028028028028,0.7525025025025025,0.5018923208399463,0.4951462406474005,0.4997558295690392
0.8311233425068802,0.5550550550550549,0.7472472472472472,0.4571480893663777,0.403003296300818,0.0
0.9679759819864902,0.8838838838838837,0.0,0.9778868793274847,0.1987250815354832,0.5539616652423391
0.2224168126094571,0.623123123123123,0.7522522522522521,0.4548127736016882,0.5802256832411881,0.3919249350332246
0.6092069051788843,0.5337837837837837,0.8173173173173172,0.4201405724052531,1.0,0.3938015592026092
0.2314235676757569,0.5152652652652652,0.81006006006006,0.34887419990582,1.0,0.2097877461325147
0.5649236927695773,0.5387887887887887,0.6879379379379379,0.3791513333449605,0.0,0.7909587177564226
0.5206404803602703,0.5275275275275274,0.7527527527527527,0.5019690601182483,0.4951165913807838,0.4998011755062176
0.5208906680010009,0.5277777777777777,0.7525025025025025,0.5018469749027679,0.495177633988524,0.4996790902907372
0.4766074555916939,0.683183183183183,0.6128628628628628,0.0,0.3189179761759422,0.4660760067670091
0.6632474355766826,0.8646146146146145,0.9231731731731732,0.0,1.0,0.9980309398817516
0.6087065298974232,0.5828328328328327,0.974224224224224,0.4155623768247379,0.7303137590037847,0.4569649615431571
0.2444333249937454,0.6298798798798798,0.7672672672672671,0.5005807768107854,0.8841864764462738,0.3081134346059263
0.3402551913935452,0.5698198198198198,0.7454954954954954,0.5306590857561435,0.5083331879937911,0.4262605298498352
0.7463097322992246,0.833083083083083,0.0,0.0,1.0,0.0019987093848649
0.5203902927195397,0.5272772772772771,0.752002002002002,0.5018312782322061,0.4952090273296475,0.499694786961299
0.5466599949962473,0.4644644644644644,0.7685185185185185,0.4830458517187854,0.5146188325165251,0.989744841899646
0.5914435826870154,1.0,0.6901901901901901,0.0,0.3060222892721977,1.0
0.5201401050788093,0.5272772772772771,0.7525025025025025,0.5017859322950277,0.495177633988524,0.4997715262396009
0.4408306229672255,0.7880380380380378,0.0,0.4728517362261716,1.0,1.0
0.5206404803602703,0.5277777777777777,0.752002002002002,0.5018469749027679,0.4952229799257024,0.4997401328984774
0.4828621466099576,0.7079579579579578,0.0988488488488488,1.0,0.0152606519350506,0.8162774473725518
0.5126344758568928,0.4502002002002001,0.7047047047047046,0.2205312450947904,0.3125834975670161,0.4462825051886216
0.5206404803602703,0.5277777777777777,0.7525025025025025,0.5017859322950277,0.4952090273296475,0.4997261803024225
0.5786840130097575,0.5040040040040039,0.3566066066066066,0.7026318084308562,0.5390515722831679,0.6441983361529204
0.5894420815611711,0.4587087087087086,0.7697697697697696,0.5042572858712524,0.4864642377522368,0.9041020632401416
0.9632224168126096,0.5565565565565564,0.7322322322322322,0.5285068978146746,0.4715384481225038,0.0155048223660114
0.6329747310482864,0.5803303303303302,0.4862362362362362,0.4502502746917348,0.0,0.7456197568760137
0.5203902927195397,0.5277777777777777,0.7525025025025025,0.5017545389539041,0.4951322880513455,0.4998622181139578
0.318238679009257,0.5943443443443442,0.7462462462462462,0.3968222962484957,0.4672201196435112,0.1390707571027434
0.593945459094321,0.5397897897897896,0.5377877877877878,0.5109109301149345,0.0,0.7107801245269199
0.5208906680010009,0.5275275275275274,0.7532532532532532,0.5018469749027679,0.4951462406474005,0.4998011755062176
0.5203902927195397,0.5275275275275274,0.7525025025025025,0.5018609274988227,0.495100894710222,0.4997715262396009
0.0,0.3145645645645645,0.7099599599599599,0.6907738458586951,1.0,0.674550464795856
1.0000000000000002,0.8315815815815815,0.6491491491491491,0.1251983884751557,0.0530006801890577,1.0
0.6942707030272706,0.5683183183183182,0.5995995995995995,0.5737394701501648,0.0372045973804001,0.7629105115370529
1.0000000000000002,0.7985485485485484,0.7815315315315314,0.5114306643179797,0.5388074018522071,0.0
1.0000000000000002,1.0,0.0,1.0,0.0,0.0
0.4821115836877659,0.7309809809809809,0.4704704704704704,0.6223136892408043,0.5332525245478487,0.5318188953032074
0.472104078058544,0.7199699699699699,0.5480480480480481,0.0002598671015225,0.4364999912796274,0.5480562289621013
0.4941205904428322,0.5397897897897896,0.7587587587587588,0.9891797617594223,0.6459371784362629,0.5162530303294557
0.5201401050788093,0.5277777777777777,0.7522522522522521,0.5018609274988227,0.4951619373179622,0.4996790902907372
0.3660245183887917,0.7032032032032031,0.0,0.0655440640424158,0.9102359732807784,0.2156321398050125
0.6532399299474607,0.4944944944944944,0.6166166166166166,0.4479149589270453,0.9332961264105202,0.4966426565742888
0.9767325494120592,0.7457457457457456,1.0,0.0,0.4358128259239234,0.9701187714739176
0.0,0.9934934934934934,1.0,0.0,0.7133439140520084,1.0
0.5659244433324995,0.7322322322322321,0.4527027027027027,1.0,0.7516943683834173,0.4407119312137014
0.5171378533900427,0.7477477477477477,0.6651651651651651,1.0,0.6646476097458883,0.638109772049462
0.0012509382036527,0.879129129129129,0.4907407407407407,0.0,0.2265134206533303,0.3379929190575022
0.9261946459844884,1.0,0.4762262262262262,0.0,0.9327153495997348,1.0
0.0815611708781586,1.0,0.1398898898898899,0.0,0.2925615222282296,0.0919598165233618
0.7310482862146612,1.0,0.5978478478478478,0.4457941643267,0.4824807715785618,0.0
0.7207905929447087,0.5875875875875874,0.585085085085085,0.619505729284755,0.088954776148037,0.6549104417740725
0.0,0.6686686686686686,0.0,1.0,1.0,1.0
0.5201401050788093,0.5275275275275274,0.7522522522522521,0.5018609274988227,0.4952090273296475,0.4997558295690392
0.4158118588941707,0.6156156156156155,0.7307307307307307,0.5588904197987338,0.5382283691159286,0.8434257111463801
0.4380785589191895,1.0,0.7167167167167167,1.0,0.9588415857125416,0.0
0.7458093570177635,0.328078078078078,0.7772772772772771,0.5125904738650435,0.4854265134206533,0.8947468475853289
0.5206404803602703,0.5272772772772771,0.7527527527527527,0.5018469749027679,0.4951462406474005,0.4996651376946823
0.5203902927195397,0.5295295295295295,0.7532532532532532,0.5018016289655894,0.4951619373179622,0.4997261803024225
0.2654490868151115,0.5508008008008007,0.6176176176176176,0.5737551668207266,0.3233426931998535,0.6628913267174774
0.5203902927195397,0.5277777777777777,0.7522522522522521,0.5018016289655894,0.495254373266826,0.4996790902907372
0.3107330497873406,0.6113613613613612,0.7657657657657657,0.6246036590683154,0.9564609240106736,0.3211294626506444
0.5203902927195397,0.4334334334334333,0.4837337337337337,0.329431257303312,0.0,0.7186249716587892
0.5206404803602703,0.5275275275275274,0.7522522522522521,0.5018766241693845,0.4952090273296475,0.4997104836318607
0.4951213410057544,0.7182182182182181,0.5407907907907907,1.0,0.85041421769538,0.4730191673788304
0.4688516387290469,0.4817317317317316,0.7217217217217217,0.564614472330258,0.0,0.8727872054694177
0.5206404803602703,0.5277777777777777,0.7530030030030029,0.5018312782322061,0.4951933306590858,0.499694786961299
0.4708531398548913,0.5067567567567567,0.6041041041041041,0.0,0.2259343879170518,0.383865566737011
0.5198899174380787,0.5272772772772771,0.752002002002002,0.5018469749027679,0.495177633988524,0.4996790902907372
0.4941205904428322,0.4662162162162161,0.8753753753753752,0.208537244711094,1.0,0.2727837173204039
0.3172379284463348,0.6909409409409408,0.7239739739739739,0.3715663533146136,0.288089715192633,0.0
0.4160620465349013,0.4939939939939939,0.616116116116116,0.6326612832900221,0.0,0.7700524966426565
0.4610958218663999,0.6919419419419418,0.7597597597597596,0.0,0.2443221654429077,0.4702426007639046
0.5028771578684015,0.5588088088088087,0.8095595595595595,1.0,0.6501962083820221,0.4843887890890699
0.5969477107830875,0.663163163163163,0.6691691691691691,0.0,0.2248042276366046,0.6754207579747806
0.5218914185639231,0.5437937937937937,0.7347347347347346,1.0,0.7327868566545163,0.5276523013063118
0.3635226419814862,0.6053553553553552,0.8348348348348348,0.6130962554720337,0.9743464080785532,0.3677520623681043
0.4878658994245685,0.5948448448448448,0.7805305305305306,0.0027626140188709,0.4306555976071298,0.4134415822243926
0.6214660995746811,0.7607607607607606,0.7437437437437437,0.5190295969443814,0.4407590212253867,0.0
0.6102076557418065,0.4659659659659659,0.7615115115115114,0.5128032509548808,0.5167099778502537,1.0
1.0000000000000002,0.6343843843843843,1.0,1.0,0.2831766573068002,0.0
0.5203902927195397,0.5275275275275274,0.7530030030030029,0.5018016289655894,0.4951619373179622,0.4997104836318607
0.5141356017012761,0.5117617617617617,0.8435935935935935,0.4148002162652389,1.0,0.342905976943335
0.7070302727045286,0.7479979979979978,0.1231231231231231,0.0,1.0,0.504593892251077
0.5354015511633726,0.4544544544544543,0.7004504504504504,0.2803686973507508,0.0,0.8694455587142682
0.5281461095821868,0.7189689689689689,0.4862362362362362,0.0655283673718541,0.4408497130997436,0.4835498892512688
0.461596197147861,0.7737737737737737,0.7647647647647646,1.0,0.7157088790833144,0.3771508798855887
0.5096322241681263,0.7209709709709708,0.4842342342342342,0.7628337722587508,0.5417077977571202,0.6331949700891222
0.6017012759569679,1.0,0.586086086086086,0.2796047927167449,0.4822209044770392,0.0
0.4998749061796348,1.0,0.0,1.0,0.437752236775555,0.9994959624675166
0.5966975231423569,0.6584084084084083,0.9934934934934934,0.0,1.0,0.7188691420897501
0.9189392044033028,0.4519519519519518,0.7857857857857857,0.5141775816662888,0.4690810471423339,0.8218323246769101
0.988491368526395,0.5385385385385384,0.7129629629629629,0.5187400805762422,0.4433524600170919,0.0441041561295498
0.5203902927195397,0.5277777777777777,0.7522522522522521,0.5018923208399463,0.4951933306590858,0.4997558295690392
0.4801100825619215,0.7237237237237236,0.5943443443443444,1.0,0.9331740411950398,0.3998290806983274
0.5098824118088567,0.7327327327327327,0.5095095095095095,0.0,0.3564731325322218,0.5204649702635297
0.5201401050788093,0.5277777777777777,0.7525025025025025,0.5018312782322061,0.495100894710222,0.4997558295690392
0.2932199149362022,0.4111611611611611,0.8556056056056055,0.0006400753440187,0.8938765544064042,0.1759090988367023
0.6297222917187892,0.6488988988988988,0.3553553553553553,1.0,0.9211939934073984,0.5914575230653853
0.6697523142356769,0.3448448448448448,0.57007007007007,1.0,0.0,0.6330728848736418
0.7750813109832375,0.4061561561561561,0.7577577577577577,0.5294835795385179,0.4928737115649581,2.9649266616693648e-05
0.7265449086815113,0.5452952952952952,0.7417417417417417,0.5321694542790868,0.5324293213806094,1.0
0.4215661746309733,0.5010010010010009,0.7032032032032032,0.533528088319933,0.019289464045904,0.8052897779793153
0.505879409557168,0.8355855855855855,0.6298798798798798,1.0,0.729520205103162,0.3463243629767863
0.7172879659744811,0.5508008008008007,0.7562562562562563,0.5206010080750649,0.4568271796571149,0.4567504403788129
0.4485864398298725,0.537037037037037,0.7655155155155156,0.6748103318973786,0.3941067722413101,0.6035736086645621
0.5201401050788093,0.5277777777777777,0.7527527527527527,0.5018923208399463,0.495254373266826,0.4997104836318607
0.5203902927195397,0.5277777777777777,0.7527527527527527,0.5018016289655894,0.4951933306590858,0.4997558295690392
0.6562421816362274,0.5695695695695695,0.6346346346346345,0.4048031811919005,0.9361180389626244,0.3680415787362436
0.4425819364523394,0.6143643643643643,0.6453953953953954,0.0,0.3464167989256501,0.4138531838080123
0.7210407805854393,0.407157157157157,0.7812812812812813,0.5074315014737429,0.5005807768107854,1.0
0.4525894420815612,0.4924924924924924,0.7277277277277276,0.4925528018556953,0.0,0.97642185674172
0.4996247185389043,0.7555055055055053,0.5397897897897898,1.0,0.7906535047177214,0.4628547011528332
1.0000000000000002,0.2515015015015014,0.7690190190190189,0.5107121056211521,0.4936201754538954,0.0233950154350593
0.5203902927195397,0.5275275275275274,0.7525025025025025,0.5018312782322061,0.4952229799257024,0.4997401328984774
0.5178884163122343,0.4599599599599598,0.6078578578578578,0.3835760503688717,0.0,0.9229188830946856
0.0,0.7354854854854853,0.7457457457457457,0.5332525245478487,0.7229729494043986,1.0
0.7245434075556669,0.582082082082082,0.7282282282282282,0.5096133386818285,0.5198388475155659,1.0
0.6604953715286467,0.593093093093093,0.6048548548548548,0.4477632244449483,0.5698623925214085,0.5258820656818459
0.7257943457593197,0.5938438438438437,0.547047047047047,0.5711442872839527,0.4670980344280308,0.4658457889321031
0.5206404803602703,0.5275275275275274,0.7522522522522521,0.5018469749027679,0.4951619373179622,0.4997261803024225
0.5211408556417314,0.5275275275275274,0.7532532532532532,0.5017859322950277,0.4951462406474005,0.4997401328984774
0.4543407555666751,0.7162162162162161,0.7314814814814814,0.4925824511223119,0.4756439995116591,1.0
0.4813610207655743,0.6834334334334333,0.4559559559559559,0.4802064984216125,0.4965205713588084,0.4907825662312294
0.1330998248686515,1.0,0.0,1.0,0.9824493782374384,0.6828226101819069
0.312734550913185,0.6198698698698698,0.7812812812812813,0.5402881211085337,0.5172593613199156,0.1827301742330432
0.3447585689266951,0.5628128128128127,0.802052052052052,0.5332071786106702,0.5186633412979402,0.4699216910546419
0.4918689016762573,0.7359859859859859,0.517017017017017,0.6829900413345658,0.5710832446762125,0.5299265744632611
0.5113835376532401,0.4952452452452451,0.7072072072072071,0.9704867711948654,0.5722901442349617,0.5010220276610217
0.5203902927195397,0.5277777777777777,0.7530030030030029,0.5018609274988227,0.4952386765962642,0.4997558295690392
0.2426820115086316,0.6136136136136136,0.7642642642642642,0.4439471894239322,0.4969932155501683,0.5834905907180354
0.4998749061796348,0.6911911911911911,0.46996996996997,0.4821302126026824,0.4760556010952788,0.4996790902907372
0.0,0.9469469469469468,0.556056056056056,0.0,0.4297696077576434,0.7961490834888466
0.5203902927195397,0.5277777777777777,0.7522522522522521,0.5019219701065629,0.4952090273296475,0.4997261803024225
0.5203902927195397,0.5275275275275274,0.7527527527527527,0.5018609274988227,0.4951462406474005,0.4996494410241205
0.9454590943207408,0.3958958958958958,1.0,1.0,0.8336135479707694,0.5579294347454523
0.5203902927195397,0.5275275275275274,0.7525025025025025,0.5018609274988227,0.4951462406474005,0.4997261803024225
0.015511633725294,1.0,0.5930930930930931,0.0,0.4645342449029422,0.407443709995291
0.6067050287715788,0.5425425425425424,0.6876876876876876,0.4070931510194115,0.9987338019080174,0.453454139560842
0.6564923692769579,0.5613113113113112,0.8383383383383383,1.0,0.0075989326264018,0.2248042276366046
0.5033775331498626,0.7012012012012011,0.6406406406406406,0.0,0.3010010987669393,0.5296510106911767
0.6307230422817114,0.564064064064064,0.5558058058058057,0.4388510037148787,0.0,0.7207597188551895
0.4485864398298725,0.5172672672672671,0.7860360360360359,0.4892878943788478,0.4843277464813297,1.0
0.3982987240430324,0.5818318318318317,0.7397397397397396,0.5684898058845074,0.5612571289045468,0.8268831644487853
0.360270202651989,0.6058558558558558,0.8348348348348348,0.5945706960601357,0.3800826691316253,0.4360116504177058
0.0,1.0,0.0828328328328328,0.0,0.2675044037881298,0.0
0.5201401050788093,0.5275275275275274,0.752002002002002,0.5018312782322061,0.4952997192040044,0.4997104836318607
0.4518388791593696,0.5653153153153152,0.7595095095095095,0.3967473010447006,0.4713256710326665,0.0
0.4971228421315988,0.5410410410410409,0.7194694694694694,0.9168442715872822,0.6414967647417897,0.4593770165861485
0.3402551913935452,0.5913413413413412,0.8313313313313313,0.6227863334321642,0.5989343704763067,0.3815930376545686
0.4818613960470354,0.6704204204204203,0.6564064064064064,0.0,0.247894030032963,0.6475853288452482
0.4125594195646736,0.5352852852852852,0.8093093093093093,0.4128608054136072,1.0,0.279819313881089
0.5248936702526896,0.6493993993993993,0.2002002002002001,0.9945218619739437,0.644700629610897,0.8963339553865741
0.6572429321991495,0.8013013013013012,0.932182182182182,0.0,1.0,0.9646406334478608
0.0040030022516888,0.8553553553553552,0.0,0.0134450703734063,0.0939288766416101,0.6054519769084535
0.5201401050788093,0.5275275275275274,0.752002002002002,0.5018609274988227,0.4952683258628809,0.4997401328984774
0.5071303477608208,0.7510010010010009,0.5895895895895895,1.0,0.5702146955717948,0.5153373912133526
0.5208906680010009,0.5355355355355355,0.757007007007007,0.3356419066222509,1.0,0.4272686049148019
0.5203902927195397,0.5277777777777777,0.7525025025025025,0.5018609274988227,0.4951619373179622,0.4997261803024225
0.2964723542656994,0.8425925925925926,0.0,0.3900169175227165,0.2496642656574288,0.3081884298097215
0.4988741556167126,0.5075075075075074,0.7552552552552552,0.43622617158205,0.4873955735389015,0.5021207946003453
0.5484113084813611,0.4577077077077076,0.7452452452452452,0.2983152240263704,1.0,0.395877007865776
0.4393294971228422,0.4269269269269268,0.7567567567567567,0.3892687095592724,1.0,0.1272284912011441
0.5206404803602703,0.5275275275275274,0.7525025025025025,0.5018923208399463,0.4951933306590858,0.4998011755062176
0.4338253690267702,0.4874874874874874,0.7732732732732732,0.4013254966252158,1.0,0.2533721680590195
0.6587440580435329,0.537037037037037,0.7752752752752752,0.5136892408043672,0.5298044892477807,1.0
0.5208906680010009,0.5277777777777777,0.7530030030030029,0.5018766241693845,0.4951619373179622,0.4997715262396009
0.472104078058544,0.7102102102102101,0.5017517517517517,0.3113469487416502,0.505432792088878,0.4898512304445646
0.4701025769326996,0.7815315315315314,0.5950950950950951,0.0,0.3358860770532117,0.4955281929644034
0.7508131098323745,0.5130130130130129,1.0,0.1291504613077071,0.7156949264872595,0.4143729180110574
0.5206404803602703,0.5277777777777777,0.7530030030030029,0.5018469749027679,0.4951322880513455,0.499694786961299
0.732799599699775,0.5513013013013012,0.7897897897897898,0.5533058932277587,0.5153216945427909,1.0
0.5674255691768828,0.4624624624624623,0.7857857857857857,0.2502746917348309,0.4591467987512426,0.5065158623576399
0.7403052289216914,0.5417917917917917,0.5685685685685685,0.5424246123794408,0.4624134503025969,0.6595200306957113
0.2882161621215913,0.5558058058058057,0.826076076076076,0.3760538570207719,1.0,0.1336379650138653
0.3745308981736303,0.7124624624624624,0.6801801801801801,0.5771125102464377,0.5901599316322793,1.0
0.5203902927195397,0.5277777777777777,0.7525025025025025,0.5017859322950277,0.4952229799257024,0.4997104836318607
0.5201401050788093,0.5277777777777777,0.7522522522522521,0.5019376667771247,0.4952683258628809,0.4998011755062176
0.2942206654991244,0.5282782782782782,0.8215715715715715,0.6273505764166245,0.8370929766119608,0.34588311212655
0.5176382286715038,0.4779779779779779,0.7474974974974975,0.9424525175715506,0.5307654743010621,0.5566789333240316
0.2879659744808607,0.9496996996996996,0.1326326326326326,0.1619617350053194,0.6516298376266634,0.0
0.5206404803602703,0.5275275275275274,0.7525025025025025,0.5018155815616443,0.4951322880513455,0.4997558295690392
0.2877157868401302,0.4867367367367367,0.7605105105105104,0.5134607670439681,0.5898843678601949,0.8434100144758184
0.5926945208906681,0.6876876876876876,0.7289789789789789,0.512253867485219,0.5203568376441041,0.0
0.5203902927195397,0.5277777777777777,0.7525025025025025,0.5018609274988227,0.4951322880513455,0.4997104836318607
0.4713535151363524,0.4722222222222221,0.6306306306306306,0.5651324624587962,0.0,0.768495038108028
0.7265449086815113,0.4344344344344343,0.7487487487487487,0.4868758393358564,0.4897448418996459,1.0
0.4858643982987242,0.6849349349349348,0.6959459459459459,1.0,0.5204039276557895,0.4762701222596229
0.3405053790342758,0.5543043043043042,0.6181181181181181,0.583368505502555,0.3544587264767951,0.5253326822121841
0.4976232174130599,0.4824824824824824,0.714964964964965,0.366637598758219,0.4892721977082861,0.5320473690636064
0.5248936702526896,0.4622122122122121,0.782032032032032,0.9374923696740324,0.5730226555278441,0.559867101522577
0.8233675256442334,0.5723223223223222,0.7089589589589589,0.4983222003243978,0.496093273104627,1.0
0.7052789592194147,0.5808308308308308,0.7414914914914914,0.4899436663934283,0.4704850271203586,1.0
0.4783587690768077,0.4872372372372371,0.0,0.7211259745016307,0.9867991000575544,0.0
0.5206404803602703,0.5272772772772771,0.7525025025025025,0.5019376667771247,0.4951165913807838,0.4997401328984774
0.3695271453590193,0.7017017017017015,0.546046046046046,0.0,0.799337251687392,0.3895582259274116
0.3967975981986491,1.0,0.0,1.0,1.0,0.0
0.3427570678008507,0.5295295295295295,0.6098598598598598,0.5508798855887124,0.5647365575457384,0.5001831278232206
0.3380035026269703,0.5808308308308308,0.817067067067067,0.5401363866264367,0.9003627674974275,0.3528873153461116
0.3064798598949213,0.6256256256256255,0.7264764764764764,0.5264314491515077,0.4673265081884298,0.2797582712733488
0.4595946960220166,0.7742742742742741,0.5950950950950951,0.8137433071140798,0.7000366255646441,0.5514885675916075
0.0,1.0,0.0,0.307914610112144,0.0972408741301428,0.0
0.5206404803602703,0.5277777777777777,0.7527527527527527,0.5019080175105081,0.4951619373179622,0.4997558295690392
0.6287215411558671,0.4502002002002001,0.7394894894894894,0.4903395713064862,0.4897448418996459,0.0
0.5201401050788093,0.5277777777777777,0.7530030030030029,0.5018469749027679,0.4951933306590858,0.4997401328984774
0.4630973229922443,0.6351351351351351,0.8005505505505505,0.2713500880757626,0.4124805971711112,0.0
0.5206404803602703,0.5277777777777777,0.7522522522522521,0.5018312782322061,0.4952683258628809,0.4997715262396009
0.3452589442081562,0.3723723723723723,0.4339339339339339,0.5562498909953433,1.0,1.0
0.474355766825119,0.6443943943943943,0.7279779779779779,1.0,0.7354256413833998,0.4292359209585433
0.5203902927195397,0.5275275275275274,0.752002002002002,0.5018016289655894,0.4951462406474005,0.4996790902907372
0.5048786589942458,0.7087087087087086,0.5432932932932932,1.0,0.6085337565620803,0.587962397753632
0.0,1.0,0.4431931931931931,1.0,0.7783089453581458,0.0
0.5206404803602703,0.5275275275275274,0.7525025025025025,0.5018312782322061,0.4952997192040044,0.4997401328984774
0.4823617713284965,0.4862362362362361,0.7044544544544544,0.5021521879414689,0.0,0.963634302457401
0.6852639479609709,0.4426926926926926,0.7474974974974975,0.513551458918325,0.5092784763765108,1.0
0.7227920940705531,0.5275275275275274,0.6496496496496496,0.4895617140764253,1.0,0.3496520571358809
0.4060545409056794,0.6826826826826826,0.7730230230230231,0.4695240420670771,0.4007133264733069,0.0
0.5201401050788093,0.5277777777777777,0.7525025025025025,0.5018016289655894,0.4951165913807838,0.4997401328984774
0.651988991743808,1.0,0.5690690690690691,1.0,0.0,0.4117027399410503
0.5121341005754317,0.5605605605605605,0.6934434434434434,0.8549017214015382,0.549993895739226,0.4532727558121283
0.0,0.7892892892892891,0.5953453453453453,0.0,0.4998011755062176,0.6712855573190086
0.5206404803602703,0.5275275275275274,0.7522522522522521,0.5018016289655894,0.495177633988524,0.4997558295690392
0.0,1.0,0.0,0.3675985838115004,0.9322880513455534,1.0
0.664748561421066,0.4927427427427426,0.7437437437437437,0.5028690025637895,0.4819017388422833,0.6558121282941207
0.5206404803602703,0.5277777777777777,0.7522522522522521,0.5017545389539041,0.4952386765962642,0.4997104836318607
0.5143857893420066,0.5165165165165164,0.8818818818818818,0.1925126881420374,1.0,0.212138758567766
0.5496622466850138,0.5117617617617617,0.5853353353353353,0.6318206393777142,0.4147077803163751,0.5390358756126061
0.4640980735551665,0.7815315315315314,0.4224224224224224,0.0,0.0736627308718628,0.7309695310183651
0.4045534150612961,0.563063063063063,0.7227227227227226,0.5304445645917993,1.0,0.267336972635471
0.5203902927195397,0.5272772772772771,0.752002002002002,0.5018469749027679,0.495254373266826,0.4997401328984774
0.3420065048786591,0.9469469469469468,0.46996996996997,1.0,0.0,0.0018923208399462
0.0,1.0,0.0,0.3156809738912046,0.0736330816052461,0.0
0.4195646735051289,0.5032532532532532,0.7237237237237237,0.4736749393934109,0.5075692833597851,0.5710378987390341
0.5208906680010009,0.5275275275275274,0.7522522522522521,0.5017859322950277,0.4952386765962642,0.4997261803024225
0.7192894671003254,0.5943443443443442,0.5923423423423423,0.6580393114393847,0.2288173430768962,0.5990564556917871
0.4978734050537904,0.4964964964964964,0.7740240240240239,0.5366552139107382,1.0,0.1868671189633221
0.6169627220415312,0.5593093093093092,0.7072072072072071,0.0,0.2722046845841255,0.6220538221392817
0.461596197147861,0.814064064064064,0.5885885885885885,0.0,0.3278598461726285,0.4255437152275145
0.5133850387790845,0.4269269269269268,0.6323823823823823,0.5197935015783874,0.0,0.8417165181296544
0.2902176632474357,0.6804304304304303,0.8135635635635635,0.4963060501944643,0.9797495509008144,0.2796518827284301
0.2802101576182138,0.6859359359359358,0.7737737737737738,0.6258245112231194,0.5735406456563824,0.4697839091685997
0.9352014010507884,0.1686686686686686,0.6796796796796796,0.5183127823220608,0.4754765683590003,0.1315171704135201
0.4856142106579936,0.6318818818818818,0.6554054054054054,0.0,0.4144479132148525,0.4916825086767706
0.6740055041280962,0.5618118118118117,0.532032032032032,0.5114306643179797,0.6559795594467795,0.5045781955805152
0.5203902927195397,0.5275275275275274,0.7525025025025025,0.5019376667771247,0.4952386765962642,0.499694786961299
0.4295721791343508,0.5037537537537536,0.7297297297297297,0.6868217730261437,0.0,0.7733487974606275
0.0,0.9389389389389388,0.0,0.0,0.7110539442244973,0.0
0.6860145108831626,0.8716216216216215,0.7417417417417417,0.5768526431449151,0.5743498962275668,1.0
0.5206404803602703,0.5272772772772771,0.7522522522522521,0.5018312782322061,0.4951933306590858,0.4997261803024225
0.3247435576682513,0.6519019019019018,0.7237237237237237,0.527408130875351,0.541036329071978,0.9738441146205764
0.5203902927195397,0.5277777777777777,0.7522522522522521,0.5018923208399463,0.4950712454436053,0.4996651376946823
0.4000500375281462,0.5575575575575574,0.8563563563563563,0.5299876170710013,0.9974972530826516,0.3335054153513438
0.5201401050788093,0.5272772772772771,0.7525025025025025,0.5018469749027679,0.495177633988524,0.4996651376946823
0.479859894921191,0.5047547547547546,0.6991991991991992,0.4204911313811326,0.0,0.8292795228212149
0.5203902927195397,0.5275275275275274,0.7525025025025025,0.5018155815616443,0.495254373266826,0.4997854788356559
0.3812859644733551,0.5658158158158157,0.2667667667667667,1.0,0.383942306015313,0.733044979681532
0.495371528646485,0.4314314314314313,0.8313313313313313,0.2594153862252996,1.0,0.0160088598984949
0.592194145609207,0.7795295295295295,0.7462462462462462,0.4583235955840034,0.4723930446308666,1.0
0.4488366274706031,0.6534034034034033,0.6969469469469469,1.0,0.5731586933393795,0.5764096482201719
0.5196397297973482,0.5277777777777777,0.7527527527527527,0.5018766241693845,0.4951165913807838,0.4996494410241205
1.0000000000000002,0.5918418418418417,0.0,0.8263948235868637,0.1284179500148246,0.3443099569213597
0.9759819864898676,0.2399899899899899,0.7690190190190189,0.5358773566806774,0.5115370528628983,0.0113992709768561
0.5201401050788093,0.5272772772772771,0.7525025025025025,0.5017859322950277,0.4952683258628809,0.499694786961299
0.513635226419815,0.4877377377377376,0.7497497497497497,0.1669968781066327,0.2568219474335943,0.5078587997279244
0.3855391543657744,0.5317817817817817,0.7402402402402402,0.5382423217119835,0.5879310044125086,0.6455866194603833
0.3737803352514387,0.5818318318318317,0.7707707707707707,0.5420426600624378,0.4932399672113993,0.4501892320839946
0.0,0.8273273273273272,1.0,0.0,0.4214835097755376,1.0
0.4728546409807357,0.4897397397397396,1.0,0.963023876379999,0.4246123794408497,0.5751887960653679
0.5404053039779836,0.5035035035035034,0.7214714714714714,0.0,0.4593909691822034,0.5252402462633203
0.5941956467350514,0.5040040040040039,0.7239739739739739,0.5455988279819314,1.0,0.4007133264733069
0.2274205654240681,0.7254754754754753,0.6741741741741741,0.5720145804628773,0.6074506862933184,0.9211329507996582
0.5203902927195397,0.5275275275275274,0.752002002002002,0.5018155815616443,0.4952229799257024,0.4997715262396009
0.6587440580435329,0.5745745745745745,0.7354854854854854,0.4748800948776531,0.522280551825174,1.0
0.0,0.9096596596596596,0.8003003003003002,0.0,0.7618727872054694,1.0
0.4668501376032025,0.6961961961961961,0.7474974974974975,1.0,0.6798158257320752,0.5290248879432129
1.0000000000000002,1.0,0.0,0.7705094441634547,0.0198074541744424,0.413868880478574
0.7415561671253441,0.6298798798798798,0.7507507507507507,0.5481783141775817,0.5479027504054973,1.0
0.6564923692769579,0.5868368368368367,0.7117117117117117,0.4754765683590003,0.437447023736854,0.6013917714564766
0.6619964973730299,0.4209209209209208,0.7682682682682682,0.4978949020702164,0.4876850899070408,0.9825121649196852
0.4971228421315988,0.5618118118118117,0.6996996996996997,0.4869525786141584,0.4820238240577637,1.0
0.6289717287965976,0.5015015015015014,0.7204704704704704,0.4879292603380016,0.4899122730523048,0.7804000906918743
1.0000000000000002,0.9972472472472472,0.0,0.8928248774787659,0.000151734482097,0.467159077035771
0.5203902927195397,0.5275275275275274,0.7515015015015014,0.5018155815616443,0.495254373266826,0.499694786961299
0.4963722792094072,0.778028028028028,0.6336336336336336,1.0,0.504899105289778,0.5531838080122783
0.3219914936202153,0.599099099099099,0.8443443443443444,0.5597310637110418,0.7853584945148857,0.3139264349373005
0.2964723542656994,0.5643143143143142,0.7895395395395395,0.4986413659591537,0.8048171337879554,0.3288818738336502
0.464348261195897,0.5152652652652652,0.494994994994995,0.0,0.5617751190330851,0.6920400439506775
0.5511633725293972,0.7705205205205203,0.6979479479479479,0.4789856462668085,0.521516647191168,1.0
0.5141356017012761,0.573073073073073,0.7264764764764764,0.0,0.3157734098400684,0.5128346442960043
0.6975231423567677,0.4101601601601601,0.7457457457457457,0.4920801576643354,0.4984582381359331,0.8848736418019778
0.5203902927195397,0.5277777777777777,0.7527527527527527,0.5018766241693845,0.4952090273296475,0.4997401328984774
0.5206404803602703,0.5277777777777777,0.7527527527527527,0.5018469749027679,0.4952229799257024,0.4997558295690392
0.6670002501876409,0.5705705705705705,0.57007007007007,0.4000436018626715,0.512787554284319,0.5361825697193784
0.3067300475356518,0.5150150150150149,0.6408908908908908,0.5238519629558575,0.0,0.7915237978966462
0.6224668501376034,0.8050550550550549,0.7837837837837838,0.4642133351936794,0.3978460679840243,0.0
1.0000000000000002,0.6066066066066065,1.0,0.3001761515251931,0.7278563580236147,0.2557371330903256
0.5206404803602703,0.5275275275275274,0.7530030030030029,0.5018016289655894,0.4952090273296475,0.4997715262396009
0.7057793345008758,0.6116116116116115,0.527027027027027,0.6097092627797059,0.2346320874827773,0.6400631354971484
0.4966224668501377,0.582082082082082,0.724974974974975,0.5024120550429915,0.481015748992797,0.0
0.4518388791593696,0.4832332332332331,0.7069569569569569,0.6302806215881542,0.0,0.8876048624797251
0.4948711533650239,0.4629629629629629,0.8085585585585585,0.5692537105185134,1.0,0.1851108359349111
0.4638478859144359,0.4499499499499498,0.7675175175175175,0.2864119155170309,0.6565585921830581,0.451685648010883
0.5193895421566176,0.5555555555555555,0.788038038038038,0.7819715018225579,0.615065315590282,0.4780700071507054
0.4673505128846636,0.7625125125125124,0.5205205205205204,0.0,0.2968205521739889,0.5300783089453581
0.4946209657242933,0.7484984984984984,0.539039039039039,1.0,0.6010255158100354,0.5134607670439681
0.5188891668751565,0.7337337337337336,0.5105105105105104,0.9654498840190452,0.7362034986134607,0.6055880147199888
0.6272204153114838,0.7334834834834834,0.7274774774774775,0.6249088721070164,0.6256099900587753,1.0
0.5201401050788093,0.5272772772772771,0.7527527527527527,0.5018155815616443,0.4952229799257024,0.4998011755062176
0.4838628971728798,0.6571571571571571,0.7522522522522521,1.0,0.7383417339588747,0.3908401206899559
0.485364023017263,0.5683183183183182,0.793043043043043,1.0,0.6201475487032806,0.5196243263512217
0.5729296972729548,0.2915415415415415,0.6956956956956957,0.9944608193662032,0.1109911575422502,0.8619826638994018
0.6902677007755819,0.587087087087087,0.5880880880880881,0.5074471981443047,0.1390236670910581,0.7663132008999425
0.5609206905178885,0.5392892892892892,0.5635635635635635,0.6633343216422205,0.0,0.8151786804332282
0.5203902927195397,0.5275275275275274,0.7530030030030029,0.5018016289655894,0.4952090273296475,0.4997558295690392
0.5013760320240181,0.7277277277277276,0.6081081081081081,0.0,0.3726494235833755,0.4324711791687741
0.2809607205404054,0.688188188188188,0.0,0.244597729214992,0.0,0.0600048834086192
0.5256442331748813,0.4959959959959959,0.7339839839839839,0.3569771700647052,0.0,0.9344245426164606
0.3957968476357269,0.5142642642642642,0.7039539539539539,0.6382928998726826,0.0,0.7499241327589514
0.4988741556167126,0.7690190190190189,0.5715715715715716,1.0,0.7782775520170222,0.3247309765073164
0.2591943957968478,1.0,0.0,1.0,0.9766049845649406,0.7361128067391038
0.5123842882161622,0.7059559559559558,0.7517517517517517,0.4758881699426199,0.466152746045311,0.0
0.5851888916687518,0.8653653653653652,0.6288788788788788,0.6452971030922441,0.5749149763677904,1.0
0.1883912934701027,0.6328828828828827,0.7845345345345345,0.482847027225003,0.4909203481172716,0.6323560702513211
0.1606204653490118,0.7054554554554553,0.7329829829829829,0.637345867415456,0.5343826848282959,1.0
0.2531898924193145,1.0,0.1008508508508508,1.0,0.0,0.0
0.336502376782587,0.5367867867867867,0.8185685685685685,0.4962467516612309,1.0,0.3091808082041265
0.6477358018513887,0.7054554554554553,0.0,0.0,1.0,0.4137624919336554
0.4550913184888668,0.6423923923923922,0.7074574574574574,1.0,0.7249420095226468,0.5941277011353925
0.3800350262697024,0.5563063063063062,0.7324824824824825,0.566140537523763,0.5672532570591415,0.9645638941695588
0.1168376282211659,0.8195695695695695,0.0,1.0,0.7226834330362593,0.4106650156094668
0.8303727795846887,0.2432432432432432,0.7637637637637638,0.5168634564068577,0.4711425432094459,0.4671137310985925
0.7077808356267202,1.0,0.6676676676676676,0.0,1.0,1.0
0.3732799599699776,0.4849849849849849,0.6008508508508508,0.7073460418229067,0.2143362924464133,0.5832464202870746
0.5201401050788093,0.5275275275275274,0.7525025025025025,0.5018766241693845,0.4952090273296475,0.4996790902907372
0.5203902927195397,0.5277777777777777,0.7527527527527527,0.5018016289655894,0.4952229799257024,0.4996790902907372
0.477107830873155,0.4486986986986986,0.7179679679679679,0.5879467010830702,0.0,0.9607042572858712
0.6900175131348513,0.5062562562562561,0.7665165165165164,0.4929957967804385,0.4636029091162774,0.0
0.7340505379034278,0.4344344344344343,0.7795295295295295,0.514085145717425,0.4903238746359245,0.5232572335490172
0.5404053039779836,0.5317817817817817,0.8175675675675675,0.2999180284981774,1.0,0.2221183528960357
0.4415811858894172,0.6914414414414414,0.7122122122122121,1.0,0.687950189232084,0.5334966949788095
0.6284713535151365,0.6824324324324323,0.3968968968968969,0.8466766660271727,0.8087988558871235,0.0
0.824118088566425,0.8103103103103102,1.0,0.000151734482097,0.4415054851143241,0.7139996860665887
0.349261946459845,0.6001001001001001,0.7247247247247247,0.569665312102133,0.5859793850393289,0.9438408008790136
0.8018513885414063,0.6338838838838838,0.5708208208208208,0.5985384655632489,0.5582503444547151,0.5421647452779182
0.5201401050788093,0.5277777777777777,0.7525025025025025,0.5018923208399463,0.495254373266826,0.4998011755062176
0.3390042531898925,0.5452952952952952,0.7227227227227226,0.515536215707135,0.6150199696531036,0.6988157734098401
0.2441831373530149,0.599099099099099,0.7780280280280281,0.6301131904354954,0.464778415333903,0.944344838411497
0.7738303727795849,0.4899899899899899,0.7352352352352352,0.4849835184959101,0.4961996616495456,0.0
0.7155366524893672,0.8168168168168166,0.7662662662662663,0.4462825051886216,0.4962920975984094,1.0
0.6682511883912936,0.5332832832832832,0.7024524524524525,0.3482777264244728,0.9044072762788428,0.3655998744266355
1.0000000000000002,0.9306806806806804,1.0,0.3476690444215777,0.4074297573992361,0.8029544622146259
0.352014010507881,0.553053053053053,0.8208208208208208,0.4629628337722588,0.0370982088354814,0.5822400892966147
0.5206404803602703,0.5275275275275274,0.7522522522522521,0.5018155815616443,0.4952229799257024,0.4996651376946823
0.4708531398548913,0.6826826826826826,0.3858858858858859,0.5851544377975827,0.564842946090657,0.6234281528506898
0.3064798598949213,0.596096096096096,0.8536036036036034,0.5468353768072972,0.5868025882065682,0.4554092470830354
0.3635226419814862,0.6744244244244243,0.7642642642642642,0.597378656016185,0.5861311195214259,1.0
0.9954966224668504,1.0,0.0,0.0,1.0,0.717189598339641
0.4776082061546161,0.6936936936936936,0.6786786786786786,0.0,0.2623768247379527,0.4438111516123968
0.5203902927195397,0.5275275275275274,0.752002002002002,0.5018312782322061,0.4951165913807838,0.4997715262396009
0.5206404803602703,0.5275275275275274,0.7517517517517517,0.5018016289655894,0.4952090273296475,0.4997104836318607
1.0000000000000002,0.7845345345345344,0.4286786786786787,0.8790745940666584,1.0,0.0158257320752742
0.526394796097073,0.4639639639639639,0.745995995995996,0.3451662975042294,1.0,0.1120428344698885
0.5861896422316739,0.5350350350350349,0.9026526526526526,0.3391213352634424,0.9833650173535412,0.2498630901512112
0.2476857643232425,0.5968468468468467,0.7087087087087086,0.5221881158763102,0.5278197324589706,0.977719448174826
0.5919439579684765,1.0,0.808058058058058,1.0,0.0,0.7158170117027399
0.6287215411558671,0.5310310310310309,0.7602602602602602,0.461635593072536,0.0,0.6029788792577219
0.0030022516887666,0.7097097097097096,0.7002002002002001,0.4676020719605142,0.4174546976646842,0.4781624430995692
0.4963722792094072,0.838088088088088,1.0,0.948403299788967,0.3778833911784711,0.0138409752864642
0.5208906680010009,0.5275275275275274,0.7530030030030029,0.5018766241693845,0.4951462406474005,0.4997401328984774
0.8856642481861398,0.8783783783783783,0.922172172172172,0.0,0.7759579329228945,1.0
0.4455841881411059,0.5913413413413412,0.7567567567567567,0.5429426025079791,0.4691734830911976,0.0042276366046357
0.5206404803602703,0.5277777777777777,0.7525025025025025,0.5018766241693845,0.495177633988524,0.4997104836318607
0.6434826119589694,0.4929929929929929,0.7582582582582582,0.50550953136718,0.485761375725971,1.0
0.5203902927195397,0.5277777777777777,0.7522522522522521,0.5019080175105081,0.4952229799257024,0.4997261803024225
0.4523392544408307,0.6003503503503502,0.7815315315315314,0.4945218619739435,0.4921255036015138,1.0
0.9592194145609207,0.4261761761761761,0.7635135135135135,0.5036782531349739,0.4881420374278389,0.3611123707204772
0.3370027520640481,0.5778278278278277,0.7640140140140139,0.6465179552470481,0.4833353680869247,0.4977117742469958
0.5063797848386291,0.595095095095095,0.6621621621621621,0.0,0.471827964490643,0.478101400491829
0.5206404803602703,0.5275275275275274,0.7530030030030029,0.5018469749027679,0.4951933306590858,0.4997715262396009
0.5203902927195397,0.5277777777777777,0.7525025025025025,0.5018766241693845,0.4952090273296475,0.4997715262396009
0.9997498123592696,0.8733733733733733,0.7012012012012012,1.0,0.0,0.5508188429809722
0.5203902927195397,0.5277777777777777,0.7522522522522521,0.5017859322950277,0.495177633988524,0.4997104836318607
0.550162621966475,0.5585585585585585,0.7992992992992993,0.4507386155536564,1.0,0.379730366081239
0.6639979984988743,0.5297797797797796,0.542042042042042,0.4000279051921098,0.0054484887594398,0.8258611367877635
0.7005253940455343,0.6106106106106105,0.5518018018018018,0.4974519071454732,0.4995727017458186,0.6430524792019114
0.6062046534901178,0.5735735735735734,0.8165665665665665,0.3165512670701292,0.4802675410293527,0.3441739191098243
0.3647735801851389,0.5347847847847846,0.7074574574574574,0.5021050979297835,0.0,0.6601461534436751
0.0740555416562422,0.5523023023023022,0.0,0.8732598496607775,0.999389573922598,0.8342082773776096
0.4373279959969979,0.6664164164164164,0.7037037037037036,1.0,0.5954095958979367,0.5228456319653976
0.8231173380035028,0.3583583583583583,1.0,0.9437483649301498,0.2078204300887734,0.5993320194638715
0.5201401050788093,0.5275275275275274,0.7522522522522521,0.5018923208399463,0.4952386765962642,0.499694786961299
0.5203902927195397,0.5275275275275274,0.7525025025025025,0.5017405863578492,0.495254373266826,0.4997261803024225
0.1386039529647236,1.0,0.1038538538538538,0.0,0.3247780665190017,0.0
0.3690267700775582,0.991241241241241,0.7222222222222222,0.0,0.3592810924882711,0.5253169855416223
0.1898924193144859,1.0,0.9552052052052052,1.0,0.0,0.1775886425868113
0.3375031273455092,0.5765765765765765,0.7625125125125125,0.610471423339205,0.6664631913075326,0.381256431274744
0.6529897423067302,0.683183183183183,0.5182682682682682,0.5031899122730523,0.4060257774212114,0.5500392416764044
0.720040030022517,0.4244244244244243,0.7427427427427427,0.4793519019132497,0.6084570172837783,0.0028533058932277
0.5128846634976234,0.4792292292292291,0.7337337337337337,0.7831313113696217,0.4649772398276854,0.5197935015783874
0.0,1.0,0.5643143143143143,0.0,0.0001988244937823,0.3943195493311474
0.4168126094570929,0.5402902902902902,0.8586086086086085,0.4848614332804297,0.9976803809058724,0.3114847306276924
0.2924693520140106,0.5402902902902902,0.8886386386386386,0.4388510037148787,1.0,0.1818616251286255
0.5201401050788093,0.5277777777777777,0.752002002002002,0.5017859322950277,0.4952229799257024,0.499694786961299
0.6594946209657244,0.7144644644644643,0.8688688688688688,0.0,1.0,0.7421874182465075
0.4400800600450339,0.7820320320320319,0.4634634634634634,0.0,0.3581823255489474,0.3429373702844586
0.4868651488616464,0.6996996996996996,0.4419419419419419,0.3262413450302597,0.477260756579521,0.4874252228055182
1.0000000000000002,0.614114114114114,1.0,0.2947904494480004,0.6612588729790536,0.6579939655022062
0.5208906680010009,0.5275275275275274,0.7522522522522521,0.5018469749027679,0.4951165913807838,0.4997715262396009
0.4733550162621968,0.5883383383383383,0.858108108108108,1.0,0.94979158309643,0.3751975164379022
0.5283962972229174,0.4732232232232231,0.5763263263263263,0.3930986971763434,0.0,0.740767741597921
0.5203902927195397,0.5275275275275274,0.7527527527527527,0.5018155815616443,0.495177633988524,0.4996651376946823
0.9326995246434828,0.5207707707707707,0.8028028028028027,0.4982908069832743,0.4786054380243124,1.0
0.479859894921191,0.5668168168168167,0.6814314314314314,0.0,0.3210998133840278,0.4606432146781311
0.8826619964973732,0.8518518518518517,0.7592592592592592,0.445183738249298,0.4472591869124649,0.0
0.5203902927195397,0.5277777777777777,0.7527527527527527,0.5018016289655894,0.4951165913807838,0.4997854788356559
0.5208906680010009,0.5275275275275274,0.7525025025025025,0.5018766241693845,0.4950555487730436,0.4997261803024225
0.5248936702526896,0.7517517517517516,0.5968468468468469,1.0,0.6354082006383313,0.3532989169297312
0.3254941205904429,0.6711711711711711,0.1561561561561562,1.0,0.0,0.5701065629523694
0.4836127095321492,0.4997497497497496,0.8028028028028027,0.2603153286708408,1.0,0.2319933027538936
1.0000000000000002,1.0,0.1709209209209209,0.0,1.0,0.008652353628547
0.6624968726544911,0.4622122122122121,0.7685185185185185,0.4936969147321973,0.4885553830859654,0.9989012330606764
0.0,0.2237237237237236,0.0,0.4449238711477754,1.0,0.919087151403108
0.0,1.0,0.3593593593593593,0.0,0.5343216422205557,0.0
0.2616962722041532,0.7149649649649649,0.7494994994994995,0.4449395678183372,0.4850759544447738,0.0103162007080943
0.4671003252439331,0.5237737737737737,0.7962962962962963,0.439674206882118,0.9271761689659382,0.147142333920505
0.5206404803602703,0.5275275275275274,0.7522522522522521,0.5019080175105081,0.495177633988524,0.4997261803024225
0.5046284713535153,0.7332332332332332,0.4221721721721722,0.0,0.1461656521966619,0.6338821354448262
0.5128846634976234,0.7229729729729728,0.7617617617617617,0.0,0.289540785182343,0.5169855416223381
0.4991243432574432,0.7239739739739739,0.5848348348348348,0.0,0.219416781484905,0.7191586584578893
0.5103827870903179,0.7089589589589589,0.4854854854854855,0.1718192441181087,0.4262151839126568,0.5317875019620838
0.9992494370778086,0.5518018018018017,0.766016016016016,0.5004569475207981,0.5345047700437763,0.0
0.5203902927195397,0.5275275275275274,0.7522522522522521,0.5018609274988227,0.4952090273296475,0.499694786961299
0.5201401050788093,0.5277777777777777,0.752002002002002,0.5018766241693845,0.4952386765962642,0.4997104836318607
0.6404803602702028,0.3806306306306306,0.7847847847847848,0.0,0.7695938050473516,0.8256919615605978
0.5203902927195397,0.5272772772772771,0.7522522522522521,0.5018155815616443,0.4952229799257024,0.4997558295690392
0.4018013510132601,0.5140140140140139,0.7267267267267267,0.6653487276976472,0.0,0.8183215026945951
0.5771828871653741,0.6476476476476476,0.1263763763763764,0.0,0.8078692641749655,0.3527966234717547
0.8556417312984741,0.315065065065065,0.7427427427427427,0.5142525768700839,0.5149397422257879,0.0005336867991
0.5201401050788093,0.5277777777777777,0.7522522522522521,0.5018016289655894,0.4952386765962642,0.4996790902907372
0.4886164623467602,0.7530030030030028,0.5925925925925926,1.0,0.5982629017911645,0.477109022097424
0.5308981736302228,0.5045045045045045,0.6609109109109108,0.4017214015382737,0.0,0.961954758707292
1.0000000000000002,0.807057057057057,0.0,0.9998168721767792,0.1169890297713518,0.4171041386888048
0.5203902927195397,0.5277777777777777,0.7527527527527527,0.5017859322950277,0.4952386765962642,0.4997558295690392
0.5203902927195397,0.5275275275275274,0.7522522522522521,0.5018609274988227,0.4951462406474005,0.4996790902907372
0.8849136852639481,0.6626626626626626,0.0,0.998091982489492,0.0228456319653975,0.4940335211120219
0.1918939204403303,0.7407407407407406,0.0,0.565453372168059,0.4833196714163629,0.5201894064914453
0.7988491368526396,0.8578578578578577,0.931931931931932,0.0,1.0,0.9985960200219752
0.2912184138103578,0.5928428428428427,0.7725225225225225,0.514849050351431,0.4677241571759946,0.3456685909622059
0.23742807105329,0.9997497497497496,0.4059059059059059,0.0,0.4483736505223503,0.8009557528297608
0.5121341005754317,0.558058058058058,0.9029029029029028,0.4672968589218131,1.0,0.3309730191673788
0.4213159869902428,0.8128128128128127,0.6043543543543544,0.0,0.3870711756806251,0.4407886704920034
0.1240930698023518,0.6656656656656655,0.5933433433433433,0.5553202992831854,0.8540157315520519,0.4072309329054537
0.5046284713535153,0.6476476476476476,0.6979479479479479,0.3866281807558819,0.4853951200795298,0.0
0.5203902927195397,0.5275275275275274,0.7527527527527527,0.5018155815616443,0.495177633988524,0.4997401328984774
0.5439079309482113,0.7262262262262261,0.4917417417417417,1.0,0.7822156722535186,0.4880966914906605
0.1993995496622467,0.5525525525525524,0.7825325325325325,0.6576573591223818,0.8259518286621204,0.3935120428344699
0.6039529647235428,0.5955955955955955,0.5865865865865866,0.5892146432495596,0.0,0.8352303050386313
0.3199899924943709,1.0,0.0,0.0,1.0,1.0
0.6412309231923945,0.5352852852852852,0.6008508508508508,0.504517152972775,0.9919423757782933,0.5849259640371837
0.5301476107080312,0.4534534534534534,0.806056056056056,0.4560946683642325,1.0,0.1471580305910668
0.1778834125594196,1.0,0.5462962962962963,0.0,1.0,0.8909011632976961
0.5409056792594448,0.5125125125125124,0.7477477477477477,0.3791356366743987,0.0,1.0
0.5173880410307732,0.6656656656656655,0.7537537537537538,1.0,0.7173116835551214,0.4936829621361424
0.4465849387040281,0.844094094094094,0.6101101101101101,0.0,0.4103894518373825,0.4514554301759771
0.6609957468101078,0.4687187187187186,0.7404904904904904,0.4940945637197621,0.4738737638871932,0.018907511728901
0.3244933700275207,0.616116116116116,0.7842842842842842,0.4947206864677259,0.9622756684165548,0.3518495910145282
0.4898674005504129,0.777027027027027,0.6091091091091091,0.0,0.4088947799850009,0.5112614890908139
0.4678508881661247,0.5618118118118117,0.7565065065065064,0.5204335769224061,0.541036329071978,1.0
0.4758568926695022,0.4677177177177176,0.6391391391391391,0.4400858084657376,0.0,0.7985890437239478
0.7568176132099076,0.7612612612612611,0.6906906906906907,0.4529047560911802,0.4816104783996372,1.0
0.5206404803602703,0.5275275275275274,0.752002002002002,0.5018469749027679,0.4951619373179622,0.4996494410241205
0.6257192894671004,0.4431931931931931,0.6704204204204204,0.4938189999476777,0.0,0.8104470062961089
0.8198648986740057,1.0,0.6839339339339339,0.0,0.7643755341228178,1.0
0.5251438578934202,0.4894894894894894,0.7247247247247247,0.4042694943928004,1.0,0.0693444023928702
0.5641731298473857,0.6166166166166165,0.75,0.4811692275494009,0.4523867659626419,0.0
0.4971228421315988,0.6776776776776776,0.6158658658658658,1.0,1.0,0.4085738702757382
0.4178133600200151,0.7252252252252251,1.0,0.000151734482097,0.2098801820813785,0.5068978146746429
0.4813610207655743,0.5760760760760759,0.4997497497497497,0.6394056194080611,0.0,0.7756980658213719
0.5026269702276709,0.6396396396396395,0.6128628628628628,0.0,0.3492544081483161,0.4916982053473324
0.5206404803602703,0.5275275275275274,0.7525025025025025,0.5018469749027679,0.4952683258628809,0.4996790902907372
0.5201401050788093,0.5272772772772771,0.7522522522522521,0.5018469749027679,0.4952386765962642,0.4997104836318607
0.5203902927195397,0.5277777777777777,0.7525025025025025,0.5018312782322061,0.4951619373179622,0.4997261803024225
0.4178133600200151,0.5928428428428427,0.6524024024024023,0.6418176744510525,0.5402881211085337,1.0
0.2001501125844384,0.4922422422422421,0.5472972972972973,0.5901913249734029,0.3364215079268187,0.634965205713588
0.4530898173630224,0.8295795795795795,0.7262262262262262,0.0,0.2418054659295045,0.4822679944887245
0.5203902927195397,0.5277777777777777,0.7530030030030029,0.5018766241693845,0.4952090273296475,0.4997401328984774
0.5203902927195397,0.5275275275275274,0.7527527527527527,0.5017702356244659,0.4952090273296475,0.4998011755062176
0.5203902927195397,0.5275275275275274,0.7525025025025025,0.5018016289655894,0.4952229799257024,0.4997104836318607
0.4993745308981737,0.7510010010010009,0.7572572572572571,0.0,0.4135479707693112,0.5639412595706088
0.5203902927195397,0.5275275275275274,0.752002002002002,0.5018312782322061,0.4951619373179622,0.4997558295690392
0.4605954465849388,0.4819819819819819,0.6611611611611611,0.6749638104539826,0.0,0.8056089436140712
0.3690267700775582,0.5805805805805805,0.7740240240240239,0.6444268099133195,0.3764044159966513,0.4290370964647609
0.5649236927695773,0.7374874874874874,1.0,0.4559272372115737,0.9973141252594312,1.0
0.0985739304478359,0.6729229229229228,0.724974974974975,0.4480370441425257,0.4679072849992152,0.989973315660045
0.1551163372529397,0.5838338338338337,0.7142142142142142,0.5909691822034637,0.5486823517100651,0.0065769049653801
0.581185889417063,0.5973473473473473,0.8095595595595595,0.4766206812355024,0.4336920313235781,0.0
0.5201401050788093,0.5275275275275274,0.7525025025025025,0.5017859322950277,0.4951322880513455,0.4997401328984774
0.5361521140855643,0.4697197197197196,0.6223723723723723,0.4545075605629872,0.0,0.7941800233705985
0.4943707780835628,0.8053053053053052,0.8956456456456456,0.0,0.4135950607809965,0.4108324467621257
0.5211408556417314,0.5282782782782782,0.7557557557557557,0.5019533634476865,0.4950258995064269,0.4997401328984774
0.6925193895421567,0.6308808808808808,0.6376376376376376,0.7098801820813785,0.3552365837068559,0.6354082006383313
0.998999249437078,0.6026026026026025,0.3338338338338338,1.0,0.5440884594589881,0.0891518565673125
0.5591693770327747,0.6008508508508508,0.7294794794794794,0.683433036259309,0.4017824441460139,0.4988715837940596
0.464348261195897,0.7492492492492491,0.6456456456456456,1.0,0.6923156077227619,0.3974780682630762
0.5519139354515888,0.6236236236236236,0.6366366366366366,0.0,0.3745870903605002,0.4873955735389015
0.4073054791093321,0.7667667667667666,0.6636636636636637,0.533222875281232,0.4851962955857474,1.0
0.516387290467851,0.4869869869869869,0.7897897897897898,0.5520989936690095,1.0,0.1717285522437519
0.4956217162872155,0.5027527527527527,0.7737737737737738,0.2685264314491515,0.4906308317491323,0.4378429286499119
0.3402551913935452,0.5995995995995995,0.7517517517517517,0.4852887315346111,0.4591781920923662,0.0034951253117533
0.5201401050788093,0.5275275275275274,0.7522522522522521,0.5018609274988227,0.4952386765962642,0.499694786961299
0.3009757317988492,0.6128628628628627,0.7452452452452452,0.5773706332734534,0.5419362715175192,0.5958979367598584
0.4150612959719791,0.5868368368368367,0.7605105105105104,0.5154751730993948,0.5203725343146659,0.8680258820656819
0.5203902927195397,0.5272772772772771,0.7530030030030029,0.5017859322950277,0.495177633988524,0.4997104836318607
0.4220665499124344,0.5588088088088087,0.6784284284284283,0.0,0.1883164448785252,0.4430315503078291
0.229171878909182,0.7705205205205203,0.7402402402402402,0.6367668346791775,0.5202051031620071,1.0
0.6157117838378785,0.5573073073073073,0.7682682682682682,0.3570992552801856,0.9999703507333833,0.3534210021452116
0.9829872404303228,0.5555555555555555,1.0,0.9714477562481468,0.0,1.0
0.5619214410808108,0.5508008008008007,0.7037037037037036,0.9980623332228752,0.5850323525821023,0.4828313305544413
0.6842631973980486,0.4804804804804804,0.7392392392392392,0.4748504456110365,0.468456668468877,0.0
0.5206404803602703,0.5275275275275274,0.7517517517517517,0.5018923208399463,0.495254373266826,0.4997854788356559
0.0030022516887666,0.889139139139139,0.6929429429429429,0.4153949456720791,0.4562777961874531,0.3554057589340216
0.2221666249687266,0.5585585585585585,0.6003503503503503,0.0,0.0289045468022393,0.5361668730488166
0.3134851138353766,0.5615615615615615,0.8761261261261261,0.5414322339850358,0.8074402218462773,0.3690025637895251
0.5168876657493121,0.6223723723723723,0.7615115115115114,1.0,0.6468074716151874,0.5052200149990408
0.5444083062296724,0.4857357357357356,0.7905405405405405,0.3474091773200551,1.0,0.183279557702705
0.4966224668501377,0.4862362362362361,0.746996996996997,0.0,0.4768195057292848,0.4987024085668939
0.5256442331748813,0.4607107107107106,0.6794294294294294,0.5561748957915482,0.5300783089453581,0.491576120131852
0.3917938453840381,0.5805805805805805,0.7084584584584583,0.0,0.1996860665887647,0.5208608751765875
0.4823617713284965,0.7352352352352352,0.518018018018018,0.9262919231909588,0.6599019830127143,0.5949822976437553
0.7803352514385791,0.6248748748748748,0.5788288288288288,0.5270122259622931,0.5829569039189354,0.615599002389382
0.5201401050788093,0.5272772772772771,0.7517517517517517,0.5017859322950277,0.4952229799257024,0.4996494410241205
0.636477358018514,0.5460460460460459,0.7104604604604604,0.5311160332769416,0.8695205539180634,0.5033416467551494
0.4083062296722543,0.6038538538538537,0.7117117117117117,0.4689746585974153,0.5293457976524757,1.0
0.4761070803102328,0.8233233233233233,0.908158158158158,0.0,0.240767741597921,0.495711320787624
0.5203902927195397,0.5285285285285284,0.7530030030030029,0.5019219701065629,0.4951165913807838,0.499694786961299
0.5206404803602703,0.5277777777777777,0.7527527527527527,0.5018469749027679,0.4950712454436053,0.4997261803024225
0.3542656992744559,0.5292792792792792,0.848098098098098,0.5664910964996425,0.5299265744632611,0.5166803285836371
0.3420065048786591,0.5963463463463462,0.887137137137137,0.5572736627308719,1.0,0.3170396079320509
0.2769577182887166,1.0,0.6856856856856857,0.0,0.4551493799815128,0.9408497130997436
0.4898674005504129,0.5350350350350349,0.7822822822822822,0.1468842108934893,0.4580637284824808,0.4606118213370075
0.3532649487115338,0.5963463463463462,0.7625125125125125,0.3818372080855294,0.4557598060589148,0.0
0.4330748061045785,0.4924924924924924,0.7432432432432432,0.6712698606484468,0.2245304079390271,0.6410398172209917
0.4713535151363524,0.4897397397397396,0.7677677677677677,0.2934021661405375,1.0,0.0958822400892966
0.4856142106579936,0.6303803803803802,1.0,0.0,0.5350088075762597,0.2639935818058148
0.5051288466349764,0.6861861861861861,0.4627127127127127,0.341671172192476,0.4552714651969932,0.5064251704832831
0.2842131598699025,0.7044544544544543,0.6946946946946947,0.6197045537785374,0.5768979890820936,0.9455953398329175
0.4550913184888668,0.6366366366366365,0.8433433433433433,0.9983518495910144,0.6487451383923122,0.398180930289342
0.5208906680010009,0.5275275275275274,0.7527527527527527,0.5018469749027679,0.4951322880513455,0.4996651376946823
0.2489367025268952,0.6286286286286286,0.7975475475475475,0.5408532012487574,0.8568864781903482,0.3130875350994995
0.5208906680010009,0.4134134134134133,0.5695695695695695,0.5909831347995187,0.0,0.7575998046636552
0.6795096322241683,1.0,1.0,0.0,1.0,0.4589183249908436
0.4893670252689518,0.7610110110110109,0.5295295295295295,1.0,0.7983762666341105,0.4303660812389905
0.4866149612209158,0.5648148148148147,0.7775275275275275,0.8314317107626837,0.547308020998657,0.5166646319130753
0.5203902927195397,0.5277777777777777,0.7527527527527527,0.5017859322950277,0.4951322880513455,0.4997401328984774
1.0000000000000002,0.5675675675675674,0.0,0.4837016237333659,0.0620646354012243,0.0964787135706437
0.4603452589442083,0.4707207207207206,0.6529029029029029,0.5986448541081675,0.0,0.8869490904651447
0.8136102076557419,0.5262762762762762,0.7702702702702702,0.4862497165878926,0.4670526884908523,1.0
0.5449086815111335,0.379129129129129,1.0,0.0205399654673247,1.0,0.0678340338699269
0.4590943207405555,0.8103103103103102,0.5705705705705706,0.0,0.3066623646162164,0.4389120463226189
0.4358268701526145,0.5658158158158157,0.819069069069069,0.4791844707605909,0.8691856916127456,0.3874688246681898
0.6359769827370529,0.6969469469469468,0.7802802802802802,0.526110539442245,0.5174128398765195,1.0
0.5151363522641983,0.847097097097097,0.5773273273273273,1.0,0.683433036259309,0.3599682578439751
0.5201401050788093,0.5275275275275274,0.752002002002002,0.5018312782322061,0.4951619373179622,0.4997558295690392
0.5941956467350514,0.5272772772772771,0.019019019019019,0.9967490451192076,0.3679944887245583,0.989805884507386
0.5456592444333251,0.4657157157157156,0.622122122122122,0.5402113818302318,0.0,0.8405724052531525
0.3462596947710784,0.6594094094094093,0.7622622622622621,0.4759492125503601,0.485838115004273,0.2757137624919337
0.2024018013510133,0.797047047047047,0.7680180180180181,0.4182186022986902,0.4697682124980379,0.0
0.0,0.9589589589589588,0.4106606606606606,0.0,0.3527338367895076,0.0
0.5043782837127847,0.5350350350350349,0.7792792792792792,0.0,0.4959101452814064,0.4736749393934109
0.5206404803602703,0.5277777777777777,0.7535035035035034,0.5018766241693845,0.4950712454436053,0.499694786961299
0.4568426319739806,0.6086086086086085,0.6656656656656657,0.0,0.3891309276732302,0.3554214556045834
0.6377282962221668,0.8978978978978978,0.27002002002002,0.0,1.0,0.2173116835551214
0.4758568926695022,0.751251251251251,0.0,1.0,0.3259675253326822,0.5329316148385859
0.0,0.4817317317317316,1.0,0.4670212951497288,0.0014493259152031,0.4030346896419415
0.4255691768826621,0.7489989989989989,0.7164664664664664,1.0,0.6357134136770323,0.4594066658527652
0.4408306229672255,0.5195195195195195,0.6639139139139139,0.3348500967961351,0.0,0.8243193749236968
0.5361521140855643,0.601101101101101,0.7069569569569569,0.4797792001674311,0.3782810401660359,0.0
0.0,0.865115115115115,0.776026026026026,0.5626297155414479,0.5159931632279331,0.9972373859811292
0.2006504878658995,0.8846346346346345,1.0,0.0,0.6561155972583148,1.0
0.5096322241681263,0.8205705705705704,0.5740740740740741,1.0,0.7328775485288732,0.3592357465510927
0.4580935701776333,0.4359359359359358,0.6363863863863863,0.0,0.5926016359418874,0.4470603624186825
0.0,0.8193193193193191,0.2712712712712712,0.0,0.0,0.0290248879432129
1.0000000000000002,0.4762262262262261,1.0,0.253403561400143,1.0,0.9807872752323978
0.5206404803602703,0.5275275275275274,0.7522522522522521,0.5018155815616443,0.4952090273296475,0.4997261803024225
0.5056292219164374,0.4647147147147146,0.7675175175175175,0.5206167047456267,0.5379074594066658,1.0
0.6024518388791595,0.8473473473473472,0.5698198198198198,0.3193452744301236,0.4519594677084605,0.0
0.5206404803602703,0.5277777777777777,0.7527527527527527,0.5018469749027679,0.4951933306590858,0.4997401328984774
0.4425819364523394,0.5367867867867867,0.6656656656656657,0.528172035509357,0.0,0.6806861189109998
0.6997748311233427,0.5915915915915915,0.5152652652652653,0.519442942602508,0.6634564068577009,0.5179622233461814
0.5206404803602703,0.5277777777777777,0.7530030030030029,0.5018766241693845,0.4951322880513455,0.4997104836318607
0.5183887915936954,0.646146146146146,0.7489989989989989,0.5942340896803111,0.6588014719988838,1.0
0.6755066299724795,0.5773273273273272,0.4609609609609609,0.6183616164082529,0.4443901843486754,0.5331147426618065
0.3975481611208407,0.8048048048048047,0.700950950950951,0.0,0.2689380330327712,0.5215026945951131
0.5201401050788093,0.5275275275275274,0.7525025025025025,0.5018155815616443,0.4952229799257024,0.4997104836318607
0.5203902927195397,0.5275275275275274,0.7525025025025025,0.5018312782322061,0.4952386765962642,0.4997401328984774
0.1973980485364024,1.0,0.018018018018018,0.0,0.4290231438687061,0.0
0.3705278959219416,0.607107107107107,0.7322322322322322,0.4648394579416433,0.5036468597938504,0.9522803774177232
0.5201401050788093,0.5275275275275274,0.7522522522522521,0.5018609274988227,0.4951462406474005,0.4997715262396009
0.5091318488866652,0.4512012012012011,0.7525025025025025,0.7879222840399742,0.507736714512444,0.5101941154926138
0.4741055791843884,0.5357857857857857,0.7757757757757757,0.0174878350803146,0.6206969321729424,0.3632488619913843
0.5536652489367027,0.5865865865865865,0.7932932932932932,0.5283691159286324,0.5484224846085425,1.0
0.5248936702526896,0.5785785785785784,0.7572572572572571,0.5589061164692956,0.5670247832987425,1.0
0.5206404803602703,0.5272772772772771,0.7522522522522521,0.5018312782322061,0.4951619373179622,0.4997715262396009
0.592194145609207,0.7204704704704703,0.8093093093093093,0.5340460784484713,0.5216090831400317,1.0
0.4831123342506881,0.8413413413413412,0.1118618618618618,1.0,0.0,0.4482812145734866
0.3747810858143608,0.6751751751751751,0.7457457457457457,0.4108620960287423,0.4951462406474005,0.0
0.0,1.0,0.1601601601601602,0.0,0.6664021486997924,0.3854387219422013
0.8371278458844135,0.4154154154154153,0.7510010010010009,0.497467603816035,0.5042276366046358,0.0
0.5203902927195397,0.5277777777777777,0.7527527527527527,0.5018469749027679,0.495177633988524,0.499694786961299
0.4005504128096073,0.871121121121121,0.0,0.1376964263913354,0.6589706472260495,0.455515635627954
0.3032274205654242,0.7227227227227226,0.7677677677677677,0.4617716308840713,0.5010377243315834,0.0
0.0,0.8160660660660659,0.4674674674674675,0.0,0.0864816784973054,0.6752690234926836
0.7325494120590444,0.3981481481481481,0.745995995995996,0.5105446744684933,0.5232118876118388,0.9986570626297157
0.5168876657493121,0.5067567567567567,0.7437437437437437,0.4949945061653034,0.505432792088878,1.0
0.510883162371779,0.6909409409409408,0.7817817817817817,0.0,0.514467098034428,0.4481137834208277
0.6717538153615213,0.5412912912912912,0.6331331331331331,0.6363848823621745,0.0114463609885414,0.8803861380958194
0.2884663497623219,0.4937437437437436,0.0,0.6114184557964316,0.5789437884786438,0.6345693008005302
0.5221416062046537,0.4797297297297296,0.7630130130130129,0.0,0.1782444146013918,0.4997715262396009
0.5076307230422819,0.7009509509509508,0.7109609609609608,0.0,0.2726930254460471,0.5097354238973089
0.5206404803602703,0.5272772772772771,0.7527527527527527,0.5018312782322061,0.4951462406474005,0.4997401328984774
0.550162621966475,0.4159159159159158,0.6323823823823823,0.3925196644400649,0.0,0.894120724837365
0.0350262697022767,0.8938938938938937,0.0,0.0201597572248287,0.5229520205103162,0.0
0.3642732049036778,0.5450450450450449,0.6646646646646646,0.578089191970281,0.3529483579538518,0.5919755131939236
0.4958719039279461,0.7612612612612611,0.5122622622622622,0.001374330711408,0.4247955072640703,0.4314334548371906
0.4315736802601952,0.8393393393393391,0.0,0.1845318031986326,1.0,1.0
0.3502626970227672,0.593093093093093,0.8298298298298297,0.606732127596491,0.5424560057205644,0.4055060432181663
0.7488116087065301,0.6126126126126126,0.7162162162162162,0.4690060519385388,0.6045956363255838,0.4352180965170832
0.3972979734801102,0.5513013013013012,0.8268268268268267,0.4482812145734866,1.0,0.2054380243123986
0.451088316237178,0.7580080080080078,0.6201201201201201,0.0,0.2565777770026335,0.4778711826569231
0.3099824868651489,0.6108608608608608,0.9259259259259258,0.5925859392713256,0.5198231508450041,0.4733086837469696
0.5701776332249189,0.4747247247247246,0.7882882882882882,0.4946596438599857,0.4540052671050107,0.061623384550988
0.3367525644233176,0.5850850850850849,0.6994494494494494,0.6265099325043166,0.582683084221358,0.510103423618257
0.2581936452339255,0.5983483483483483,0.8528528528528527,0.3973716797181575,1.0,0.1553534366988157
1.0000000000000002,0.7645145145145145,0.4864864864864864,1.0,0.0,0.0257599804663655
0.5221416062046537,0.6964464464464464,0.4729729729729729,1.0,0.5460714721732912,0.5315886774683014
1.0000000000000002,0.9967467467467466,1.0,0.2909447651603676,0.6084116713465999,0.5701379562934928
0.6855141356017014,0.567067067067067,0.0,0.4578352547220817,0.5791408688979194,0.4837626663411061
0.3997998498874157,0.5815815815815815,0.837087087087087,0.5084692258053264,0.817941294452099,0.2786438076634634
0.5664248186139607,0.5262762762762762,0.7730230230230231,0.5426234368732232,0.5271325671032666,0.2334112353279732
0.5201401050788093,0.5275275275275274,0.752002002002002,0.5018016289655894,0.4951619373179622,0.4997715262396009
0.5519139354515888,0.3333333333333332,0.7540040040040039,0.1063065734168163,1.0,1.0
0.508631473605204,0.5240240240240239,0.6819319319319319,0.4541116556499294,0.0,0.8375813174738824
0.5206404803602703,0.5275275275275274,0.7527527527527527,0.5018766241693845,0.4951933306590858,0.499694786961299
0.8203652739554668,0.2302302302302302,0.761011011011011,0.5134904163105848,0.4667474754521513,0.7815895495055549
0.4190642982236678,0.3916416416416415,0.7329829829829829,0.5121788722814239,1.0,0.9161431536355232
0.4470853139854892,0.8383383383383383,0.5968468468468469,1.0,0.5589828557475975,0.5117201806861189
1.0000000000000002,0.5342842842842842,1.0,0.9927516263494776,0.0,0.3629436489526833
0.4385789342006506,0.8080580580580579,0.6639139139139139,1.0,0.8261663498264646,0.4288696653121021
0.4806104578433827,0.5457957957957957,0.8353353353353352,0.4023771735528542,1.0,0.2415455988279819
0.4493370027520642,0.7735235235235234,0.6473973973973973,0.0,0.3652179221096325,0.5529239409107557
0.7005253940455343,0.4349349349349348,0.752002002002002,0.4674032474667318,0.4362418682526117,0.8172994750335734
0.5359019264448338,0.5745745745745745,0.7054554554554554,0.4641522925859392,0.5068524687374645,0.4579573399375621
0.5048786589942458,0.6223723723723723,0.7122122122122121,0.0,0.2844899454104679,0.5158867746830145
0.5969477107830875,0.5042542542542542,0.7690190190190189,0.5207998325688473,0.4749114882187767,0.680823900797042
0.4891168376282213,0.6804304304304303,0.4507007007007007,0.4879292603380016,0.4908732581055863,0.5303085267802641
0.6484863647735803,0.5135135135135134,0.7567567567567567,0.4931178819959189,0.4885396864154037,1.0
0.5203902927195397,0.5275275275275274,0.7522522522522521,0.5018016289655894,0.495254373266826,0.4998325688473412
0.5203902927195397,0.5277777777777777,0.7530030030030029,0.5018766241693845,0.4951933306590858,0.4997558295690392
0.957468101075807,0.7985485485485484,1.0,1.0,0.3359785130020755,0.0002755637720843
0.5919439579684765,0.6098598598598598,0.4937437437437437,0.5302160908314003,0.0,0.592097598409404
0.2722041531148362,0.7109609609609608,0.7927927927927927,0.6441669428117969,0.5267366621902088,1.0
0.5091318488866652,0.4016516516516515,0.7990490490490489,0.3931911331252071,0.3671259396201405,0.5074628948148665
0.4943707780835628,0.6721721721721721,0.826076076076076,1.0,0.6881036677886879,0.4928894082355198
0.5203902927195397,0.5277777777777777,0.7527527527527527,0.5018469749027679,0.4950851980396603,0.499694786961299
0.4831123342506881,0.5945945945945945,0.7427427427427427,0.4415054851143241,0.376205591502869,0.0
0.4961220915686766,0.3851351351351351,0.8428428428428427,0.0105917644801785,0.4373092418508119,0.5243106545511624
0.5198899174380787,0.5277777777777777,0.752002002002002,0.5018923208399463,0.4952229799257024,0.4996337443535588
0.0820615461596198,0.954204204204204,0.3203203203203203,0.0,0.0112318398241972,0.1606484469016516
0.5203902927195397,0.5275275275275274,0.7527527527527527,0.5018923208399463,0.4951933306590858,0.4997104836318607
0.5203902927195397,0.5272772772772771,0.7527527527527527,0.5018016289655894,0.4952386765962642,0.4997401328984774
0.4856142106579936,0.7047047047047046,0.4882382382382382,0.9721035282627272,0.7266215532727558,0.4881577340984007
0.4258193645233926,0.4574574574574573,0.6551551551551551,0.4681043654184906,0.546087168843853,0.4752167012574777
0.6104578433825371,0.4894894894894894,0.6706706706706707,0.4154559882798193,0.0,1.0
0.4813610207655743,0.6103603603603602,0.7680180180180181,1.0,0.6107312904407276,0.4885553830859654
0.2451838879159371,1.0,0.0,0.0,0.990737220294051,0.5245548249821232
0.4088066049537154,0.5803303303303302,0.9354354354354354,0.5353122765404538,0.6865305125834975,0.2873118579625722
0.5206404803602703,0.5277777777777777,0.7530030030030029,0.5019533634476865,0.4951619373179622,0.4998168721767794
0.5203902927195397,0.527027027027027,0.7522522522522521,0.5018923208399463,0.4952090273296475,0.4997715262396009
0.5316487365524144,0.612112112112112,0.4399399399399399,0.8314160140921221,0.7431937492369673,0.484221357936411
0.5123842882161622,0.8073073073073072,0.5605605605605606,1.0,0.7199522123585119,0.4359663044805274
0.5731798849136854,0.4637137137137136,0.6256256256256256,0.5046235415176936,0.0,0.9044840155571444
0.4788591443582688,0.7765265265265264,0.5425425425425425,0.9994959624675166,0.6140572405253153,0.6559028201684776
0.4638478859144359,0.7279779779779778,0.7917917917917918,1.0,0.7898913441582225,0.4705931597397841
0.5201401050788093,0.5277777777777777,0.7525025025025025,0.5018766241693845,0.4951462406474005,0.499694786961299
0.5504128096072055,0.632132132132132,0.7667667667667667,0.5241414793239967,0.5231508450040986,1.0
0.4888666499874907,0.5222722722722721,0.7772772772772771,0.4825714634529187,0.439049828208661,0.0
1.0000000000000002,1.0,0.0,0.0712524199033783,0.666508537244711,0.0430664317979663
0.5821866399799851,0.4959959959959959,0.3796296296296296,0.2088721070164117,0.5517187854265134,0.6548337024957707
0.2807105328996748,0.6654154154154153,0.8355855855855856,0.5785914854282574,0.8455622024172873,0.4013551458918325
0.0045033775331498,0.8285785785785784,0.7322322322322322,0.3688490852329211,0.4476097458883443,0.0
0.625969477107831,1.0,0.0392892892892893,0.0,1.0,0.633744353558784
0.4863647735801852,0.5255255255255254,0.7479979979979979,0.5571812267820081,0.420689955874915,0.4807872752323979
0.5201401050788093,0.5275275275275274,0.7522522522522521,0.5018155815616443,0.4951322880513455,0.4997104836318607
0.2882161621215913,1.0,0.0025025025025025,1.0,0.2704187522890978,0.3950677572945916
0.3782837127845885,0.6336336336336336,0.8688688688688688,0.5135218096517083,0.7734255367389296,0.2601792908593055
0.5206404803602703,0.5277777777777777,0.7530030030030029,0.5018609274988227,0.4951933306590858,0.4997401328984774
1.0000000000000002,0.4134134134134133,0.1128628628628629,1.0,0.0,0.3715506566440518
0.5206404803602703,0.5275275275275274,0.7525025025025025,0.5018469749027679,0.4951619373179622,0.4996651376946823
0.5206404803602703,0.5275275275275274,0.7530030030030029,0.5018923208399463,0.4951933306590858,0.4997715262396009
0.5206404803602703,0.5275275275275274,0.7522522522522521,0.5018469749027679,0.4951933306590858,0.4996494410241205
0.4963722792094072,0.7082082082082081,0.6088588588588588,0.9472277935713412,0.6193993407398364,0.4958491026736662
0.0,0.2404904904904904,1.0,0.8937405165948689,1.0,0.9963688368767114
0.5098824118088567,0.9632132132132132,1.0,0.0,0.4839004482271483,0.9811692275494008
0.5361521140855643,0.7247247247247246,0.5032532532532532,0.0,0.4027591258698572,0.4535012295725273
1.0000000000000002,1.0,1.0,1.0,0.0004883408619216,0.5291469731586933
0.5243932949712286,0.7712712712712712,0.4469469469469469,1.0,0.7201963827894727,0.4869525786141584
1.0000000000000002,0.8223223223223222,0.0,0.269564155780735,0.4684863177354936,0.3928091808082041
0.4986239679759821,0.6969469469469468,0.5027527527527528,0.9985349774142352,0.6783368505502555,0.5420583567329996
0.4320740555416563,0.7645145145145145,0.6096096096096095,0.0,0.3550395032875805,0.5388387951933307
0.5128846634976234,0.4331831831831831,0.7582582582582582,0.3144758184069623,0.4466487608350629,0.5014039799780247
0.0,1.0,0.5305305305305305,0.0,0.4661056560336257,0.0582189511135916
0.5206404803602703,0.5275275275275274,0.7525025025025025,0.5018923208399463,0.495177633988524,0.4997558295690392
0.6795096322241683,0.8018018018018017,0.7172172172172171,0.482847027225003,0.5152449552644889,1.0
0.5824368276207157,0.5317817817817817,0.776026026026026,0.5757085302684131,0.0,0.8787536843573958
0.609957468101076,0.5100100100100099,0.7439939939939939,0.4982594136421508,0.491958072448855,0.9758567766014964
0.3164873655241432,0.5477977977977977,0.7434934934934935,0.3731534611158589,0.3295236932521758,0.0
0.250187640730548,0.5257757757757757,0.6601601601601601,0.6150967089314056,0.3925650103772433,0.5792019115056595
0.4696022016512385,0.6839339339339339,0.4752252252252252,0.8833475766084727,0.5892896384533547,0.6247553935504124
0.440580435326495,0.6006006006006005,0.9479479479479478,0.5209986570626297,1.0,0.1131572980797739
0.7945959469602204,0.5908408408408408,1.0,0.0,1.0,0.406451331600886
0.714535901926445,0.4637137137137136,0.664914914914915,0.4143572213404957,0.9207213492160384,0.4097476324188569
0.6239679759819866,0.6216216216216215,0.535035035035035,0.568826412264332,0.0819802221950921,0.6277325287336275
0.4275706780085065,0.7152152152152151,0.6896896896896896,0.0,0.3992953938992274,0.5270872211660882
0.0,1.0,0.0,0.0054938346966182,0.0316654167466034,0.0
0.349762321741306,0.5080080080080079,0.7037037037037036,0.4975582956903919,1.0,0.2541971153007656
0.4043032274205655,0.5315315315315314,0.7084584584584583,0.565071419851056,0.0,0.6264645865671381
0.4390793094821117,0.4494494494494493,0.7147147147147146,0.5968903151542634,0.0,0.7822453215201353
1.0000000000000002,0.0040040040040039,0.812062062062062,0.5338019080175105,0.4843277464813297,0.1325391980745417
0.5203902927195397,0.5275275275275274,0.752002002002002,0.5019080175105081,0.495177633988524,0.4997261803024225
0.6082061546159621,0.4887387387387386,0.6619119119119119,0.4829377190993599,0.0,0.6919946980134991
0.526394796097073,0.4314314314314313,0.8043043043043043,0.582606344943056,0.541723494427682,0.5106214137467953
0.3600200150112586,0.5800800800800799,0.9084084084084084,0.5739382946439472,0.4823743830336432,0.4586741545598828
0.5116337252939707,0.6283783783783783,0.7535035035035034,1.0,0.6170186790379685,0.55121474789403
0.0587940955716788,0.8708708708708708,0.1078578578578579,1.0,0.5222648551546122,0.1210317944782601
0.4400800600450339,0.5795795795795795,0.73998998998999,0.5771125102464377,0.6137223782199975,1.0
0.6269702276707532,0.6636636636636636,0.5583083083083082,0.503601513856672,0.0,0.6740481713378795
0.6847635726795098,0.4639639639639639,0.7472472472472472,0.5018016289655894,0.4958177093325427,0.8844916894849748
0.0,1.0,0.0,0.0065926016359419,0.2486265413258454,0.1763520937614455
0.4585939454590944,0.7207207207207206,0.4784784784784784,1.0,0.7595078221741633,0.4429862043706507
0.3877908431323493,0.622122122122122,0.7617617617617617,0.5017859322950277,0.5108359349111394,0.4937283080733209
0.5206404803602703,0.5285285285285284,0.7525025025025025,0.5018469749027679,0.4951933306590858,0.4997558295690392
0.3635226419814862,0.5215215215215214,0.6879379379379379,0.5240664841202016,0.6268918848213195,0.517458185813698
0.4140605454090569,0.518018018018018,0.7464964964964964,0.5240664841202016,1.0,0.3214346756893455
0.1421065799349513,1.0,0.1904404404404404,1.0,0.0,0.5326734918115702
0.5206404803602703,0.5272772772772771,0.7525025025025025,0.5018016289655894,0.4952229799257024,0.4997261803024225
0.8904178133600202,0.7444944944944943,0.7502502502502502,0.578546139491079,0.6304323560702513,1.0
0.6960220165123845,0.4301801801801801,0.0,0.3796239775363204,0.9451383923121196,0.0
0.5201401050788093,0.5275275275275274,0.7525025025025025,0.5018469749027679,0.4951322880513455,0.4997715262396009
1.0000000000000002,0.9697197197197196,1.0,0.559943840800879,0.3542616460575196,0.3229607408828505
0.4618463847885916,0.7797797797797796,0.5167667667667667,0.996246751661231,0.574869630430612,0.6552313514833353
0.649236927695772,0.4964964964964964,0.0,0.8558784031253814,0.9984128921987548,0.0059821755585399
0.6780085063797849,0.646146146146146,0.7432432432432432,0.4704239845126183,1.0,0.3552836737185413
0.4035526644983739,0.507007007007007,0.7687687687687688,0.4828923731621815,1.0,0.2980257076582311
0.3892919689767327,0.5317817817817817,0.6669169169169169,0.6548337024957707,0.1239775363203516,0.6861799536076181
0.5063797848386291,0.5145145145145145,0.7272272272272272,0.5327955770270506,0.0,0.7439419572004116
0.0,0.996246246246246,1.0,0.0,0.6632122364267401,1.0
0.4613460095071304,0.8823823823823822,0.8813813813813813,0.9987181052374556,1.0,0.3320874827772643
0.725043782837128,0.4679679679679679,0.6914414414414414,0.5320473690636064,0.4722256134782078,1.0
0.4648486364773581,0.7647647647647646,0.7002002002002001,0.6869735075082407,0.5402584718419171,1.0
0.0427820865649237,0.7269769769769768,0.8003003003003002,0.5484521338751591,0.5064548197498997,0.8071664021486997
0.5349011758819116,0.5035035035035034,0.3355855855855856,0.3645778467656138,0.5245844742487399,0.5830493398677992
0.0985739304478359,0.7097097097097096,0.7932932932932932,0.5319706297853044,0.5038910302248112,0.7584387045014562
0.1811358518889168,0.7975475475475474,0.0,0.6231543331531123,0.6950468284005092,0.0
0.0,0.5910910910910909,1.0,0.1370092610356315,0.0081797094371871,0.0094005615919912
0.5233925444083064,0.5215215215215214,0.7977977977977977,0.0918080820412648,0.4319078431030573,0.4550412473620873
0.5283962972229174,0.6023523523523522,0.7590090090090089,0.5059054362802379,0.4858834609414514,0.0
0.4786089567175383,0.7419919919919918,0.5087587587587588,0.8796082808657586,0.6226502956206289,0.6378342082773776
0.5879409557167877,0.5865865865865865,0.7552552552552552,0.4824040323002598,0.4200498805308963,0.0
0.5208906680010009,0.528028028028028,0.7530030030030029,0.5018609274988227,0.4951322880513455,0.4998011755062176
0.6219664748561422,0.5387887887887887,0.3145645645645646,0.9253152414671156,0.7643912307933795,0.7420635889565202
0.5203902927195397,0.5277777777777777,0.752002002002002,0.5018609274988227,0.4952090273296475,0.4997854788356559
0.5206404803602703,0.5275275275275274,0.7525025025025025,0.5018469749027679,0.4952683258628809,0.4997715262396009
0.4681010758068553,0.4602102102102101,0.6866866866866866,0.638414985088163,0.0,0.9666864328444112
0.4193144858643984,0.9599599599599598,0.8135635635635635,0.0,0.4253605874042939,0.6481957549226502
0.2439329497122843,0.834084084084084,0.5145145145145145,1.0,1.0,0.2514501979524565
1.0000000000000002,0.7977977977977977,1.0,0.005432792088878,0.9309311613792142,0.8438687060711233
0.9712284213159872,1.0,0.0,0.0,1.0,0.3375202748661423
0.4508381285964474,0.3163163163163163,0.9386886886886886,0.277911296370581,0.7005406630971275,0.3936794739871287
0.3385038779084314,0.7975475475475474,0.9559559559559558,0.0,0.9049566597485044,0.3857892809180808
0.5203902927195397,0.5275275275275274,0.7525025025025025,0.5017702356244659,0.4951933306590858,0.4997104836318607
0.5203902927195397,0.5277777777777777,0.7522522522522521,0.5018766241693845,0.4951933306590858,0.4997104836318607
0.4525894420815612,0.6373873873873873,0.7179679679679679,1.0,0.5375569004307864,0.5393114393846905
0.5594195646735053,0.5182682682682682,0.6156156156156156,0.6386731081151786,0.0,0.8556656260355442
0.3197398048536403,0.6458958958958958,0.7715215215215214,0.4852730348640494,0.5080122782845283,0.2204702024870502
0.9141856392294224,0.4779779779779779,0.7565065065065064,0.5153059978722291,0.5200219753387865,0.0645220363813942
0.5043782837127847,0.5728228228228227,0.8043043043043043,0.3307131520658563,0.4482812145734866,0.4452744301236548
0.5206404803602703,0.5272772772772771,0.7525025025025025,0.5018609274988227,0.4952090273296475,0.4997261803024225
0.7530647985989494,0.9034034034034032,0.1919419419419419,1.0,0.0,0.0
0.5261446084563424,0.7392392392392391,0.6739239239239239,1.0,0.7506862933184506,0.3968083436524408
0.4580935701776333,0.5285285285285284,0.0908408408408408,1.0,0.217266337617943,0.7528384812599194
0.1453590192644484,0.7324824824824824,0.6103603603603603,1.0,1.0,0.457360866456215
0.4368276207155367,0.7755255255255254,0.5955955955955956,0.0002145211643441,0.2251861799536076,0.7539215515286812
0.4105579184388293,0.6346346346346345,0.6626626626626626,0.5088511781223294,0.5297120532989169,1.0
0.6822616962722043,0.5412912912912912,0.596096096096096,0.5198998901233061,0.9664265657428884,0.4167221863718018
0.5208906680010009,0.5260260260260259,0.7522522522522521,0.5018016289655894,0.4952090273296475,0.4997261803024225
0.0435326494871154,0.6426426426426425,0.0,0.1700036625564644,0.637651080454157,0.547079547238258
0.0,0.5327827827827827,0.9982482482482482,0.0846347035945376,0.773927830196906,0.7553412281772678
0.3004753565173881,0.5127627627627627,0.6959459459459459,0.5180232659539216,0.0,0.8065263268046811
0.5311483612709533,0.7262262262262261,0.4807307307307307,0.9251914121771282,0.6137991174982995,0.6078169419397597
0.1791343507630724,0.5275275275275274,0.7284784784784785,0.579310044125085,0.7938434169907738,0.4255594118980763
0.5201401050788093,0.5277777777777777,0.7525025025025025,0.5018609274988227,0.4952229799257024,0.4997401328984774
1.0000000000000002,0.7204704704704703,1.0,0.9986727593002772,0.99449046863282,0.0479027504054973
0.2049036777583188,0.7424924924924924,0.9984984984984984,1.0,1.0,0.1234438495212515
0.3179884913685264,1.0,0.4844844844844844,0.0,0.175085895669463,0.9998622181139578
0.5339004253189894,0.4924924924924924,0.7540040040040039,0.4213160786228788,0.4898512304445646,0.4906761776863108
0.8719039279459597,0.9679679679679678,1.0,0.0,1.0,0.9114725221061444
0.8839129347010259,0.4527027027027026,0.744994994994995,0.4981530250972321,0.4952229799257024,0.0243560004883408
0.782586940205154,0.7337337337337336,0.3833833833833834,0.1429460906569928,0.9805588014719988,1.0
0.5198899174380787,0.527027027027027,0.7525025025025025,0.5018016289655894,0.495177633988524,0.4997261803024225
0.5206404803602703,0.5275275275275274,0.7525025025025025,0.5018016289655894,0.495177633988524,0.4997715262396009
0.466599949962472,0.6278778778778777,0.7294794794794794,0.5678183371993651,0.5653312869525786,1.0
0.5661746309732301,0.6403903903903903,0.5472972972972973,0.0,0.2950799658161396,0.6247396968798508
0.485364023017263,0.6133633633633633,0.7655155155155156,0.7467185238153374,0.5428972565708007,0.4732179918726128
0.5203902927195397,0.5275275275275274,0.7522522522522521,0.5018609274988227,0.4951933306590858,0.4997558295690392
0.5118839129347011,0.7687687687687687,0.7232232232232232,0.4937126114027591,0.5017091930167257,1.0
0.3775331498623969,0.5585585585585585,0.6559059059059058,0.6181941852555941,0.0211974815564121,0.785328845248269
0.0970728046034526,0.6551551551551551,0.741991991991992,0.4410938835307044,0.487364180197778,0.2980396602542861
0.5203902927195397,0.5272772772772771,0.7522522522522521,0.5018469749027679,0.4951619373179622,0.4997261803024225
0.3477608206154617,0.6388888888888888,0.7484984984984985,0.6662957601548738,0.5653452395486335,0.6104103807314648
0.7575681761320991,0.4016516516516515,0.7677677677677677,0.506119957444582,0.4752167012574777,0.7078797286220067
0.5586690017513136,0.7422422422422421,0.5405405405405406,1.0,0.87399236095366,0.4075518426147165
0.3910432824618465,0.5908408408408408,0.7402402402402402,0.4388510037148787,0.3963496520571359,0.0
0.5894420815611711,0.5225225225225224,0.7740240240240239,0.3384202173116836,1.0,0.2693042886792124
0.2161621215911934,0.6113613613613612,0.76001001001001,0.5620489387306625,0.9789716936707537,0.2500758672410486
0.4435826870152616,0.5052552552552552,0.6731731731731732,0.5822697385632314,0.0,0.625625686729337
0.5201401050788093,0.5275275275275274,0.7525025025025025,0.5018016289655894,0.495100894710222,0.4997715262396009
0.763822867150363,0.6333833833833833,0.0,1.0,0.0,0.5697717006470516
0.902176632474356,0.1989489489489489,0.8173173173173172,0.5148176570103075,0.4322113120672515,0.523960095575283
0.4620965724293221,0.2162162162162161,1.0,0.0464987704274726,0.6469592060972844,0.618666829446954
0.3007255441581187,0.5775775775775774,0.8723723723723723,0.4352023998465214,1.0,0.2829935294835796
0.5826870152614463,0.5207707707707707,0.5723223223223223,0.3418996459528751,0.0,0.7909447651603676
0.5459094320740556,0.4669669669669669,0.7397397397397396,0.564842946090657,1.0,0.1304637494113749
0.2847135351513636,0.6734234234234233,0.7965465465465464,0.6548040532291539,0.7762334966949788,0.4004081134346059
0.3650237678258695,0.5678178178178177,0.4316816816816816,1.0,0.9971763433733888,0.0
0.6852639479609709,0.5763263263263262,0.6634134134134133,0.551063013411933,0.6554912185848579,0.610776636377906
0.5203902927195397,0.5275275275275274,0.7525025025025025,0.5018016289655894,0.4952090273296475,0.4996790902907372
0.0733049787340506,0.9456956956956956,0.0440440440440441,0.6640214869979245,0.5051118823796152,0.0
0.4598448836627472,0.5417917917917917,0.7484984984984985,0.5819802221950922,0.6701414444425066,1.0
0.5206404803602703,0.5275275275275274,0.7525025025025025,0.5018469749027679,0.495177633988524,0.4997854788356559
0.5208906680010009,0.5275275275275274,0.7532532532532532,0.5018766241693845,0.4952090273296475,0.4996790902907372
0.550162621966475,0.9857357357357356,0.255005005005005,1.0,0.0,0.4721035282627274
0.5201401050788093,0.5272772772772771,0.752002002002002,0.5018312782322061,0.4952386765962642,0.4997261803024225
0.0,0.882132132132132,0.0558058058058058,1.0,0.0822854352337932,0.6058321851509496
0.4763572679509633,0.7294794794794793,0.4396896896896897,0.6222386940370093,0.5911976559638628,0.5610879536773811
0.5073805354015513,0.883133133133133,0.4424424424424424,1.0,0.7991541238641715,0.0
0.5148861646234677,0.4084084084084083,0.7797797797797796,0.2530373057537018,1.0,0.2537384237054607
0.5306479859894923,0.7264764764764764,0.5888388388388388,1.0,0.6320665538831819,0.3870101330728849
0.5206404803602703,0.5275275275275274,0.7530030030030029,0.5018312782322061,0.4951933306590858,0.4997401328984774
0.5201401050788093,0.5277777777777777,0.7522522522522521,0.5018155815616443,0.4951933306590858,0.4996494410241205
0.4593445083812861,0.5918418418418417,0.8636136136136136,0.05319950468284,0.5891675532378743,0.4050787449639849
0.5691768826619966,0.5010010010010009,0.0042542542542542,1.0,0.3138357430629436,0.6821964874339431
0.5203902927195397,0.528028028028028,0.7525025025025025,0.5018469749027679,0.4952229799257024,0.4996790902907372
1.0000000000000002,1.0,1.0,0.2478033381586061,0.5528018556952753,1.0
0.5203902927195397,0.5275275275275274,0.7525025025025025,0.5018016289655894,0.4952229799257024,0.4996651376946823
0.5203902927195397,0.5282782782782782,0.7532532532532532,0.5018155815616443,0.4951165913807838,0.4997261803024225
0.5206404803602703,0.5275275275275274,0.7522522522522521,0.5017859322950277,0.4952090273296475,0.4997854788356559
0.5236427320490369,0.5422922922922921,0.7477477477477477,0.3982123236304655,0.3595409595897937,0.0
0.2271703777833376,0.7742742742742741,0.8143143143143142,0.648670143188517,0.5499625023981024,1.0
0.5233925444083064,0.4264264264264263,0.7687687687687688,0.8015661789071629,0.5148943962886094,0.5124683886495631
0.7475606705028773,0.5362862862862862,0.543043043043043,0.5756003976489875,0.6119678392660934,0.5603711390550604
0.4881160870652991,0.7972972972972971,0.5763263263263263,0.0,0.2960566475399829,0.4767427664509828
0.5206404803602703,0.5275275275275274,0.7527527527527527,0.5018923208399463,0.4951165913807838,0.4997104836318607
0.3089817363022268,0.5125125125125124,0.6549049049049048,0.6389783211538798,0.1557039956746952,0.6922528210405148
0.5186389792344259,0.8203203203203202,0.6804304304304304,0.59991105220015,0.568062507630326,1.0
0.5201401050788093,0.5275275275275274,0.7517517517517517,0.5018155815616443,0.4952090273296475,0.4997401328984774
0.5641731298473857,0.512012012012012,0.8748748748748748,0.3179866403892774,1.0,0.5720756230706175
0.9402051538653992,0.9174174174174172,0.7219719719719719,0.3763433733889112,0.3656452203638139,0.0
0.4548411308481362,0.4817317317317316,0.5187687687687688,0.2480475085895669,0.0,0.6577497950712454
0.6247185389041783,0.5605605605605605,0.4649649649649649,0.4032160733906552,0.7366168442715872,0.504593892251077
0.4878658994245685,0.8055555555555554,0.5843343343343343,0.2753928527826709,0.5063030852678027,0.5296510106911767
0.4458343757818365,0.6366366366366365,0.001001001001001,1.0,0.0048380626820377,0.0
0.349762321741306,0.984234234234234,0.0,0.0740603798594276,0.6336833109510438,0.0307811709716239
0.5399049286965225,0.597097097097097,0.3918918918918919,0.1847149310218532,0.4282138932975217,0.6079686764218567
0.0,0.8518518518518517,0.7762762762762763,0.3722378219997558,0.4767724157175994,0.221019585956712
0.5203902927195397,0.5275275275275274,0.7522522522522521,0.5017702356244659,0.4952229799257024,0.4996651376946823
0.1473605203902928,0.5047547547547546,0.5380380380380381,0.6017126811657394,0.4065437675497497,0.4292673142996669
0.0,0.7047047047047046,0.79004004004004,0.5850323525821023,0.5304445645917993,0.985747423129916
0.2359269452089067,0.6296296296296295,0.7214714714714714,0.6014981600013952,0.6222073006958857,1.0
0.484863647735802,0.6368868868868868,0.7017017017017017,1.0,0.532230496886827,0.463557563179099
0.8531398548911686,0.4887387387387386,0.7665165165165164,0.5097964665050491,0.4873484835272162,0.5840870641993826
0.7320490367775834,0.5918418418418417,0.5995995995995995,0.6080611123707205,0.6713465999267488,0.6280987843800687
0.5208906680010009,0.5275275275275274,0.7525025025025025,0.5018312782322061,0.495254373266826,0.4997401328984774
1.0000000000000002,0.8385885885885884,1.0,1.0,0.0,0.8465999267488706
0.6539904928696524,0.5978478478478477,0.7114614614614614,0.5449587526379127,0.5885885205015958,0.4410938835307044
0.1658744058043533,0.5252752752752752,0.642142142142142,0.6001866159722343,0.3140031742156025,0.582834818703455
0.4590943207405555,0.649149149149149,0.8198198198198197,0.5873223224096134,0.5227235467499172,0.0
0.0,0.991241241241241,0.3088088088088088,0.0,0.114378150234578,0.0
0.4288216162121592,0.5372872872872871,0.6531531531531531,0.586970019359227,0.7616739627116871,0.5473533669358355
0.5201401050788093,0.5277777777777777,0.7527527527527527,0.5018766241693845,0.495177633988524,0.4997558295690392
0.6735051288466352,0.543043043043043,0.6534034034034033,0.5617454697664684,0.0350541535134381,0.7449186389242548
0.4220665499124344,0.6919419419419418,1.0,0.0,1.0,0.6313479951863543
0.6147110332749564,0.5497997997997996,0.7329829829829829,0.4887838568463645,0.4868915360064182,0.0
0.6432324243182388,0.4972472472472471,0.0,0.2970943718715663,1.0,1.0
0.5206404803602703,0.5275275275275274,0.7530030030030029,0.5018155815616443,0.4952386765962642,0.4997261803024225
0.5203902927195397,0.5275275275275274,0.7530030030030029,0.5017702356244659,0.495254373266826,0.4997261803024225
0.7933450087565677,0.2877877877877877,0.2867867867867868,0.8662556464412159,0.0073704588660027,0.434928580148944
0.4508381285964474,0.8088088088088087,0.6333833833833833,0.50550953136718,0.4530128887106057,0.0
0.4993745308981737,0.6876876876876876,0.4649649649649649,0.3349721820116155,0.4816575684113225,0.4831679369342658
0.1188391293470103,0.8273273273273272,0.7697697697697696,0.3934806494933464,0.4746062751800757,0.0076460226380871
0.5203902927195397,0.5275275275275274,0.7525025025025025,0.5018766241693845,0.4952229799257024,0.4997854788356559
0.4733550162621968,0.7102102102102101,0.477977977977978,0.6032526989552993,0.5513978757172506,0.5076756719047038
0.6432324243182388,0.2652652652652652,0.7852852852852852,0.4999686066588765,0.4450006104260774,0.1481957549226503
0.5203902927195397,0.5277777777777777,0.7517517517517517,0.5017859322950277,0.4952997192040044,0.4997104836318607
0.3087315486614962,0.588088088088088,0.7307307307307307,0.5593787606606554,0.6689816348954427,0.4942166489352425
0.5203902927195397,0.5275275275275274,0.7525025025025025,0.5018312782322061,0.4952090273296475,0.4996651376946823
0.349261946459845,0.586086086086086,0.772022022022022,0.513628198196627,0.4828173779583863,0.422369499625024
0.5206404803602703,0.5275275275275274,0.7530030030030029,0.5018609274988227,0.495177633988524,0.4996790902907372
0.4866149612209158,0.6874374374374373,0.5730730730730731,0.0,0.2222875281232014,0.3864921429443466
0.2544408306229673,0.5600600600600599,0.772022022022022,0.5220817273313916,0.5101784188220521,1.0
0.5046284713535153,0.6493993993993993,0.69994994994995,0.9996023510124352,0.5441181087256047,0.4810453982594136
0.3847885914435828,0.4622122122122121,0.6906906906906907,0.6067792176081762,0.0,0.7410572579660604
0.6257192894671004,0.613113113113113,0.7397397397397396,0.5296213614245601,0.5433106022289272,1.0
0.6529897423067302,0.6466466466466465,0.792042042042042,0.5190766869560668,0.4883251652510595,0.0
0.5206404803602703,0.5275275275275274,0.7527527527527527,0.5018469749027679,0.4952090273296475,0.4997401328984774
0.7960970728046036,0.7592592592592591,0.8488488488488488,0.0,1.0,0.9043148403299788
0.3532649487115338,0.598098098098098,0.8430930930930931,0.5190452936149432,0.9987338019080174,0.2947137101696985
0.4973730297723294,0.6864364364364364,0.4977477477477477,0.3136072693025446,0.5138252786159024,0.5087744388440274
0.143357518138604,0.5675675675675674,0.746996996996997,0.5065629523693252,0.5051886216579172,0.8661178645551737
0.4698523892919691,0.7257257257257256,0.7307307307307307,1.0,0.5368086924673422,0.5162373336588939
0.5206404803602703,0.5277777777777777,0.7527527527527527,0.5017859322950277,0.4952090273296475,0.4997401328984774
0.5206404803602703,0.5275275275275274,0.7527527527527527,0.5019219701065629,0.4951619373179622,0.4997715262396009
0.2256692519389543,0.9449449449449449,0.0,1.0,0.0002145211643441,0.994261994872421
0.5203902927195397,0.5277777777777777,0.7527527527527527,0.5018016289655894,0.4951619373179622,0.4997401328984774
0.985238929196898,0.5222722722722721,0.8943943943943944,0.5877182273226712,0.517686659574097,0.0
0.5881911433575183,0.5503003003003002,0.793043043043043,0.4028201684775974,1.0,0.2809791234281529
0.4033024768576433,0.4842342342342342,0.0,0.9066344594241064,0.1363848823621745,0.0727627884263216
0.4886164623467602,0.6721721721721721,0.4229229229229229,0.9230095749690428,0.7369674032474667,0.5507717529692868
0.5203902927195397,0.5275275275275274,0.7527527527527527,0.5018312782322061,0.4951619373179622,0.4997261803024225
0.0032524393294972,1.0,1.0,0.7050578160699025,0.3534210021452116,0.0
0.5539154365774333,0.2012012012012011,0.1253753753753754,0.5556412089924482,0.0,0.2364633657149833
0.4365774330748062,0.7384884884884884,0.6941941941941941,0.4015382737150531,0.450998482655179,0.0
0.6865148861646236,0.5112612612612611,0.7397397397397396,0.5366255646441216,0.4697228665608595,1.0
0.174881160870653,0.6456456456456455,0.8455955955955955,0.5895041596176989,0.8621343983814989,0.2922720058600903
0.5226419814861147,0.7219719719719718,0.6281281281281281,0.3081430838725431,0.4331426478539163,0.0
0.0683012259194396,1.0,0.005005005005005,1.0,0.0,0.6804105551389155
0.4358268701526145,0.594094094094094,0.7234734734734735,0.6059403177703752,0.5094459075291696,0.0
0.0,1.0,0.5082582582582582,1.0,0.813499136683119,0.0
0.4193144858643984,0.6526526526526526,0.9004004004004003,0.4641226433193226,0.8600136037811534,0.2993529483579539
0.4856142106579936,0.6866866866866865,0.7575075075075075,1.0,0.63658196278145,0.4389887856009208
0.3134851138353766,0.6213713713713712,0.7472472472472472,0.4819924307166402,0.4879903029457418,0.7652911732389207
0.453840380285214,0.7552552552552552,0.0,0.952615239723041,0.2861973943526867,0.4071541936271518
0.8543907930948214,0.3676176176176176,0.7059559559559558,1.0,0.0,0.5330083541168879
0.7037778333750314,0.512012012012012,0.7492492492492492,0.4740725883809756,0.5034794286411916,1.0
0.5008756567425571,0.6428928928928928,0.4414414414414414,0.3156670212951497,0.4841446186581091,0.6152327467429408
0.4595946960220166,0.6814314314314314,0.5015015015015015,0.3867956119085407,0.5962031497985594,0.4861276313724122
0.0,0.5618118118118117,0.0,0.4502956206289132,0.6383992884176012,0.4957427141287476
0.5201401050788093,0.5275275275275274,0.752002002002002,0.5017859322950277,0.495254373266826,0.4997558295690392
0.3219914936202153,0.5372872872872871,0.8548548548548548,0.3384498665783002,1.0,0.2686642133351937
0.0,0.8493493493493491,0.6016016016016016,0.9583375481800582,0.235640162547744,0.0
1.0000000000000002,0.9171671671671672,1.0,1.0,0.0,0.9315712367232328
0.6152114085564174,0.5255255255255254,0.6353853853853854,0.5284144618658109,0.0,0.7991698205347333
0.8486364773580186,0.353103103103103,0.7667667667667667,0.5194725918691246,0.5089436140711932,0.0013586340408462
0.304978734050538,0.7960460460460459,0.6811811811811811,0.5728395277046235,0.6371784362627971,1.0
0.0855641731298474,1.0,0.7597597597597596,0.0,0.0129724261820464,1.0
0.3952964723542658,0.8508508508508508,0.2925425425425425,1.0,0.0043793710867328,0.0041055513891553
0.4658493870402803,0.5307807807807807,0.7577577577577577,0.3327275581212829,0.7789943666393429,0.3358407311160333
0.7007755816862649,0.8460960960960959,0.7354854854854854,0.0,1.0,0.6963897657707937
0.5203902927195397,0.5275275275275274,0.7525025025025025,0.5018766241693845,0.4952090273296475,0.4997558295690392
0.2864648486364775,0.4979979979979979,0.7682682682682682,0.6288155990023894,0.3135601792908593,0.5253623314788007
0.5201401050788093,0.5275275275275274,0.7522522522522521,0.5018609274988227,0.4952090273296475,0.4996651376946823
0.519139354515887,0.5265265265265264,0.7527527527527527,0.5018016289655894,0.4950555487730436,0.4997854788356559
0.4513385038779085,0.5235235235235234,0.6283783783783783,0.4991157542250204,0.8178488585032353,0.4455499938957392
0.3239929947460597,0.9564564564564564,0.6884384384384383,0.7327258140467761,0.5178244414601392,1.0
0.685764323242432,0.5895895895895895,0.543043043043043,0.675314369429862,0.3137590037846417,0.6571393689938434
0.4966224668501377,0.4582082082082081,0.7334834834834835,0.2656731255559237,0.4680293702146956,0.4879589096046183
0.5206404803602703,0.5277777777777777,0.7530030030030029,0.5017859322950277,0.4951165913807838,0.4997715262396009
0.5196397297973482,0.527027027027027,0.7510010010010009,0.5016934963461639,0.4952997192040044,0.4997715262396009
0.5198899174380787,0.5275275275275274,0.7525025025025025,0.5018312782322061,0.4952386765962642,0.499694786961299
0.399049286965224,0.6894394394394393,0.6498998998998998,0.4031707274534768,0.4273749934597206,0.0
1.0000000000000002,0.9864864864864864,1.0,1.0,0.5035108219823151,0.0358773566806774
0.5203902927195397,0.5275275275275274,0.7522522522522521,0.5018155815616443,0.4952090273296475,0.4997401328984774
0.4528396297222918,0.4932432432432431,0.7832832832832832,0.3243350715942585,1.0,0.3284249263128521
0.5206404803602703,0.5275275275275274,0.7522522522522521,0.5018155815616443,0.4952386765962642,0.4997558295690392
0.4228171128346261,0.9229229229229228,0.3608608608608608,1.0,0.0,0.1775119033085093
0.6850137603202403,0.5145145145145145,0.7572572572572571,0.5032038648691072,0.4969478696129898,0.5639412595706088
0.5203902927195397,0.5272772772772771,0.7522522522522521,0.5018016289655894,0.4951933306590858,0.4996337443535588
0.2111583687765825,0.5778278278278277,0.5102602602602603,0.1676683467917749,1.0,1.0
0.7097823367525646,0.3235735735735735,0.6646646646646646,0.5870310619669672,0.9833807140241032,0.424825156530687
0.4753565173880412,0.5045045045045045,0.7212212212212212,0.6770392591171495,0.0,0.7319933027538936
0.1708781586189642,0.6596596596596596,0.7937937937937938,0.5133072884873642,0.4800390672689537,0.496321746865026
0.474355766825119,0.5072572572572571,0.7032032032032032,0.7058199766294015,0.0,0.772005860090343
0.4936202151613711,0.5605605605605605,0.6796796796796796,0.0,0.3492858014894396,0.4652510595252629
1.0000000000000002,0.9857357357357356,0.8786286286286286,0.6497985593944573,0.5246001709193017,0.0
0.6179634726044535,0.4964964964964964,0.7692692692692692,0.3515443779758271,1.0,0.2496328723163053
0.0,0.5723223223223222,0.6023523523523523,0.3721767793920156,0.0,0.0
0.6802601951463599,0.5457957957957957,1.0,0.2133753073931318,0.6045206411217887,0.4251617629105115
0.500375281461096,0.6486486486486486,0.4359359359359359,0.5714651969932155,0.6099830824772834,0.6197655963862776
0.2146609957468102,0.8763763763763762,0.0,0.4257564923173518,0.2815128102272529,0.3438844027416851
0.5203902927195397,0.5277777777777777,0.7527527527527527,0.5018312782322061,0.4952090273296475,0.499694786961299
0.2304228171128347,0.6148648648648648,0.853103103103103,0.6573678427542424,0.7710588276331165,0.344967473010447
0.5203902927195397,0.5275275275275274,0.752002002002002,0.5018155815616443,0.495177633988524,0.4996790902907372
0.597197898423818,0.8198198198198197,0.2084584584584585,0.9196522315433316,0.2323735109963897,0.0
0.1973980485364024,0.7139639639639639,0.7069569569569569,0.4347611489962851,0.4181418630203882,1.0
0.5496622466850138,0.6896896896896896,0.4331831831831831,0.0,0.2868235171006505,0.6021539320159757
0.6392294220665501,0.6318818818818818,0.5588088088088088,0.4961543157123672,0.4763311648673631,0.616057693984687
0.3457593194896173,0.517017017017017,0.7407407407407407,0.603116661143764,0.7085825906482724,0.5042276366046358
0.4440830622967227,0.4924924924924924,0.7204704704704704,0.624253100092436,0.0019847567888099,0.8234490817447722
0.9722291718789092,0.7912912912912912,0.9909909909909907,0.0,1.0,0.998229764375534
0.487615711783838,0.7002002002002001,0.5142642642642642,0.3364215079268187,0.5360151385667196,0.5575317857578875
0.5206404803602703,0.5275275275275274,0.7522522522522521,0.5018312782322061,0.4951619373179622,0.4997104836318607
0.526394796097073,0.7902902902902902,0.827077077077077,0.5407154193627152,0.5208922685177111,0.0
0.5291468601451089,0.6926926926926926,0.8781281281281281,0.0,0.3242897256570801,0.4678148490503514
1.0000000000000002,0.3803803803803803,0.7737737737737738,1.0,0.0,0.5886181697682125
0.5206404803602703,0.5275275275275274,0.7527527527527527,0.5018312782322061,0.4951462406474005,0.4998011755062176
0.5206404803602703,0.5272772772772771,0.752002002002002,0.5018609274988227,0.4952840225334426,0.499694786961299
0.7055291468601452,0.3473473473473473,0.3878878878878878,0.1438006871653557,0.1535832010743499,0.8483701623733366
0.5008756567425571,0.4559559559559559,0.6766766766766766,0.3701170273994105,0.0,0.8900779601304567
0.6032024018013511,0.6146146146146145,0.7099599599599599,0.4676020719605142,0.5495212515478661,0.0
0.325994495871904,0.6116116116116115,0.7782782782782782,0.4765439419572004,0.4726529117323892,0.2944538430681759
0.4956217162872155,0.7695195195195195,0.8098098098098098,1.0,0.7969426373894692,0.5248739906168791
0.0,0.8581081081081079,0.0,0.0274988227497078,0.5461168181104696,0.7578596717651778
0.7210407805854393,0.8260760760760759,0.7037037037037036,0.2623768247379527,0.4827859846172628,0.0
0.5201401050788093,0.5275275275275274,0.7522522522522521,0.5018155815616443,0.4951619373179622,0.4997715262396009
0.5281461095821868,0.5695695695695695,0.6866866866866866,1.0,0.6732546174372569,0.5271482637738284
0.5521641230923193,0.5240240240240239,0.5417917917917918,0.4596054903465476,0.1899802919580724,0.5858102098121631
0.4961220915686766,0.6939439439439439,0.4474474474474474,0.4817168669445558,0.4369115928632471,0.6069013028236566
0.5203902927195397,0.5275275275275274,0.7522522522522521,0.5018155815616443,0.4951933306590858,0.4996790902907372
0.5283962972229174,0.6666666666666665,0.4512012012012011,0.188332141549087,0.3907947747527774,0.6191098243716971
0.5298974230673006,0.4391891891891891,0.6396396396396395,0.4821302126026824,0.0,1.0
0.5093820365273957,0.5893393393393392,0.7352352352352352,0.5157332961264105,0.5157646894675341,1.0
0.7170377783337505,0.5968468468468467,0.5167667667667667,0.5884960845527321,0.4382248809669149,0.5862078587997279
0.4906179634726046,0.7412412412412411,0.6258758758758758,0.7495578771125102,0.5490468632819994,0.5358023614768823
0.5203902927195397,0.5277777777777777,0.7522522522522521,0.5018923208399463,0.4951933306590858,0.4997261803024225
0.5141356017012761,0.4867367367367367,0.7489989989989989,0.3889477998500096,0.4203690461656522,0.5285975896890315
0.5068801601200902,0.5525525525525524,0.7542542542542542,0.6211538796937405,0.5687793222526466,1.0
0.7685764323242433,0.6811811811811811,0.7162162162162162,0.5169541482812146,0.531543331531123,0.0
0.231923942957218,0.2750250250250249,0.3658658658658659,0.2816348954427333,0.0,0.206247274883583
0.6627470602952216,0.6046046046046045,0.4734734734734734,0.4958944486108446,0.0255768526431449,0.5145734865793467
0.0360270202651989,1.0,0.2747747747747747,1.0,0.6817081465720216,0.0067146868514223
0.3037277958468852,1.0,1.0,1.0,1.0,0.1940997959432827
0.5664248186139607,0.4709709709709709,0.7402402402402402,0.8312485829394631,0.5067146868514223,0.4518077332263634
0.5326494871153367,0.4597097097097096,0.75,0.5296056647539983,0.0,0.7596752533268221
0.7230422817112836,0.5090090090090089,0.6504004004004004,0.4284127177913041,0.1841969408933149,0.6673474370825121
0.557918438829122,0.5965965965965965,0.4016516516516516,0.210140049182901,0.4718140118945881,0.5546174372569196
0.4033024768576433,0.7424924924924924,0.7627627627627627,0.5296056647539983,0.5389451837382493,1.0
0.5313985489116839,0.5440440440440439,0.5913413413413413,0.0,0.4113347402201022,0.4379353645987757
0.3422566925193896,0.6478978978978978,0.6784284284284283,0.5384254495352041,0.5061810000523222,0.0172750579904774
1.0000000000000002,0.7384884884884884,1.0,1.0,0.7358843329787048,0.8945951131032317
0.7157868401300977,0.595095095095095,0.7014514514514514,0.5509705774630692,0.0,0.8645464534244902
1.0000000000000002,0.5575575575575574,0.7489989989989989,0.545094790449448,0.5291940631703786,0.0
0.3467600700525395,0.5397897897897896,0.7912912912912913,0.5895948514920557,0.5263093639360273,0.4373249385213736
0.3214911183387542,1.0,0.5462962962962963,0.7988489108254704,0.9063449430559674,0.0
0.5308981736302228,0.4957457457457456,0.7577577577577577,0.7420792856270819,0.5145734865793467,0.4734464656330118
0.5203902927195397,0.5275275275275274,0.752002002002002,0.5018312782322061,0.4951619373179622,0.499694786961299
0.3304978734050539,0.814064064064064,0.0,0.765198737290057,0.0070652458273017,0.1543610583044107
0.3970477858393796,0.6003503503503502,0.9737237237237236,0.3875281232014231,0.7383713832254915,0.399325043165844
0.6189642231673756,0.4264264264264263,0.7472472472472472,0.4952229799257024,0.4892268517711076,0.9972687793222528
0.328246184638479,0.6173673673673673,0.7815315315315314,0.5705966478887978,0.5264314491515077,0.256394649179413
0.5334000500375283,0.7054554554554553,0.549049049049049,1.0,0.7588973960967612,0.5621570713500881
0.5436577433074807,0.6451451451451451,0.782032032032032,1.0,0.6267244536686607,0.4035683764410416
0.3615211408556418,0.6386386386386386,0.7029529529529529,0.5148333536808692,0.4790623855451105,0.0
0.5464098073555168,0.5175175175175174,0.7922922922922923,0.4294957880600659,1.0,0.3396096761253641
0.3875406554916188,0.4537037037037036,1.0,9.06918743569518e-05,0.5250588625146067,0.5474458028846992
0.5203902927195397,0.528028028028028,0.7525025025025025,0.5018312782322061,0.4951933306590858,0.4997854788356559
0.5206404803602703,0.5272772772772771,0.7525025025025025,0.5018469749027679,0.4951619373179622,0.4996494410241205
0.5208906680010009,0.5275275275275274,0.7525025025025025,0.5018312782322061,0.4952386765962642,0.499694786961299
0.7918438829121843,0.4589589589589589,1.0,0.5578980414043287,0.8091651115335647,0.3441739191098243
0.469352014010508,0.5202702702702702,0.7540040040040039,0.4164483666742243,0.4720424856549872,0.5022289272197709
0.2356767575681762,0.9874874874874872,1.0,0.1488218776706141,0.8115457732354325,1.0
0.4493370027520642,0.7692692692692691,0.47997997997998,0.7416380347768456,0.5739836405811256,0.5836283726040776
0.5206404803602703,0.5275275275275274,0.7522522522522521,0.5018469749027679,0.4951933306590858,0.4997558295690392
0.4728546409807357,0.4714714714714714,0.7727727727727727,0.535450058426496,0.0,0.9228578404869456
0.3580185138854141,0.6333833833833833,0.8115615615615615,0.5694821842789124,1.0,0.3087535099499451
0.5203902927195397,0.5275275275275274,0.7527527527527527,0.5018016289655894,0.4952090273296475,0.4997104836318607
0.8246184638478861,0.5698198198198198,0.5618118118118118,0.4883251652510595,0.6130195161937319,0.0
0.3169877408056043,0.512012012012012,0.7580080080080079,0.5926626785496276,0.5368854317456442,0.5513664823761271
0.8486364773580186,0.3338338338338337,0.7715215215215214,0.5204335769224061,0.4965519646999319,0.0025027469173483
0.7348011008256193,0.8576076076076075,0.7024524524524525,1.0,1.0,0.0
0.4898674005504129,0.5460460460460459,0.7935435435435434,0.0,0.3459441547342902,0.4378586253204737
0.4811108331248437,0.6609109109109108,0.4061561561561561,0.528705722308457,0.5675898634389661,0.6370563510473167
0.5203902927195397,0.5275275275275274,0.7527527527527527,0.5018312782322061,0.4952386765962642,0.4997261803024225
0.915936952714536,0.878128128128128,1.0,0.0128799902331827,0.6968467132915919,1.0
0.5399049286965225,0.4031531531531531,1.0,0.2338088843155379,0.7462005336867991,0.5833998988436786
0.5088816612459346,0.527027027027027,0.7577577577577577,0.3417775607373947,0.352704187522891,0.507736714512444
0.4833625218914187,0.926176176176176,0.0,0.8206254251181611,0.2441861276313724,0.3266843399550029
0.5203902927195397,0.5275275275275274,0.7522522522522521,0.5017859322950277,0.495254373266826,0.4997261803024225
0.4600950713034777,0.4859859859859859,0.8345845845845845,0.0011894588136805,0.523272930219579,0.4685630570137956
0.6544908681511135,0.4684684684684684,0.7169669669669669,0.5256675445175018,1.0,0.3770758846817936
0.5206404803602703,0.5277777777777777,0.7525025025025025,0.5018609274988227,0.4952229799257024,0.4996651376946823
0.1543657743307481,0.5610610610610609,0.6574074074074073,0.5523902541116557,0.2808570382126724,0.5235327973211016
0.453840380285214,0.4534534534534534,0.6316316316316316,0.526415752480946,0.0,0.7501229572527339
0.0,1.0,0.2027027027027027,0.0,0.1745365121998012,0.002213230549209
0.5351513635226421,0.4797297297297296,0.82007007007007,0.2385091651115335,0.5278964717372726,0.4587055479010063
0.0,0.602102102102102,0.8876376376376376,0.4902488794321293,0.980328583637093,1.0
0.2256692519389543,0.8368368368368366,0.7297297297297297,0.6490050054938347,0.5610879536773811,1.0
0.7037778333750314,0.4261761761761761,0.7515015015015014,0.5003505589758794,0.4804506688525733,0.4213928179011807
0.7207905929447087,0.8328328328328327,0.4316816816816816,1.0,1.0,0.2195249141043305
0.4906179634726046,0.7139639639639639,0.6624124124124124,1.0,0.6838446378429286,0.4707309416258262
0.4453340005003754,0.4992492492492492,0.725975975975976,0.4088633866438774,0.998702408566894,0.2756370232136317
0.5203902927195397,0.5275275275275274,0.7527527527527527,0.5019080175105081,0.4951619373179622,0.4997261803024225
0.2722041531148362,0.6634134134134133,0.7364864864864864,0.5085302684130666,0.5050961857090535,0.0667195702600415
0.0,1.0,0.0,0.0,0.7992465598130352,0.9080855294138166
0.5208906680010009,0.5277777777777777,0.7527527527527527,0.5018469749027679,0.4952090273296475,0.4997261803024225
0.0,1.0,0.5182682682682682,0.0,0.0856427786595043,0.0
0.0,0.3523523523523523,0.4844844844844844,0.8212375952700699,1.0,0.6610617925597781
1.0000000000000002,0.3543543543543543,0.8688688688688688,0.6455552261192599,0.5251949003261419,0.0
0.5203902927195397,0.5275275275275274,0.7530030030030029,0.5018016289655894,0.4951462406474005,0.4998168721767794
0.4648486364773581,0.7132132132132131,0.5705705705705706,0.7250483980675655,0.6084884106249019,0.6442279854195371
0.3475106329747311,0.6223723723723723,0.9451951951951952,0.5319566771892495,0.76809913319497,0.4332804297399585
0.5206404803602703,0.5275275275275274,0.7522522522522521,0.5018016289655894,0.4952229799257024,0.4996790902907372
0.3825369026770079,0.4867367367367367,0.6664164164164164,0.7387986814796728,0.4760259518286621,0.537740028254007
0.3487615711783839,1.0,1.0,1.0,0.0969670544325653,0.0013882833074628
0.0,0.6921921921921921,0.0,0.5030067844498317,0.5603868357256222,0.012787554284319
0.388541406054541,0.5482982982982982,0.8736236236236236,0.5513821790466888,1.0,0.3116382091842963
0.0,0.4732232232232231,1.0,0.7278563580236147,0.8187348483527216,0.6185761375725971
0.6107080310232675,0.5450450450450449,0.5315315315315315,0.5879920470202487,0.0,0.7606205417095417
1.0000000000000002,0.8000500500500499,0.8983983983983983,1.0,0.0,0.5846364476690444
0.2989742306730049,1.0,0.4532032032032032,0.0,0.5329473115091476,1.0
0.5206404803602703,0.5275275275275274,0.7522522522522521,0.5018155815616443,0.4952386765962642,0.4996790902907372
0.5208906680010009,0.5275275275275274,0.7522522522522521,0.5018609274988227,0.4951462406474005,0.4997558295690392
0.3660245183887917,0.4679679679679679,0.6609109109109108,0.6292428972565708,0.0,0.8319043549540437
0.5203902927195397,0.5275275275275274,0.7527527527527527,0.5018155815616443,0.495100894710222,0.4997104836318607
0.5536652489367027,0.3876376376376376,0.819069069069069,0.8489648917801769,0.5314369429862044,0.4664422624134503
0.4898674005504129,0.7229729729729728,0.4889889889889889,0.9218654620925406,0.7052566405636849,0.5791879589096046
0.5206404803602703,0.5275275275275274,0.7530030030030029,0.5018016289655894,0.4951619373179622,0.4997401328984774
0.2947210407805856,0.5623123123123122,0.7474974974974975,0.4962153583201074,0.5119190051799013,0.3125381516298376
0.7930948211158371,0.396146146146146,0.7442442442442442,0.504135200655772,0.4965048746882466,0.0030678270575719
0.4013009757317989,0.5097597597597596,0.7079579579579579,0.639941050281668,0.0,0.6712698606484468
0.1733800350262697,0.3948948948948948,0.2922922922922923,1.0,0.3063728482480772,0.2503060850759544
0.0312734550913185,0.3548548548548548,0.0993493493493493,0.0,0.0,0.0
0.7440580435326496,0.2832832832832832,0.5297797797797797,0.6152484434135026,1.0,0.6575352739069013
0.5013760320240181,0.4942442442442442,0.7494994994994995,0.7886390986622949,0.5727017458185814,0.5014493259152031
0.560670502877158,0.4872372372372371,0.7795295295295295,0.4152275145194203,1.0,0.1994575928283656
0.5198899174380787,0.5275275275275274,0.7527527527527527,0.5018312782322061,0.4952090273296475,0.4997261803024225
0.4751063297473106,0.3928928928928928,1.0,0.3178035125660569,0.7094528838271971,0.4421630012034114
0.3755316487365525,0.7632632632632631,0.0,1.0,0.1842562394265482,0.6328130177721192
0.5018764073054792,0.1876876876876876,0.46996996996997,0.3213596804855503,0.3843696042694944,0.3749533460069414
0.5203902927195397,0.5275275275275274,0.7517517517517517,0.5018016289655894,0.4952229799257024,0.4997104836318607
0.4548411308481362,0.633133133133133,0.7392392392392392,1.0,0.670186790379685,0.4787414758358477
0.3172379284463348,0.6571571571571571,0.8145645645645645,0.6330118422659016,0.796499642464726,0.3704518897047282
0.5221416062046537,0.7932932932932932,0.4667167167167167,1.0,0.7017754678479864,0.284031253815163
0.3445083812859646,0.4912412412412411,0.6216216216216216,0.5563109336030835,0.0,0.7552958822400893
0.5206404803602703,0.5275275275275274,0.7527527527527527,0.5018469749027679,0.4952386765962642,0.4997854788356559
0.5203902927195397,0.5275275275275274,0.7522522522522521,0.5017702356244659,0.4951619373179622,0.4997261803024225
0.5206404803602703,0.528028028028028,0.7532532532532532,0.5017859322950277,0.495254373266826,0.4997715262396009
0.516387290467851,0.5160160160160159,0.7267267267267267,0.0,0.2375481800582521,0.4443744876781136
0.6685013760320242,0.4594594594594594,0.7740240240240239,0.4940492177825836,0.4657707937283081,1.0
0.3600200150112586,0.4929929929929929,0.7617617617617617,0.68021347471964,0.3958456145246525,0.419455151124056
0.7037778333750314,0.4982482482482481,0.026026026026026,1.0,0.0,0.6506078099656417
0.811358518889167,0.6113613613613612,0.7925425425425425,0.4540663097127509,0.4969025236758114,1.0
0.4968726544908682,0.569069069069069,0.7517517517517517,0.4836405811256257,0.5215323438617298,0.0
0.5203902927195397,0.5275275275275274,0.7522522522522521,0.5018312782322061,0.4952386765962642,0.4997854788356559
0.0192644483362522,1.0,0.0,0.3008947102220207,0.0969060118248251,0.0
0.9474605954465852,0.8173173173173172,0.8628628628628627,0.0,0.4699373877252036,1.0
0.5178884163122343,0.4807307307307306,0.7835335335335334,0.169804838062682,1.0,0.1468074716151874
0.4676007005253941,0.629129129129129,0.7302302302302301,1.0,0.6601758027102917,0.4822976437553412
0.5206404803602703,0.5240240240240239,0.7517517517517517,0.5019987093848649,0.4951165913807838,0.4997104836318607
0.5951963972979737,0.673173173173173,0.4276776776776776,1.0,0.8432879292603379,0.4547674276645098
0.4803602702026521,0.7687687687687687,0.6381381381381381,1.0,0.5821929992849295,0.4287179308300051
1.0000000000000002,0.3898898898898898,1.0,0.9742086261925108,0.0,0.466700385440466
0.5201401050788093,0.5275275275275274,0.7525025025025025,0.5017859322950277,0.4952386765962642,0.4997854788356559
0.3795346509882413,0.542042042042042,0.7242242242242242,0.5629349285801489,0.4415368784554476,0.6617786071820988
0.4948711533650239,0.7444944944944943,0.6819319319319319,1.0,0.6817238432425833,0.4745295359017737
0.5308981736302228,0.5322822822822821,0.6609109109109108,0.3383591747039434,0.0,0.9026370406543768
0.704028021015762,0.5745745745745745,0.5753253253253253,0.4741789769258943,0.5209219177843277,0.5214713012539895
0.0,0.8283283283283283,0.0002502502502502,0.0,0.7710745243036783,0.8514379894309085
0.4921190893169879,0.6761761761761761,0.8093093093093093,0.3762980274517327,0.4683188865828348,0.0
0.4941205904428322,0.5007507507507507,0.6914414414414414,0.0,0.2768439227723808,0.4570713500880757
0.5208906680010009,0.5275275275275274,0.7527527527527527,0.5018469749027679,0.4951322880513455,0.4997558295690392
0.997247935951964,0.7469969969969968,0.2274774774774774,1.0,0.745208155292394,0.6353157646894675
1.0000000000000002,1.0,1.0,0.9777647941120045,0.0407607652998935,0.6693025446047055
0.3975481611208407,0.4942442442442442,0.7129629629629629,0.6993494602089401,0.1156600449971222,0.661305962990739
0.3522641981486115,0.5673173173173173,0.7307307307307307,0.606031009644732,0.4242618204649703,0.5526344245426165
0.5206404803602703,0.5275275275275274,0.7527527527527527,0.5018312782322061,0.4951462406474005,0.4997104836318607
0.4916187140355267,0.7249749749749749,0.5868368368368369,1.0,0.743605350820587,0.591181959293301
0.3347510632974732,0.5895895895895895,0.7885385385385384,0.5233950154350594,0.5020754486631669,0.1410851631581701
0.5203902927195397,0.5272772772772771,0.752002002002002,0.5017545389539041,0.4951619373179622,0.4997715262396009
0.5203902927195397,0.5275275275275274,0.7522522522522521,0.5017545389539041,0.4952683258628809,0.4997401328984774
0.0235176382286715,0.8150650650650649,0.3686186186186186,1.0,1.0,0.93424141479324
0.6137102827120342,0.5728228228228227,0.5973473473473473,0.4366220764951078,0.5518408706419938,0.7901512112597451
0.4788591443582688,0.6776776776776776,0.6674174174174174,1.0,0.5929678915883286,0.4293580061740237
0.2859644733550164,0.9989989989989988,0.2825325325325325,1.0,0.9285487556028392,0.160236845318032
0.5203902927195397,0.5275275275275274,0.7530030030030029,0.5018923208399463,0.4952090273296475,0.4997715262396009
0.0,0.7695195195195195,1.0,0.0,0.6732999633744353,0.9786054380243124
0.8361270953214912,0.3683683683683683,0.4982482482482482,1.0,0.0,0.5418298829726006
0.4778583937953466,0.6854354354354353,0.0918418418418419,1.0,0.0,0.0
0.0065048786589942,0.7342342342342341,0.8375875875875876,0.5514135723878124,0.5051432757207388,0.784946892931266
0.0180135101325994,0.7585085085085084,0.0858358358358358,1.0,0.4951462406474005,0.0
0.4488366274706031,0.4499499499499498,0.827077077077077,0.4705617663986605,1.0,0.2055915028690025
0.5203902927195397,0.5275275275275274,0.752002002002002,0.5018766241693845,0.4952229799257024,0.4997104836318607
0.5961971478608958,0.7565065065065064,0.8205705705705706,0.5908924429251617,0.5708408183197586,1.0
0.0,0.8003003003003002,0.1561561561561562,0.0,0.0012818947625443,0.4749725308265169
0.5439079309482113,0.4819819819819819,0.8113113113113113,0.2929591712157943,0.4338141165390585,0.4251164169733331
0.3967975981986491,1.0,0.4727227227227227,1.0,0.0,0.8890855817360517
0.6142106579934953,0.8523523523523522,1.0,0.0409142438564975,0.8272494200952265,0.967602071960514
0.5414060545409058,0.5367867867867867,0.7685185185185185,0.5289655894099796,0.5479951863543611,1.0
1.0000000000000002,0.0,0.7747747747747746,0.531925283848126,0.5057990477353193,0.0490329106859444
0.4373279959969979,0.5087587587587586,0.7084584584584583,0.6770235624465877,0.0712070739661998,0.720867851474615
0.4918689016762573,0.4371871871871871,0.7247247247247247,0.3339641069466488,1.0,0.2929591712157943
0.0,0.7645145145145145,0.2302302302302302,1.0,1.0,1.0
0.0002501876407305,0.6614114114114114,0.73998998998999,0.4478085703821267,0.4638174302806216,0.2809948200987146
0.3219914936202153,0.582082082082082,0.7630130130130129,0.5856427786595043,0.5466051589723913,0.5302160908314003
0.4470853139854892,0.4867367367367367,0.8588588588588588,0.3975548075413782,1.0,0.5075535866892233
0.7595696772579437,0.4319319319319318,0.7537537537537538,0.5211207422781101,0.5109562760521129,0.9781763956956242
0.5203902927195397,0.5277777777777777,0.7522522522522521,0.5018155815616443,0.4952840225334426,0.4996790902907372
1.0000000000000002,1.0,0.0,0.0,1.0,0.0177930481190156
0.8131098323742809,0.2477477477477477,0.7672672672672671,0.5048834086192162,0.4778118841236897,0.7063397108324467
0.597197898423818,0.9144144144144144,0.0,0.989362889582643,0.3301794652667562,1.0
0.2767075306479861,0.6764264264264264,0.7860360360360359,0.3718872630238763,0.4498683223747318,0.0
0.5611708781586191,0.4937437437437436,0.8043043043043043,1.0,0.6827162216369883,0.4442384498665783
0.9882411808856644,1.0,0.859109109109109,1.0,0.0,0.5083924865270244
0.6209657242932201,0.5267767767767767,0.7652652652652652,0.4256047578352547,1.0,0.0065629523693251
0.5203902927195397,0.5275275275275274,0.7530030030030029,0.5018609274988227,0.4951322880513455,0.4997401328984774
0.4678508881661247,0.8160660660660659,0.5938438438438438,1.0,0.7409805186877583,0.4200341838603345
0.5203902927195397,0.5275275275275274,0.7525025025025025,0.5018766241693845,0.4951933306590858,0.4997715262396009
0.5206404803602703,0.5275275275275274,0.7525025025025025,0.5018609274988227,0.495177633988524,0.499694786961299
0.5719289467100327,0.4789789789789789,0.7840340340340339,1.0,0.9281075047526032,0.4439628860944939
0.4818613960470354,0.7497497497497496,0.6053553553553553,1.0,0.6060763555819104,0.5984163803477685
0.1478608956717539,1.0,0.0,0.0,0.4155780734952997,1.0
0.521391043282462,0.6696696696696696,0.3938938938938939,1.0,0.9469086279365856,0.4372935451802501
0.4868651488616464,0.6413913913913912,0.7239739739739739,1.0,0.7343129218480213,0.4495020667282906
0.5203902927195397,0.5275275275275274,0.7515015015015014,0.5018312782322061,0.495177633988524,0.4997558295690392
0.5206404803602703,0.5272772772772771,0.7525025025025025,0.5018016289655894,0.4950712454436053,0.4996337443535588
0.4270703027270454,0.5705705705705705,0.7247247247247247,0.4958804960147897,0.6012539895704344,0.4490590718035474
0.7723292469352017,1.0,0.0142642642642643,1.0,0.796194429426025,1.5696670561837767e-05
0.4140605454090569,0.6564064064064064,0.8168168168168167,0.5303224793763189,0.5039224235659348,0.0
0.2814610958218665,0.6276276276276276,0.7239739739739739,0.6547587072919755,0.7070408287842056,1.0
0.4290718038528898,1.0,0.542042042042042,1.0,0.9985803233514134,0.0
0.6594946209657244,0.7174674674674674,0.6674174174174174,0.4776584055670858,0.4940021277708983,1.0
0.5201401050788093,0.5275275275275274,0.7522522522522521,0.5018016289655894,0.4952386765962642,0.4997104836318607
0.9659744808606456,0.6869369369369368,0.0673173173173173,0.5368540384045206,1.0,0.6726581439559098
0.6654991243432576,0.6346346346346345,0.7752752752752752,0.5359087500218009,0.3315834452447809,0.7360203707902402
0.1601200900675507,0.7552552552552552,0.0,0.1028114481050631,0.9463278511258,0.6134939044595985
0.4861145859394547,0.7772772772772771,0.5095095095095095,0.0,0.3119887681601758,0.4649161972199452
0.0017513134851139,1.0,0.0955955955955956,0.0,0.091563911610304,0.0
0.4655991993995498,0.3333333333333332,0.6659159159159158,0.0811866682944695,0.4480370441425257,0.45482847027225
0.5001250938203654,0.4254254254254253,0.7635135135135135,0.6101819069710658,0.500687165355704,0.5110783612675933
0.0,0.6526526526526526,0.3908908908908909,0.8643929748678862,0.5761497811186493,0.9995570050752568
0.7160370277708283,0.7605105105105103,0.0,0.3956781833719937,0.3274935905261873,0.3521705007237909
0.5206404803602703,0.5275275275275274,0.7525025025025025,0.5018155815616443,0.4952090273296475,0.4997854788356559
0.3847885914435828,0.5623123123123122,0.8388388388388388,0.533222875281232,0.976650330502119,0.1731168355512147
0.482611958969227,0.7585085085085084,0.5257757757757757,0.0,0.3590072727906936,0.4671294277691543
0.4831123342506881,0.4929929929929929,0.8883883883883883,0.3099290161675707,1.0,0.161457697472836
0.5208906680010009,0.5285285285285284,0.7530030030030029,0.5018469749027679,0.4951322880513455,0.499694786961299
0.654741055791844,0.5435435435435434,0.7422422422422421,0.4970996040950869,0.4624134503025969,0.3840504386347385
0.0,1.0,0.1676676676676677,0.0,0.0526187278720547,1.0
0.4836127095321492,0.6866866866866865,0.535035035035035,0.0,0.3712611402759126,0.4569353122765404
0.0,1.0,0.0,0.0398294295132288,0.9998011755062176,1.0
0.4723542656992746,1.0,1.0,0.0,0.9184470760590892,0.7939358529396375
0.4901175881911435,0.5578078078078077,0.7602602602602602,0.3926713989221619,0.5467272441878717,0.5180843085616618
0.6942707030272706,0.5835835835835835,0.5265265265265265,0.5123759527006994,0.201730121910808,0.627929609152903
0.5203902927195397,0.528028028028028,0.7525025025025025,0.5017859322950277,0.4951933306590858,0.4996790902907372
0.5328996747560671,0.6789289289289289,0.7577577577577577,0.4695693880042555,0.3561068768857806,0.0
0.714535901926445,0.6206206206206205,0.7264764764764764,0.4556377208434344,0.5038003383504543,1.0
0.4390793094821117,0.7119619619619618,0.7114614614614614,0.3304532849643337,0.2716553011144637,0.0
0.5206404803602703,0.5277777777777777,0.7527527527527527,0.5018312782322061,0.4951165913807838,0.4997715262396009
0.4485864398298725,0.3591091091091091,0.8303303303303302,0.1191098243716972,0.6080297190295969,0.4573469138601601
0.5206404803602703,0.528028028028028,0.7527527527527527,0.5018312782322061,0.4951322880513455,0.4997854788356559
0.4713535151363524,0.4892392392392392,0.6656656656656657,0.0014493259152031,0.3689258245112231,0.4230409683101662
0.6272204153114838,0.4657157157157156,0.7187187187187187,0.4213474719640023,1.0,0.2424158920069065
1.0000000000000002,1.0,0.0,0.9982751103127124,0.0782112771857613,0.4916371627395922
0.5851888916687518,0.8883883883883883,0.5683183183183182,0.3649737516786717,0.462246019149938,0.0
0.4420815611708782,0.5047547547547546,0.772022022022022,0.4829534157699217,0.9866473655754572,0.3326665155135427
0.5208906680010009,0.5275275275275274,0.7522522522522521,0.5018609274988227,0.4951933306590858,0.4997261803024225
0.5253940455341507,0.7144644644644643,0.6401401401401401,0.3949299754085494,0.5026091354622669,0.0
0.5201401050788093,0.5275275275275274,0.7522522522522521,0.5018766241693845,0.4951933306590858,0.4997715262396009
0.3950462847135352,0.5290290290290289,0.6589089089089089,0.5704274726616321,0.0,0.7496189197202504
0.9139354515886916,0.5105105105105104,0.7612612612612613,0.4995570050752568,0.4674799867450337,0.3101260965868462
0.495371528646485,0.7159659659659658,0.4782282282282282,0.0,0.3062961089697752,0.444419833615292
0.5436577433074807,0.5447947947947946,0.752002002002002,0.5066989901808605,0.4992831853776793,0.5533355424943753
0.5203902927195397,0.5275275275275274,0.7522522522522521,0.5018155815616443,0.4952683258628809,0.4997104836318607
0.4568426319739806,0.5693193193193192,0.8133133133133132,0.5623698484399253,0.9991907494288156,0.1501491183703368
0.7388041030773081,1.0,0.0,0.0,1.0,0.5089889600083716
0.32874655991994,0.532032032032032,0.8566066066066065,0.5889094302108586,0.5818267436384883,0.4054293039398643
0.0,0.7860360360360359,0.521021021021021,0.0,0.2780647749271849,1.0
0.3299974981235928,0.6328828828828827,0.9039039039039038,0.5039224235659348,0.9967647417897691,0.2157088790833145
0.8974230673004755,0.5918418418418417,0.0,0.0696339187610095,0.998001290615135,0.4489683799291906
0.6619964973730299,0.5665665665665665,0.7565065065065064,0.5605996128154594,0.4862357639918377,1.0
0.5201401050788093,0.5277777777777777,0.7525025025025025,0.5018609274988227,0.4952386765962642,0.4996790902907372
0.6339754816112085,0.5688188188188187,0.535035035035035,0.6099830824772834,0.1526518652876851,0.6758637528995238
0.224168126094571,0.8415915915915915,0.6594094094094094,0.4805431048014371,0.4873955735389015,1.0
0.5434075556667501,0.5613113113113112,0.853103103103103,0.0,0.257767235816314,0.6396811831801454
0.2094070552914687,0.6616616616616615,0.6406406406406406,0.0,0.0627518007569283,0.4613896785670683
0.5196397297973482,0.5290290290290289,0.7527527527527527,0.5020457993965503,0.4950555487730436,0.4997715262396009
0.5258944208156119,0.4301801801801801,0.7572572572572571,0.4962607042572858,0.4978949020702164,0.5085616617541902
0.2386790092569428,0.5265265265265264,0.585085085085085,0.6278389172785461,0.0409142438564975,0.703409665660917
0.9977483112334252,0.8418418418418416,0.7577577577577577,0.4549959014249088,0.4423914749638105,0.0
0.5303977983487617,0.4759759759759759,0.72997997997998,0.9728517362261716,0.4972234333850742,0.4798855887123497
0.8416312234175634,1.0,1.0,0.0,1.0,0.77713343914052
0.6389792344258195,1.0,0.0943443443443443,0.0,1.0,0.2360971100685421
0.4613460095071304,0.7387387387387386,0.6376376376376376,1.0,0.6702024870502468,0.5337112161431536
0.2371778834125595,0.5147647647647646,0.6486486486486486,0.6278075239374226,0.4253762840748556,0.5665660917034375
0.5303977983487617,0.7597597597597596,0.5017517517517517,1.0,0.6895076477667126,0.5851840870641993
0.9979984988741558,0.8523523523523522,0.0,0.9866630622460192,0.000151734482097,0.5096133386818285
0.0482862146609958,1.0,0.251001001001001,0.0,6.104260774025816e-05,0.240157315520519
0.4933700275206406,0.6616616616616615,0.7695195195195195,1.0,0.7142595531681113,0.4929957967804385
0.5203902927195397,0.5275275275275274,0.7525025025025025,0.5018609274988227,0.4952386765962642,0.499694786961299
0.3067300475356518,0.634134134134134,0.4474474474474474,0.0,0.0,0.0
0.4836127095321492,0.6964464464464464,0.4754754754754755,0.4849835184959101,0.468379929190575,0.625397212968938
0.5206404803602703,0.5275275275275274,0.7525025025025025,0.5018469749027679,0.495177633988524,0.4997558295690392
0.461596197147861,0.7189689689689689,0.6206206206206206,1.0,0.7398364058112562,0.4453825627430804
0.5564173129847387,0.4972472472472471,0.1781781781781782,1.0,1.0,0.187644976193383
0.5206404803602703,0.5275275275275274,0.7532532532532532,0.5017545389539041,0.4952090273296475,0.4997104836318607
0.0,0.6106106106106105,0.4341841841841841,0.0,0.1215201353401818,0.7510682456354536
0.6577433074806106,0.5995995995995995,0.5518018018018018,0.5306730383521984,0.7435600048834086,0.5130020754486632
0.5203902927195397,0.5277777777777777,0.7525025025025025,0.5017859322950277,0.4951933306590858,0.4997104836318607
0.161621215911934,0.7054554554554553,0.1061061061061061,0.0,0.5454313968292726,0.0013882833074628
0.6229672254190645,0.5550550550550549,0.7647647647647646,0.4988401904529361,0.5235171006505398,1.0
0.443332499374531,0.669169169169169,0.664914914914915,1.0,0.5815529239409107,0.5253483788827459
0.4856142106579936,0.7760260260260259,0.6293793793793794,0.0,0.283877775258559,0.4488776880548337
0.5791843882912185,0.7675175175175174,0.4421921921921922,1.0,0.9648394579416432,0.3969757748050997
0.6707530647985991,1.0,0.6541541541541541,1.0,0.995100894710222,0.0
0.5203902927195397,0.5272772772772771,0.7527527527527527,0.5018766241693845,0.4951322880513455,0.4998011755062176
0.5056292219164374,0.6704204204204203,0.4224224224224224,0.5266599229119068,0.5762875630046915,0.4719500497061235
0.3950462847135352,0.812062062062062,0.6691691691691691,0.7164884803878822,0.5152903012016673,1.0
0.0,0.8105605605605604,0.246996996996997,0.0,0.1412822435774456,0.877349704379371
0.5411558669001753,0.4842342342342342,0.8028028028028027,0.6594746847585329,0.559028201684776,0.4435198911697507
0.5481611208406306,1.0,0.0,0.0,1.0,1.0
0.5203902927195397,0.5275275275275274,0.7522522522522521,0.5018312782322061,0.4952386765962642,0.4997401328984774
0.6637478108581438,0.5297797797797796,0.5798298298298298,0.5422257878856585,0.2097110068542128,0.5599595374714408
0.6569927445584189,0.4436936936936936,0.7525025025025025,0.5034951253117533,0.5077070652458273,0.7847794617786071
0.5293970477858395,0.5237737737737737,0.7417417417417417,0.4846015661789071,0.4761480370441425,0.4546610391195912
0.4625969477107832,0.7289789789789789,0.6006006006006006,0.0,0.2667561958246856,0.4301986500863317
0.2274205654240681,0.3733733733733733,0.0,0.0324903639883496,1.0,0.9035683764410416
0.4956217162872155,0.7149649649649649,0.6203703703703703,1.0,0.720562638435914,0.5448506200184872
0.4808606454841132,0.4692192192192191,0.7597597597597596,0.3829656242914697,0.4499747109196504,0.5137188900709838
0.6317237928446336,0.5638138138138137,0.6048548548548548,0.4928737115649581,0.0,0.8440204405532205
0.3805354015511635,0.5355355355355355,0.6989489489489489,0.6509130230043427,0.3284859689205923,0.5969810070286202
0.354766074555917,0.7117117117117115,0.5978478478478478,0.5520379510612693,0.5025794861956503,1.0
0.0,1.0,0.3025525525525525,1.0,0.3460051973420304,0.0
0.4493370027520642,0.6901901901901901,0.6373873873873874,0.3961351308927917,0.462793658545093,0.0
0.5203902927195397,0.5275275275275274,0.7522522522522521,0.5018312782322061,0.4952090273296475,0.4997261803024225
0.4678508881661247,0.7437437437437436,0.7705205205205206,0.0,0.0082407520449274,0.5413554947067338
0.4746059544658495,0.4799799799799799,0.6876876876876876,0.0,0.470669899018086,0.3531471824476342
0.5206404803602703,0.5275275275275274,0.7530030030030029,0.5019219701065629,0.495177633988524,0.4997401328984774
1.0000000000000002,0.9659659659659658,1.0,1.0,0.0,0.3975251582747615
0.5203902927195397,0.5277777777777777,0.7532532532532532,0.5019080175105081,0.4951322880513455,0.4997558295690392
0.1343507630723043,0.6721721721721721,0.0277777777777778,1.0,0.6604496224078693,0.1627395922353803
0.404053039779835,0.5337837837837837,0.7337337337337337,0.5453389608804088,0.0,0.7899523867659626
0.5201401050788093,0.7122122122122121,0.4261761761761762,1.0,1.0,0.2793623663602909
0.4660995746810109,0.7074574574574574,0.6844344344344344,1.0,0.7129166157978268,0.54111306835028
0.4803602702026521,0.7202202202202201,0.4954954954954955,1.0,0.6736505223503149,0.5119033085093395
0.6870152614460847,0.572072072072072,0.5985985985985985,0.4421473045328496,0.3107068733976316,0.6874304550290389
0.4703527645734302,0.7830330330330328,0.5943443443443444,0.0,0.3269599037270873,0.5233950154350594
0.4813610207655743,0.6556556556556555,0.6393893893893894,0.3518652876850899,0.4634965205713588,0.0
0.352014010507881,0.5845845845845845,0.6904404404404404,0.5921132950799658,0.4091842963531402,0.5950886861886739
0.5206404803602703,0.5275275275275274,0.7522522522522521,0.5018609274988227,0.495177633988524,0.4997261803024225
0.474355766825119,0.4782282282282281,0.80005005005005,0.5306433890855817,0.999312834644296,0.320473690636064
0.5221416062046537,0.5157657657657657,0.7510010010010009,0.7649092209219177,0.5315136822645063,0.5047316741371192
0.5201401050788093,0.5275275275275274,0.752002002002002,0.5018155815616443,0.4952229799257024,0.4996494410241205
0.5208906680010009,0.5277777777777777,0.7527527527527527,0.5017859322950277,0.4950712454436053,0.4997401328984774
0.4565924443332501,0.9119119119119118,0.0,0.5755550517118091,1.0,1.0
0.5203902927195397,0.5275275275275274,0.752002002002002,0.5017545389539041,0.4951933306590858,0.4997104836318607
0.3244933700275207,0.5495495495495495,0.7630130130130129,0.5493677729912622,0.6824720512060275,0.3815319950468284
0.4088066049537154,0.5440440440440439,0.6966966966966966,0.7155571446012173,0.0119643511170797,0.6395277046235415
0.620465349011759,0.5157657657657657,0.7464964964964964,0.4901721401538274,0.512482341245618,0.848492247588817
0.0005003752814611,1.0,0.2595095095095095,0.0,0.0,0.0
0.5206404803602703,0.5275275275275274,0.7525025025025025,0.5018312782322061,0.495177633988524,0.4997261803024225
0.4808606454841132,0.6423923923923922,0.4011511511511511,0.6146676666027173,0.5448506200184872,0.6551389155344716
0.503127345509132,0.6166166166166165,0.7494994994994995,0.5292847550447355,0.5297730959066571,1.0
0.8203652739554668,0.6378878878878878,0.7219719719719719,0.5026091354622669,0.5202347524286237,1.0
0.555166374781086,0.4149149149149148,0.7244744744744744,0.4504334025149554,0.4056891710413869,0.5155048223660115
0.6524893670252692,0.5905905905905905,0.8465965965965965,0.4312660236845318,1.0,0.2264523780455901
0.5203902927195397,0.528028028028028,0.7527527527527527,0.5018609274988227,0.4951619373179622,0.4997261803024225
0.5203902927195397,0.5275275275275274,0.752002002002002,0.5018609274988227,0.4952090273296475,0.4997261803024225
0.8538904178133602,0.3333333333333332,0.788038038038038,0.5076146292969635,0.4925074559185168,0.3161396654865096
0.4671003252439331,0.4899899899899899,0.6308808808808808,0.6051310671991907,0.0,0.7320386486910722
0.2879659744808607,0.6158658658658658,0.7895395395395395,0.5063937771421595,0.4961543157123672,0.1530791635418665
0.4640980735551665,0.5933433433433433,0.7349849849849849,1.0,0.6177354936602891,0.4460226380870991
0.5206404803602703,0.5275275275275274,0.7527527527527527,0.5019080175105081,0.4952090273296475,0.499694786961299
0.4983737803352516,0.7762762762762762,0.5065065065065065,0.0,0.3214050264227288,0.4681357587596142
0.0,0.6076076076076075,0.993993993993994,0.0225700681933131,0.0198074541744424,0.2572631982838307
0.7455591693770329,0.5475475475475474,0.6386386386386387,0.4946596438599857,0.8353680869246733,0.4792612100388929
0.1991493620215162,0.5988488488488487,0.7409909909909909,0.5162530303294557,0.4994349198597764,0.8864450529326613
1.0000000000000002,0.8928928928928928,1.0,0.8920609728447599,1.0,0.9997715262396007
0.5206404803602703,0.5275275275275274,0.7530030030030029,0.5018016289655894,0.4951619373179622,0.4998325688473412
0.696772579434576,1.0,0.8686186186186186,0.0,0.9900047090011684,1.0
0.4550913184888668,0.6944444444444443,0.6041041041041041,1.0,0.769487416502433,0.5205556621378865
0.4863647735801852,0.751251251251251,0.5147647647647647,0.999909308125643,0.6924969914714756,0.5523449081744772
0.4185639229422068,0.4759759759759759,0.848098098098098,0.6767793920156269,1.0,0.2555243560004883
0.599449587190393,0.5503003003003002,0.5077577577577578,0.3209777281685473,0.0,0.6990756405113626
0.6272204153114838,0.8245745745745745,0.4802302302302302,0.0,1.0,0.4399340739836406
0.5206404803602703,0.4899899899899899,0.8503503503503502,0.2446134258855538,1.0,0.3156966705617664
0.521391043282462,0.8998998998998997,0.6561561561561561,0.6044752951846103,0.6038038264994681,1.0
0.5206404803602703,0.5275275275275274,0.7527527527527527,0.5017859322950277,0.4951933306590858,0.4997854788356559
0.4968726544908682,0.6889389389389389,0.5983483483483483,1.0,0.712672445366866,0.5955316811134171
0.4655991993995498,0.412162162162162,0.8643643643643644,0.0426687828104016,0.4643668137502834,0.4748504456110365
0.0,1.0,0.0,0.8388178662992483,0.3226712245147113,0.2387986814796728
0.5146359769827372,0.5698198198198198,0.816066066066066,0.0725343146659225,0.4280464621448628,0.4573155205190365
0.4590943207405555,0.4954954954954954,0.6636636636636637,0.461635593072536,0.0,0.7300399393062071
0.5131348511383539,0.903153153153153,0.6759259259259258,0.0,0.8032439785827651,1.0
0.5203902927195397,0.5275275275275274,0.7522522522522521,0.5017405863578492,0.4952229799257024,0.4997104836318607
0.9096822616962724,0.3218218218218217,0.7502502502502502,0.5184959101452814,0.5099952909988315,0.0140241031096848
1.0000000000000002,0.9359359359359358,1.0,0.2850532814761847,0.7431780525664057,0.960794949160228
0.7075306479859896,0.5705705705705705,0.7319819819819819,0.4731569492648726,0.4934684409717983,0.0
0.4888666499874907,0.7139639639639639,1.0,0.2052095505519995,0.8275092871967491,0.4230095749690427
0.5206404803602703,0.5275275275275274,0.7527527527527527,0.5018155815616443,0.495177633988524,0.4997261803024225
0.5991993995496624,0.5838338338338337,0.5578078078078078,0.5105603711390551,0.0,0.730831749132323
0.5203902927195397,0.5272772772772771,0.7522522522522521,0.5018923208399463,0.4952997192040044,0.4997104836318607
0.5531648736552416,0.5215215215215214,0.6636636636636637,0.3944119852800112,0.0,0.7525018748800949
0.4813610207655743,0.7034534534534533,0.5455455455455456,0.7926086122399149,0.6111271953537856,0.5486056124317631
0.5233925444083064,0.7675175175175174,0.5232732732732732,1.0,0.6812198057101,0.4373859811291138
0.32874655991994,0.5417917917917917,0.852102102102102,0.4756126061705356,1.0,0.3093639360273471
